,Biomass,Fossil Gas,Fossil Hard coal,Fossil Oil,Hydro Pumped Storage,Hydro Run-of-river and poundage,Nuclear,Other,Solar,Wind Offshore,Wind Onshore
2020-12-31 23:00:00+00:00,3118.0,11911.0,0.0,0.0,0.0,434.0,5948.0,183.0,0.0,1884.0,3155.0
2020-12-31 23:30:00+00:00,3115.0,11314.0,0.0,0.0,0.0,412.0,5960.0,183.0,0.0,1793.0,3165.0
2021-01-01 00:00:00+00:00,3116.0,11268.0,0.0,0.0,0.0,385.0,5949.0,191.0,0.0,1589.0,3146.0
2021-01-01 00:30:00+00:00,3118.0,11526.0,0.0,0.0,0.0,382.0,5956.0,187.0,1.0,1451.0,3073.0
2021-01-01 01:00:00+00:00,3087.0,11240.0,0.0,0.0,0.0,349.0,5948.0,186.0,1.0,1403.0,3020.0
2021-01-01 01:30:00+00:00,3117.0,10365.0,0.0,0.0,0.0,334.0,5950.0,187.0,0.0,1425.0,2885.0
2021-01-01 02:00:00+00:00,3113.0,10020.0,0.0,0.0,0.0,330.0,5949.0,187.0,0.0,1488.0,2818.0
2021-01-01 02:30:00+00:00,3111.0,9324.0,0.0,0.0,0.0,327.0,5957.0,192.0,1.0,1703.0,2745.0
2021-01-01 03:00:00+00:00,3116.0,9270.0,0.0,0.0,0.0,328.0,5945.0,200.0,1.0,1846.0,2833.0
2021-01-01 03:30:00+00:00,3116.0,8891.0,0.0,0.0,0.0,316.0,5951.0,206.0,1.0,1803.0,2837.0
2021-01-01 04:00:00+00:00,3115.0,8440.0,0.0,0.0,0.0,315.0,5945.0,194.0,0.0,1965.0,2818.0
2021-01-01 04:30:00+00:00,3118.0,8081.0,0.0,0.0,0.0,315.0,5950.0,186.0,0.0,1863.0,2857.0
2021-01-01 05:00:00+00:00,3121.0,7895.0,0.0,0.0,0.0,314.0,5948.0,184.0,0.0,1974.0,2948.0
2021-01-01 05:30:00+00:00,3117.0,7601.0,0.0,0.0,0.0,314.0,5943.0,183.0,0.0,1979.0,2995.0
2021-01-01 06:00:00+00:00,3119.0,7867.0,0.0,0.0,0.0,316.0,5945.0,182.0,0.0,2055.0,2931.0
2021-01-01 06:30:00+00:00,3119.0,8449.0,0.0,0.0,0.0,335.0,5945.0,191.0,0.0,1988.0,2996.0
2021-01-01 07:00:00+00:00,3114.0,8141.0,0.0,0.0,0.0,383.0,5955.0,188.0,0.0,2029.0,3034.0
2021-01-01 07:30:00+00:00,3112.0,8267.0,0.0,0.0,0.0,388.0,5951.0,183.0,0.0,2213.0,3021.0
2021-01-01 08:00:00+00:00,3113.0,8536.0,0.0,0.0,0.0,401.0,5941.0,192.0,1.0,2267.0,3023.0
2021-01-01 08:30:00+00:00,3118.0,8937.0,228.0,0.0,0.0,402.0,5953.0,197.0,29.0,2398.0,3099.0
2021-01-01 09:00:00+00:00,3112.0,9939.0,202.0,0.0,0.0,419.0,5945.0,186.0,150.0,59.0,1176.0
2021-01-01 09:30:00+00:00,3118.0,10743.0,564.0,0.0,0.0,419.0,5960.0,184.0,307.0,2378.0,3126.0
2021-01-01 10:00:00+00:00,3113.0,12052.0,644.0,0.0,0.0,426.0,5958.0,185.0,469.0,2429.0,3001.0
2021-01-01 10:30:00+00:00,3117.0,13136.0,725.0,0.0,0.0,426.0,5946.0,183.0,678.0,2404.0,2877.0
2021-01-01 11:00:00+00:00,3116.0,14431.0,549.0,0.0,0.0,418.0,5933.0,193.0,830.0,2422.0,2867.0
2021-01-01 11:30:00+00:00,3112.0,15345.0,462.0,0.0,0.0,413.0,5939.0,183.0,886.0,2422.0,2771.0
2021-01-01 12:00:00+00:00,3112.0,16123.0,466.0,0.0,0.0,402.0,5931.0,183.0,964.0,2380.0,2678.0
2021-01-01 12:30:00+00:00,3115.0,16610.0,721.0,0.0,0.0,412.0,5938.0,184.0,1010.0,2442.0,2676.0
2021-01-01 13:00:00+00:00,3102.0,16711.0,940.0,0.0,0.0,430.0,5927.0,190.0,985.0,2380.0,2789.0
2021-01-01 13:30:00+00:00,3114.0,16477.0,1372.0,0.0,0.0,431.0,5928.0,186.0,878.0,2369.0,2625.0
2021-01-01 14:00:00+00:00,3107.0,16643.0,1453.0,0.0,0.0,395.0,5924.0,186.0,665.0,2426.0,2506.0
2021-01-01 14:30:00+00:00,3102.0,16943.0,1332.0,0.0,0.0,395.0,5930.0,184.0,400.0,2426.0,2430.0
2021-01-01 15:00:00+00:00,3076.0,17381.0,1208.0,0.0,0.0,439.0,5923.0,185.0,165.0,2181.0,2362.0
2021-01-01 15:30:00+00:00,3079.0,18061.0,1201.0,0.0,0.0,457.0,5928.0,256.0,37.0,2204.0,2318.0
2021-01-01 16:00:00+00:00,3074.0,18581.0,981.0,0.0,339.0,590.0,5933.0,345.0,3.0,2276.0,2319.0
2021-01-01 16:30:00+00:00,3077.0,19683.0,1143.0,0.0,899.0,601.0,5922.0,400.0,2.0,2427.0,2306.0
2021-01-01 17:00:00+00:00,3076.0,20367.0,1433.0,0.0,1291.0,662.0,5937.0,414.0,0.0,2412.0,2283.0
2021-01-01 17:30:00+00:00,3080.0,20537.0,1447.0,0.0,1075.0,666.0,5929.0,503.0,0.0,2269.0,2339.0
2021-01-01 18:00:00+00:00,3076.0,20213.0,1455.0,0.0,899.0,627.0,5931.0,466.0,2.0,2263.0,2272.0
2021-01-01 18:30:00+00:00,3077.0,19833.0,1131.0,0.0,900.0,623.0,5926.0,340.0,1.0,2178.0,2139.0
2021-01-01 19:00:00+00:00,3047.0,19550.0,1170.0,0.0,334.0,522.0,5931.0,325.0,0.0,2182.0,2087.0
2021-01-01 19:30:00+00:00,3040.0,18727.0,1162.0,0.0,0.0,517.0,5933.0,296.0,0.0,2107.0,1987.0
2021-01-01 20:00:00+00:00,3051.0,18183.0,903.0,0.0,0.0,489.0,5937.0,233.0,1.0,2046.0,1951.0
2021-01-01 20:30:00+00:00,3047.0,17340.0,618.0,0.0,0.0,482.0,5932.0,199.0,1.0,1889.0,1890.0
2021-01-01 21:00:00+00:00,3074.0,16688.0,476.0,0.0,151.0,482.0,5927.0,194.0,0.0,1819.0,1882.0
2021-01-01 21:30:00+00:00,3083.0,15488.0,483.0,0.0,89.0,440.0,5927.0,189.0,0.0,40.0,1007.0
2021-01-01 22:00:00+00:00,3085.0,14673.0,240.0,0.0,0.0,425.0,5923.0,188.0,0.0,2045.0,1827.0
2021-01-01 22:30:00+00:00,2921.0,13769.0,0.0,0.0,0.0,449.0,5921.0,184.0,0.0,2069.0,1803.0
2021-01-01 23:00:00+00:00,2465.0,12340.0,0.0,0.0,49.0,418.0,5925.0,192.0,0.0,2354.0,1746.0
2021-01-01 23:30:00+00:00,2464.0,11521.0,0.0,0.0,0.0,405.0,5927.0,184.0,0.0,2128.0,1719.0
2021-01-02 00:00:00+00:00,2466.0,11176.0,0.0,0.0,0.0,374.0,5923.0,196.0,0.0,2063.0,1755.0
2021-01-02 00:30:00+00:00,2467.0,11235.0,0.0,0.0,0.0,361.0,5929.0,188.0,0.0,2254.0,1736.0
2021-01-02 01:00:00+00:00,2456.0,11461.0,0.0,0.0,116.0,337.0,5919.0,199.0,0.0,2159.0,1753.0
2021-01-02 01:30:00+00:00,2463.0,10885.0,0.0,0.0,0.0,337.0,5932.0,187.0,0.0,2132.0,1760.0
2021-01-02 02:00:00+00:00,2481.0,10643.0,0.0,0.0,0.0,337.0,5928.0,188.0,0.0,2220.0,1688.0
2021-01-02 02:30:00+00:00,2484.0,10056.0,0.0,0.0,0.0,306.0,5928.0,194.0,0.0,2206.0,1743.0
2021-01-02 03:00:00+00:00,2443.0,10249.0,0.0,0.0,0.0,315.0,5933.0,196.0,0.0,2157.0,1760.0
2021-01-02 03:30:00+00:00,2484.0,9950.0,0.0,0.0,0.0,312.0,5933.0,184.0,0.0,2290.0,1678.0
2021-01-02 04:00:00+00:00,2494.0,9797.0,0.0,0.0,0.0,310.0,5933.0,190.0,0.0,2184.0,1681.0
2021-01-02 04:30:00+00:00,2491.0,9496.0,0.0,0.0,0.0,280.0,5929.0,185.0,0.0,2223.0,1734.0
2021-01-02 05:00:00+00:00,2497.0,9643.0,0.0,0.0,0.0,295.0,5925.0,186.0,0.0,2092.0,1631.0
2021-01-02 05:30:00+00:00,2498.0,9536.0,0.0,0.0,0.0,291.0,5930.0,183.0,0.0,2373.0,1605.0
2021-01-02 06:00:00+00:00,2498.0,9998.0,0.0,0.0,0.0,301.0,5927.0,183.0,0.0,2629.0,1639.0
2021-01-02 06:30:00+00:00,2496.0,10240.0,0.0,0.0,0.0,318.0,5923.0,184.0,0.0,2521.0,1699.0
2021-01-02 07:00:00+00:00,2491.0,10887.0,28.0,0.0,0.0,322.0,5929.0,183.0,0.0,97.0,866.0
2021-01-02 07:30:00+00:00,2434.0,11193.0,252.0,0.0,0.0,322.0,5926.0,183.0,0.0,2653.0,1667.0
2021-01-02 08:00:00+00:00,2420.0,12008.0,230.0,0.0,0.0,338.0,5928.0,183.0,4.0,2640.0,1585.0
2021-01-02 08:30:00+00:00,2479.0,13789.0,249.0,0.0,0.0,360.0,5918.0,205.0,170.0,2207.0,1576.0
2021-01-02 09:00:00+00:00,2474.0,14960.0,459.0,0.0,0.0,383.0,5925.0,184.0,623.0,2266.0,1591.0
2021-01-02 09:30:00+00:00,2482.0,15282.0,1054.0,0.0,173.0,373.0,5924.0,208.0,1140.0,2394.0,1648.0
2021-01-02 10:00:00+00:00,2481.0,15818.0,1208.0,0.0,0.0,413.0,5932.0,201.0,1500.0,2542.0,1584.0
2021-01-02 10:30:00+00:00,2483.0,16741.0,1309.0,0.0,0.0,421.0,5921.0,202.0,1780.0,2193.0,1560.0
2021-01-02 11:00:00+00:00,2484.0,17170.0,1447.0,0.0,220.0,414.0,5936.0,199.0,1990.0,2131.0,1599.0
2021-01-02 11:30:00+00:00,2491.0,17653.0,1494.0,0.0,252.0,408.0,5932.0,188.0,1880.0,2087.0,1618.0
2021-01-02 12:00:00+00:00,2489.0,17751.0,1510.0,0.0,389.0,436.0,5930.0,198.0,1760.0,1976.0,1622.0
2021-01-02 12:30:00+00:00,2492.0,17927.0,1537.0,0.0,478.0,433.0,5930.0,322.0,1630.0,1934.0,1621.0
2021-01-02 13:00:00+00:00,2450.0,18299.0,1506.0,0.0,301.0,433.0,5922.0,330.0,1360.0,1953.0,1704.0
2021-01-02 13:30:00+00:00,2468.0,18771.0,1609.0,0.0,90.0,432.0,5926.0,325.0,1080.0,1773.0,1797.0
2021-01-02 14:00:00+00:00,2463.0,19075.0,1626.0,0.0,0.0,427.0,5934.0,233.0,691.0,1655.0,1804.0
2021-01-02 14:30:00+00:00,2462.0,19065.0,1739.0,0.0,0.0,413.0,5926.0,185.0,419.0,1785.0,1818.0
2021-01-02 15:00:00+00:00,2465.0,19562.0,1912.0,0.0,0.0,435.0,5926.0,186.0,195.0,1959.0,1913.0
2021-01-02 15:30:00+00:00,2464.0,20090.0,1965.0,0.0,0.0,444.0,5922.0,185.0,37.0,1957.0,1949.0
2021-01-02 16:00:00+00:00,2469.0,20745.0,2010.0,0.0,0.0,507.0,5928.0,197.0,1.0,1864.0,2045.0
2021-01-02 16:30:00+00:00,2435.0,21392.0,1998.0,0.0,1092.0,545.0,5928.0,515.0,0.0,1759.0,1985.0
2021-01-02 17:00:00+00:00,2456.0,22012.0,2139.0,0.0,1196.0,659.0,5928.0,529.0,2.0,1857.0,2132.0
2021-01-02 17:30:00+00:00,2465.0,22140.0,2148.0,0.0,1559.0,663.0,5925.0,533.0,1.0,1823.0,2176.0
2021-01-02 18:00:00+00:00,2467.0,22051.0,2106.0,0.0,1079.0,620.0,5941.0,514.0,0.0,1780.0,2186.0
2021-01-02 18:30:00+00:00,2468.0,21354.0,2118.0,0.0,900.0,619.0,5936.0,459.0,0.0,1798.0,2204.0
2021-01-02 19:00:00+00:00,2464.0,21301.0,1718.0,0.0,552.0,544.0,5933.0,348.0,0.0,1891.0,2305.0
2021-01-02 19:30:00+00:00,2459.0,20747.0,1268.0,0.0,0.0,519.0,5935.0,200.0,1.0,2054.0,2359.0
2021-01-02 20:00:00+00:00,2459.0,19783.0,1206.0,0.0,0.0,438.0,5934.0,164.0,1.0,1851.0,2424.0
2021-01-02 20:30:00+00:00,2392.0,18403.0,1273.0,0.0,0.0,422.0,5935.0,166.0,2.0,1991.0,2503.0
2021-01-02 21:00:00+00:00,2375.0,17744.0,955.0,0.0,0.0,404.0,5939.0,165.0,0.0,2025.0,2562.0
2021-01-02 21:30:00+00:00,2374.0,16258.0,615.0,0.0,0.0,405.0,5933.0,179.0,0.0,2182.0,2624.0
2021-01-02 22:00:00+00:00,2375.0,15273.0,235.0,0.0,0.0,371.0,5931.0,165.0,1.0,2163.0,2621.0
2021-01-02 22:30:00+00:00,2373.0,13974.0,0.0,0.0,0.0,360.0,5939.0,165.0,0.0,2157.0,2667.0
2021-01-02 23:00:00+00:00,2355.0,12442.0,0.0,0.0,0.0,339.0,5922.0,150.0,0.0,2224.0,2589.0
2021-01-02 23:30:00+00:00,2352.0,11300.0,0.0,0.0,0.0,347.0,5928.0,144.0,0.0,2293.0,2567.0
2021-01-03 00:00:00+00:00,2350.0,10659.0,0.0,0.0,0.0,292.0,5941.0,145.0,0.0,2316.0,2551.0
2021-01-03 00:30:00+00:00,2353.0,10237.0,0.0,0.0,0.0,293.0,5921.0,164.0,0.0,2279.0,2623.0
2021-01-03 01:00:00+00:00,2363.0,10426.0,0.0,0.0,0.0,277.0,5935.0,156.0,0.0,2334.0,2580.0
2021-01-03 01:30:00+00:00,2366.0,9675.0,0.0,0.0,0.0,277.0,5924.0,163.0,0.0,2309.0,2631.0
2021-01-03 02:00:00+00:00,2371.0,8935.0,0.0,0.0,0.0,274.0,5929.0,164.0,0.0,2403.0,2603.0
2021-01-03 02:30:00+00:00,2367.0,8605.0,0.0,0.0,0.0,271.0,5937.0,164.0,0.0,2300.0,2554.0
2021-01-03 03:00:00+00:00,2369.0,8487.0,0.0,0.0,0.0,271.0,5927.0,185.0,0.0,2468.0,2533.0
2021-01-03 03:30:00+00:00,2368.0,7472.0,0.0,0.0,0.0,256.0,5941.0,165.0,0.0,2933.0,2512.0
2021-01-03 04:00:00+00:00,2391.0,8011.0,0.0,0.0,0.0,270.0,5933.0,165.0,0.0,2882.0,2541.0
2021-01-03 04:30:00+00:00,2394.0,7544.0,0.0,0.0,0.0,270.0,5934.0,171.0,0.0,3061.0,2538.0
2021-01-03 05:00:00+00:00,2394.0,8104.0,0.0,0.0,0.0,291.0,5928.0,168.0,0.0,2825.0,2351.0
2021-01-03 05:30:00+00:00,2391.0,8260.0,0.0,0.0,0.0,307.0,5933.0,166.0,0.0,2926.0,2256.0
2021-01-03 06:00:00+00:00,2394.0,8394.0,0.0,0.0,0.0,328.0,5927.0,165.0,0.0,2988.0,2355.0
2021-01-03 06:30:00+00:00,2391.0,8373.0,0.0,0.0,0.0,327.0,5919.0,186.0,0.0,3135.0,2391.0
2021-01-03 07:00:00+00:00,2419.0,9099.0,21.0,0.0,0.0,328.0,5917.0,169.0,0.0,3025.0,2337.0
2021-01-03 07:30:00+00:00,2452.0,9467.0,230.0,0.0,0.0,327.0,5924.0,165.0,0.0,3216.0,2430.0
2021-01-03 08:00:00+00:00,2463.0,9467.0,227.0,0.0,0.0,339.0,5925.0,161.0,3.0,3109.0,2308.0
2021-01-03 08:30:00+00:00,2507.0,10558.0,229.0,0.0,0.0,327.0,5920.0,166.0,48.0,2820.0,2377.0
2021-01-03 09:00:00+00:00,2675.0,11438.0,250.0,0.0,61.0,385.0,5919.0,175.0,235.0,3245.0,2530.0
2021-01-03 09:30:00+00:00,2882.0,12835.0,462.0,0.0,0.0,387.0,5921.0,164.0,503.0,3329.0,2457.0
2021-01-03 10:00:00+00:00,2980.0,13769.0,876.0,0.0,0.0,381.0,5923.0,165.0,758.0,3341.0,2529.0
2021-01-03 10:30:00+00:00,3000.0,14406.0,1123.0,0.0,0.0,400.0,5912.0,172.0,1200.0,3351.0,2414.0
2021-01-03 11:00:00+00:00,3019.0,15232.0,1414.0,0.0,151.0,409.0,5906.0,167.0,1460.0,2925.0,2261.0
2021-01-03 11:30:00+00:00,3037.0,16065.0,1483.0,0.0,19.0,421.0,5908.0,175.0,1620.0,3112.0,2125.0
2021-01-03 12:00:00+00:00,3053.0,16846.0,1502.0,0.0,0.0,441.0,5906.0,173.0,1670.0,3163.0,2049.0
2021-01-03 12:30:00+00:00,3055.0,17480.0,1490.0,0.0,0.0,408.0,5910.0,187.0,1630.0,2980.0,1998.0
2021-01-03 13:00:00+00:00,3054.0,17344.0,1305.0,0.0,190.0,419.0,5908.0,186.0,1490.0,3220.0,2027.0
2021-01-03 13:30:00+00:00,3041.0,17277.0,1222.0,0.0,187.0,419.0,5909.0,174.0,1230.0,3990.0,1954.0
2021-01-03 14:00:00+00:00,3042.0,17588.0,1368.0,0.0,0.0,420.0,5910.0,163.0,920.0,3837.0,2049.0
2021-01-03 14:30:00+00:00,3035.0,17576.0,1399.0,0.0,0.0,419.0,5912.0,161.0,586.0,4030.0,2015.0
2021-01-03 15:00:00+00:00,3029.0,18274.0,1203.0,0.0,0.0,431.0,5902.0,161.0,279.0,4360.0,1970.0
2021-01-03 15:30:00+00:00,3027.0,18112.0,1129.0,0.0,0.0,431.0,5914.0,160.0,70.0,4881.0,2069.0
2021-01-03 16:00:00+00:00,3054.0,18560.0,1309.0,0.0,802.0,495.0,5901.0,160.0,6.0,4826.0,1923.0
2021-01-03 16:30:00+00:00,3078.0,19768.0,1486.0,0.0,899.0,536.0,5911.0,366.0,2.0,5049.0,1901.0
2021-01-03 17:00:00+00:00,3082.0,20111.0,1500.0,0.0,805.0,640.0,5913.0,516.0,1.0,5439.0,2104.0
2021-01-03 17:30:00+00:00,3090.0,20019.0,1502.0,0.0,900.0,675.0,5913.0,351.0,1.0,107.0,1203.0
2021-01-03 18:00:00+00:00,3090.0,20037.0,1499.0,0.0,900.0,627.0,5905.0,164.0,0.0,5238.0,2301.0
2021-01-03 18:30:00+00:00,3093.0,19038.0,1314.0,0.0,832.0,592.0,5914.0,163.0,0.0,5483.0,2297.0
2021-01-03 19:00:00+00:00,3092.0,17903.0,1339.0,0.0,562.0,494.0,5909.0,160.0,1.0,5569.0,2314.0
2021-01-03 19:30:00+00:00,3085.0,16782.0,869.0,0.0,0.0,480.0,5911.0,174.0,0.0,5968.0,2319.0
2021-01-03 20:00:00+00:00,3087.0,15269.0,575.0,0.0,156.0,410.0,5913.0,174.0,0.0,6010.0,2395.0
2021-01-03 20:30:00+00:00,3076.0,14432.0,396.0,0.0,151.0,396.0,5908.0,163.0,0.0,5827.0,2400.0
2021-01-03 21:00:00+00:00,3080.0,13196.0,147.0,0.0,301.0,380.0,5913.0,174.0,0.0,5663.0,2360.0
2021-01-03 21:30:00+00:00,3087.0,12144.0,0.0,0.0,300.0,375.0,5906.0,171.0,0.0,5574.0,2309.0
2021-01-03 22:00:00+00:00,3083.0,11490.0,0.0,0.0,407.0,340.0,5906.0,166.0,1.0,5427.0,2240.0
2021-01-03 22:30:00+00:00,3077.0,10530.0,0.0,0.0,0.0,352.0,5898.0,160.0,0.0,5680.0,2254.0
2021-01-03 23:00:00+00:00,3077.0,8751.0,0.0,0.0,283.0,346.0,5896.0,183.0,0.0,5531.0,2292.0
2021-01-03 23:30:00+00:00,3077.0,7314.0,0.0,0.0,0.0,337.0,5907.0,162.0,0.0,5726.0,2362.0
2021-01-04 00:00:00+00:00,3079.0,7049.0,0.0,0.0,157.0,290.0,5898.0,167.0,0.0,5648.0,2221.0
2021-01-04 00:30:00+00:00,3076.0,6896.0,0.0,0.0,163.0,290.0,5903.0,182.0,0.0,5693.0,2156.0
2021-01-04 01:00:00+00:00,3085.0,7153.0,0.0,0.0,89.0,281.0,5906.0,141.0,0.0,5801.0,2205.0
2021-01-04 01:30:00+00:00,2976.0,7012.0,0.0,0.0,0.0,284.0,5904.0,159.0,0.0,5811.0,2197.0
2021-01-04 02:00:00+00:00,2855.0,6674.0,0.0,0.0,0.0,289.0,5902.0,275.0,0.0,5702.0,2238.0
2021-01-04 02:30:00+00:00,2854.0,6452.0,0.0,0.0,0.0,288.0,5914.0,276.0,0.0,5786.0,2276.0
2021-01-04 03:00:00+00:00,2851.0,6577.0,0.0,0.0,0.0,287.0,5901.0,303.0,0.0,5723.0,2356.0
2021-01-04 03:30:00+00:00,2853.0,6361.0,0.0,0.0,0.0,286.0,5921.0,272.0,0.0,5809.0,2403.0
2021-01-04 04:00:00+00:00,2856.0,6114.0,0.0,0.0,0.0,284.0,5901.0,165.0,0.0,5864.0,2356.0
2021-01-04 04:30:00+00:00,2835.0,6172.0,0.0,0.0,0.0,286.0,5918.0,192.0,0.0,5872.0,2439.0
2021-01-04 05:00:00+00:00,2849.0,6512.0,0.0,0.0,0.0,298.0,5909.0,141.0,0.0,5957.0,2517.0
2021-01-04 05:30:00+00:00,2853.0,6612.0,0.0,0.0,0.0,305.0,5923.0,141.0,0.0,6094.0,2562.0
2021-01-04 06:00:00+00:00,2852.0,7903.0,0.0,0.0,0.0,302.0,5912.0,142.0,0.0,6063.0,2531.0
2021-01-04 06:30:00+00:00,2839.0,10069.0,0.0,0.0,0.0,303.0,5905.0,140.0,0.0,6048.0,2446.0
2021-01-04 07:00:00+00:00,2841.0,13062.0,21.0,0.0,0.0,301.0,5905.0,140.0,0.0,5951.0,2495.0
2021-01-04 07:30:00+00:00,2843.0,15197.0,335.0,0.0,0.0,302.0,5903.0,147.0,0.0,5793.0,2554.0
2021-01-04 08:00:00+00:00,2794.0,16849.0,851.0,0.0,0.0,325.0,5898.0,140.0,0.0,5720.0,2636.0
2021-01-04 08:30:00+00:00,2803.0,17710.0,1326.0,0.0,0.0,331.0,5895.0,155.0,40.0,5998.0,2731.0
2021-01-04 09:00:00+00:00,2837.0,18252.0,1664.0,0.0,496.0,415.0,5895.0,141.0,197.0,5956.0,2718.0
2021-01-04 09:30:00+00:00,2847.0,18818.0,1870.0,0.0,125.0,388.0,5898.0,149.0,385.0,5989.0,2759.0
2021-01-04 10:00:00+00:00,2838.0,19016.0,1965.0,0.0,390.0,383.0,5899.0,410.0,624.0,5888.0,2796.0
2021-01-04 10:30:00+00:00,2829.0,19560.0,1956.0,0.0,89.0,393.0,5897.0,449.0,815.0,5876.0,2731.0
2021-01-04 11:00:00+00:00,2828.0,19889.0,1912.0,0.0,144.0,393.0,5906.0,422.0,975.0,5914.0,2760.0
2021-01-04 11:30:00+00:00,2597.0,20367.0,1774.0,0.0,53.0,402.0,5892.0,371.0,1030.0,5841.0,2746.0
2021-01-04 12:00:00+00:00,2619.0,20434.0,1774.0,0.0,117.0,412.0,5907.0,369.0,1040.0,5854.0,2698.0
2021-01-04 12:30:00+00:00,2621.0,20650.0,1817.0,0.0,177.0,395.0,5904.0,424.0,950.0,199.0,1690.0
2021-01-04 13:00:00+00:00,2623.0,20852.0,1812.0,0.0,0.0,359.0,5910.0,442.0,807.0,5735.0,2856.0
2021-01-04 13:30:00+00:00,2621.0,20851.0,1800.0,0.0,19.0,408.0,5908.0,373.0,670.0,5818.0,2783.0
2021-01-04 14:00:00+00:00,2614.0,21018.0,1813.0,0.0,33.0,408.0,5911.0,278.0,515.0,5938.0,2886.0
2021-01-04 14:30:00+00:00,2614.0,21131.0,1803.0,0.0,301.0,407.0,5901.0,165.0,333.0,6003.0,2888.0
2021-01-04 15:00:00+00:00,2714.0,21399.0,1817.0,0.0,0.0,420.0,5914.0,163.0,163.0,204.0,1732.0
2021-01-04 15:30:00+00:00,2822.0,21394.0,1810.0,0.0,0.0,417.0,5904.0,252.0,38.0,5948.0,2752.0
2021-01-04 16:00:00+00:00,2824.0,20785.0,1817.0,0.0,0.0,439.0,5897.0,309.0,1.0,6085.0,2717.0
2021-01-04 16:30:00+00:00,2825.0,20821.0,1811.0,0.0,675.0,572.0,5902.0,396.0,0.0,6087.0,2748.0
2021-01-04 17:00:00+00:00,2825.0,21198.0,1814.0,0.0,833.0,654.0,5908.0,478.0,0.0,6146.0,2725.0
2021-01-04 17:30:00+00:00,2826.0,21457.0,1814.0,0.0,900.0,648.0,5901.0,494.0,0.0,6018.0,2783.0
2021-01-04 18:00:00+00:00,2810.0,21252.0,1813.0,0.0,900.0,594.0,5899.0,432.0,0.0,5907.0,2696.0
2021-01-04 18:30:00+00:00,2806.0,20889.0,1815.0,0.0,930.0,538.0,5896.0,380.0,0.0,5879.0,2597.0
2021-01-04 19:00:00+00:00,2808.0,21148.0,1811.0,0.0,0.0,499.0,5905.0,242.0,1.0,193.0,1496.0
2021-01-04 19:30:00+00:00,2808.0,19670.0,1813.0,0.0,84.0,480.0,5900.0,164.0,0.0,6114.0,2526.0
2021-01-04 20:00:00+00:00,2822.0,18309.0,1640.0,0.0,0.0,444.0,5906.0,156.0,1.0,5987.0,2519.0
2021-01-04 20:30:00+00:00,2816.0,16898.0,1040.0,0.0,0.0,420.0,5901.0,158.0,2.0,6096.0,2549.0
2021-01-04 21:00:00+00:00,2824.0,16781.0,548.0,0.0,90.0,390.0,5897.0,154.0,0.0,5945.0,2420.0
2021-01-04 21:30:00+00:00,2822.0,15009.0,310.0,0.0,0.0,380.0,5904.0,150.0,1.0,5918.0,2498.0
2021-01-04 22:00:00+00:00,2523.0,13736.0,314.0,0.0,0.0,349.0,5906.0,154.0,1.0,6057.0,2399.0
2021-01-04 22:30:00+00:00,2212.0,12550.0,8.0,0.0,0.0,360.0,5897.0,164.0,0.0,5746.0,2343.0
2021-01-04 23:00:00+00:00,2163.0,11025.0,0.0,0.0,0.0,355.0,5902.0,151.0,0.0,5901.0,2389.0
2021-01-04 23:30:00+00:00,1561.0,10011.0,0.0,0.0,0.0,355.0,5904.0,153.0,0.0,5957.0,2400.0
2021-01-05 00:00:00+00:00,1417.0,9950.0,0.0,0.0,109.0,309.0,5896.0,159.0,0.0,5901.0,2382.0
2021-01-05 00:30:00+00:00,1399.0,10282.0,0.0,0.0,0.0,308.0,5905.0,153.0,1.0,5934.0,2349.0
2021-01-05 01:00:00+00:00,1412.0,10536.0,0.0,0.0,0.0,277.0,5903.0,153.0,1.0,5776.0,2367.0
2021-01-05 01:30:00+00:00,1413.0,10136.0,0.0,0.0,0.0,274.0,5905.0,152.0,1.0,5769.0,2374.0
2021-01-05 02:00:00+00:00,1412.0,10440.0,0.0,0.0,0.0,274.0,5900.0,152.0,0.0,5624.0,2327.0
2021-01-05 02:30:00+00:00,1415.0,10074.0,0.0,0.0,0.0,274.0,5907.0,151.0,1.0,5737.0,2388.0
2021-01-05 03:00:00+00:00,1419.0,9812.0,4.0,0.0,0.0,274.0,5909.0,153.0,2.0,5774.0,2445.0
2021-01-05 03:30:00+00:00,1411.0,9153.0,25.0,0.0,0.0,274.0,5907.0,151.0,2.0,5624.0,2432.0
2021-01-05 04:00:00+00:00,1417.0,8774.0,51.0,0.0,0.0,274.0,5903.0,152.0,1.0,5661.0,2446.0
2021-01-05 04:30:00+00:00,1420.0,9017.0,76.0,0.0,0.0,269.0,5908.0,153.0,0.0,183.0,1220.0
2021-01-05 05:00:00+00:00,1420.0,8879.0,148.0,0.0,0.0,269.0,5906.0,155.0,0.0,5669.0,2500.0
2021-01-05 05:30:00+00:00,1418.0,9566.0,266.0,0.0,0.0,288.0,5912.0,151.0,0.0,5410.0,2472.0
2021-01-05 06:00:00+00:00,1418.0,10285.0,493.0,0.0,0.0,345.0,5907.0,151.0,0.0,5488.0,2516.0
2021-01-05 06:30:00+00:00,1515.0,11827.0,644.0,0.0,0.0,345.0,5914.0,152.0,2.0,5505.0,2604.0
2021-01-05 07:00:00+00:00,1650.0,13508.0,1032.0,0.0,111.0,363.0,5895.0,178.0,0.0,5860.0,2545.0
2021-01-05 07:30:00+00:00,1841.0,15410.0,1794.0,0.0,89.0,361.0,5903.0,154.0,1.0,5756.0,2435.0
2021-01-05 08:00:00+00:00,1803.0,17681.0,2424.0,0.0,0.0,385.0,5908.0,156.0,1.0,5606.0,2387.0
2021-01-05 08:30:00+00:00,1884.0,18805.0,2916.0,0.0,177.0,381.0,5894.0,173.0,81.0,5437.0,2355.0
2021-01-05 09:00:00+00:00,1921.0,19318.0,3092.0,0.0,143.0,379.0,5903.0,314.0,343.0,5312.0,2255.0
2021-01-05 09:30:00+00:00,1945.0,19858.0,3234.0,0.0,177.0,395.0,5905.0,337.0,717.0,5218.0,2142.0
2021-01-05 10:00:00+00:00,2069.0,20165.0,3123.0,0.0,300.0,393.0,5895.0,389.0,1090.0,5245.0,2074.0
2021-01-05 10:30:00+00:00,1917.0,20228.0,3195.0,0.0,481.0,388.0,5890.0,366.0,1600.0,5181.0,2045.0
2021-01-05 11:00:00+00:00,2038.0,20406.0,3222.0,0.0,151.0,387.0,5891.0,363.0,1960.0,5194.0,2172.0
2021-01-05 11:30:00+00:00,2170.0,20289.0,3175.0,0.0,248.0,401.0,5890.0,315.0,2180.0,5375.0,2120.0
2021-01-05 12:00:00+00:00,2157.0,20791.0,2855.0,0.0,389.0,413.0,5893.0,241.0,2190.0,5174.0,2128.0
2021-01-05 12:30:00+00:00,2145.0,20984.0,2745.0,0.0,629.0,390.0,5883.0,370.0,2060.0,5185.0,2088.0
2021-01-05 13:00:00+00:00,2160.0,20614.0,2673.0,0.0,301.0,394.0,5891.0,397.0,1850.0,5402.0,2114.0
2021-01-05 13:30:00+00:00,2156.0,20684.0,2671.0,0.0,300.0,396.0,5894.0,311.0,1530.0,5459.0,2085.0
2021-01-05 14:00:00+00:00,2172.0,20544.0,2658.0,0.0,300.0,394.0,5892.0,188.0,1080.0,5526.0,2153.0
2021-01-05 14:30:00+00:00,2142.0,20755.0,2678.0,0.0,0.0,377.0,5888.0,168.0,735.0,5451.0,2176.0
2021-01-05 15:00:00+00:00,1971.0,20643.0,2794.0,0.0,541.0,420.0,5880.0,180.0,351.0,5521.0,2151.0
2021-01-05 15:30:00+00:00,2157.0,21098.0,2921.0,0.0,421.0,435.0,5887.0,271.0,93.0,5451.0,2137.0
2021-01-05 16:00:00+00:00,2349.0,20557.0,2998.0,0.0,613.0,531.0,5881.0,364.0,11.0,5366.0,1994.0
2021-01-05 16:30:00+00:00,2355.0,21366.0,3009.0,0.0,689.0,548.0,5881.0,451.0,2.0,5458.0,2011.0
2021-01-05 17:00:00+00:00,2553.0,21735.0,3016.0,0.0,1370.0,607.0,5882.0,543.0,3.0,5424.0,1886.0
2021-01-05 17:30:00+00:00,2592.0,21812.0,3017.0,0.0,1367.0,613.0,5881.0,548.0,3.0,5343.0,1934.0
2021-01-05 18:00:00+00:00,2599.0,21836.0,3024.0,0.0,1324.0,613.0,5882.0,517.0,1.0,5151.0,1839.0
2021-01-05 18:30:00+00:00,2603.0,21897.0,3017.0,0.0,1226.0,543.0,5880.0,414.0,0.0,4736.0,1819.0
2021-01-05 19:00:00+00:00,2582.0,21238.0,3052.0,0.0,951.0,502.0,5879.0,374.0,1.0,4846.0,1787.0
2021-01-05 19:30:00+00:00,2456.0,21379.0,2940.0,0.0,232.0,488.0,5882.0,203.0,2.0,4866.0,1876.0
2021-01-05 20:00:00+00:00,2461.0,20836.0,2881.0,0.0,0.0,479.0,5884.0,172.0,0.0,4807.0,1783.0
2021-01-05 20:30:00+00:00,2443.0,19888.0,2613.0,0.0,267.0,455.0,5887.0,150.0,1.0,4894.0,1783.0
2021-01-05 21:00:00+00:00,2220.0,19699.0,2305.0,0.0,307.0,389.0,5884.0,155.0,0.0,4479.0,1698.0
2021-01-05 21:30:00+00:00,2267.0,17803.0,2108.0,0.0,470.0,364.0,5882.0,155.0,1.0,4210.0,1661.0
2021-01-05 22:00:00+00:00,2262.0,17103.0,1828.0,0.0,70.0,351.0,5895.0,162.0,0.0,4291.0,1596.0
2021-01-05 22:30:00+00:00,2182.0,15627.0,1539.0,0.0,0.0,349.0,5888.0,155.0,0.0,4137.0,1523.0
2021-01-05 23:00:00+00:00,1813.0,14917.0,1547.0,0.0,0.0,338.0,5894.0,153.0,0.0,4010.0,1508.0
2021-01-05 23:30:00+00:00,1815.0,13805.0,1536.0,0.0,0.0,339.0,5884.0,150.0,0.0,4052.0,1529.0
2021-01-06 00:00:00+00:00,1820.0,13574.0,1538.0,0.0,0.0,307.0,5888.0,155.0,1.0,4184.0,1379.0
2021-01-06 00:30:00+00:00,1732.0,13677.0,1538.0,0.0,0.0,305.0,5877.0,168.0,0.0,4154.0,1379.0
2021-01-06 01:00:00+00:00,1451.0,13494.0,1641.0,0.0,0.0,305.0,5881.0,151.0,2.0,4226.0,1369.0
2021-01-06 01:30:00+00:00,1453.0,12723.0,1726.0,0.0,0.0,306.0,5882.0,150.0,0.0,4102.0,1302.0
2021-01-06 02:00:00+00:00,1440.0,12350.0,1747.0,0.0,0.0,306.0,5892.0,152.0,1.0,4270.0,1316.0
2021-01-06 02:30:00+00:00,1451.0,11748.0,1744.0,0.0,0.0,307.0,5879.0,154.0,1.0,4409.0,1270.0
2021-01-06 03:00:00+00:00,1453.0,11921.0,1751.0,0.0,0.0,307.0,5876.0,165.0,1.0,4317.0,1210.0
2021-01-06 03:30:00+00:00,1454.0,11733.0,1820.0,0.0,0.0,306.0,5889.0,149.0,0.0,4282.0,1245.0
2021-01-06 04:00:00+00:00,1455.0,11638.0,1748.0,0.0,0.0,306.0,5879.0,155.0,0.0,4252.0,1220.0
2021-01-06 04:30:00+00:00,1454.0,11762.0,1752.0,0.0,0.0,320.0,5884.0,152.0,0.0,4306.0,1188.0
2021-01-06 05:00:00+00:00,1477.0,12401.0,1829.0,0.0,0.0,322.0,5878.0,173.0,0.0,4330.0,1124.0
2021-01-06 05:30:00+00:00,1765.0,13098.0,1896.0,0.0,0.0,338.0,5886.0,166.0,0.0,4103.0,1103.0
2021-01-06 06:00:00+00:00,1837.0,14533.0,2121.0,0.0,0.0,352.0,5888.0,170.0,0.0,4202.0,1031.0
2021-01-06 06:30:00+00:00,1919.0,16184.0,2798.0,0.0,0.0,374.0,5887.0,150.0,0.0,4320.0,1019.0
2021-01-06 07:00:00+00:00,2155.0,17430.0,2561.0,0.0,0.0,465.0,5883.0,157.0,0.0,4125.0,1022.0
2021-01-06 07:30:00+00:00,2686.0,18871.0,2540.0,0.0,0.0,489.0,5885.0,153.0,0.0,3987.0,1009.0
2021-01-06 08:00:00+00:00,2771.0,20164.0,2623.0,0.0,155.0,522.0,5887.0,158.0,0.0,3760.0,945.0
2021-01-06 08:30:00+00:00,2805.0,21013.0,3416.0,0.0,354.0,617.0,5880.0,283.0,27.0,3677.0,906.0
2021-01-06 09:00:00+00:00,2803.0,21093.0,3577.0,0.0,626.0,695.0,5885.0,297.0,196.0,2941.0,867.0
2021-01-06 09:30:00+00:00,2811.0,21595.0,3554.0,0.0,473.0,715.0,5879.0,361.0,497.0,2581.0,887.0
2021-01-06 10:00:00+00:00,2815.0,21946.0,3396.0,0.0,609.0,721.0,5883.0,408.0,762.0,2609.0,886.0
2021-01-06 10:30:00+00:00,2580.0,22161.0,3518.0,0.0,401.0,749.0,5879.0,412.0,1060.0,2644.0,929.0
2021-01-06 11:00:00+00:00,2654.0,22375.0,3593.0,0.0,827.0,774.0,5887.0,438.0,1320.0,2361.0,919.0
2021-01-06 11:30:00+00:00,2824.0,22273.0,3662.0,0.0,1063.0,713.0,5878.0,440.0,1530.0,2256.0,943.0
2021-01-06 12:00:00+00:00,2826.0,22523.0,3470.0,0.0,1237.0,819.0,5885.0,447.0,1730.0,2249.0,931.0
2021-01-06 12:30:00+00:00,2821.0,22806.0,3347.0,0.0,884.0,848.0,5877.0,446.0,1760.0,2026.0,1011.0
2021-01-06 13:00:00+00:00,2708.0,22570.0,3353.0,0.0,730.0,670.0,5890.0,394.0,1720.0,2643.0,982.0
2021-01-06 13:30:00+00:00,2509.0,22367.0,3210.0,0.0,1132.0,567.0,5882.0,275.0,1530.0,2800.0,1009.0
2021-01-06 14:00:00+00:00,2694.0,22401.0,3079.0,0.0,1051.0,694.0,5883.0,230.0,1300.0,2662.0,1014.0
2021-01-06 14:30:00+00:00,2562.0,22353.0,3272.0,0.0,662.0,626.0,5887.0,224.0,927.0,2854.0,1046.0
2021-01-06 15:00:00+00:00,2575.0,21910.0,3255.0,0.0,1277.0,670.0,5882.0,201.0,488.0,2869.0,1091.0
2021-01-06 15:30:00+00:00,2716.0,22041.0,3536.0,0.0,1456.0,801.0,5884.0,250.0,113.0,2802.0,1127.0
2021-01-06 16:00:00+00:00,2536.0,22057.0,3507.0,0.0,1371.0,851.0,5884.0,361.0,3.0,2853.0,1097.0
2021-01-06 16:30:00+00:00,2579.0,22994.0,3698.0,0.0,1683.0,889.0,5872.0,463.0,2.0,2386.0,1045.0
2021-01-06 17:00:00+00:00,2810.0,23322.0,3744.0,0.0,1853.0,989.0,5885.0,431.0,3.0,2756.0,1102.0
2021-01-06 17:30:00+00:00,2832.0,23600.0,3842.0,0.0,1847.0,921.0,5889.0,656.0,0.0,2647.0,1163.0
2021-01-06 18:00:00+00:00,2828.0,23195.0,3798.0,0.0,1705.0,1019.0,5887.0,643.0,0.0,2907.0,1236.0
2021-01-06 18:30:00+00:00,2702.0,22584.0,3595.0,0.0,1847.0,931.0,5886.0,624.0,3.0,3162.0,1312.0
2021-01-06 19:00:00+00:00,2801.0,22264.0,3616.0,0.0,1207.0,685.0,5887.0,616.0,0.0,3292.0,1370.0
2021-01-06 19:30:00+00:00,2805.0,22124.0,3862.0,0.0,646.0,547.0,5877.0,519.0,0.0,3335.0,1316.0
2021-01-06 20:00:00+00:00,2835.0,21831.0,3728.0,0.0,27.0,440.0,5893.0,288.0,0.0,3247.0,1298.0
2021-01-06 20:30:00+00:00,2818.0,21027.0,3715.0,0.0,0.0,398.0,5886.0,166.0,1.0,3221.0,1319.0
2021-01-06 21:00:00+00:00,2816.0,20617.0,3288.0,0.0,108.0,372.0,5885.0,163.0,0.0,3117.0,1359.0
2021-01-06 21:30:00+00:00,2651.0,19687.0,2780.0,0.0,0.0,343.0,5890.0,150.0,0.0,3245.0,1434.0
2021-01-06 22:00:00+00:00,2185.0,18586.0,2736.0,0.0,44.0,344.0,5890.0,153.0,0.0,3234.0,1461.0
2021-01-06 22:30:00+00:00,1980.0,17500.0,2366.0,0.0,0.0,353.0,5883.0,158.0,0.0,3018.0,1422.0
2021-01-06 23:00:00+00:00,1773.0,16632.0,1884.0,0.0,0.0,340.0,5885.0,158.0,0.0,2814.0,1440.0
2021-01-06 23:30:00+00:00,1768.0,16019.0,2017.0,0.0,0.0,339.0,5890.0,150.0,0.0,2806.0,1460.0
2021-01-07 00:00:00+00:00,1757.0,15668.0,1756.0,0.0,0.0,328.0,5880.0,150.0,1.0,2948.0,1491.0
2021-01-07 00:30:00+00:00,1750.0,15729.0,1676.0,0.0,0.0,320.0,5905.0,152.0,1.0,2951.0,1515.0
2021-01-07 01:00:00+00:00,1787.0,15993.0,1713.0,0.0,0.0,319.0,5876.0,156.0,0.0,2680.0,1476.0
2021-01-07 01:30:00+00:00,1777.0,15493.0,1681.0,0.0,0.0,317.0,5880.0,153.0,1.0,2839.0,1436.0
2021-01-07 02:00:00+00:00,1807.0,15186.0,1818.0,0.0,0.0,317.0,5867.0,152.0,2.0,2651.0,1381.0
2021-01-07 02:30:00+00:00,1853.0,14621.0,1891.0,0.0,0.0,317.0,5871.0,158.0,1.0,2593.0,1379.0
2021-01-07 03:00:00+00:00,1843.0,13877.0,1975.0,0.0,0.0,317.0,5875.0,150.0,1.0,2666.0,1388.0
2021-01-07 03:30:00+00:00,1887.0,13307.0,1978.0,0.0,0.0,317.0,5874.0,159.0,0.0,2582.0,1350.0
2021-01-07 04:00:00+00:00,1868.0,13920.0,1980.0,0.0,0.0,331.0,5878.0,151.0,0.0,2643.0,1337.0
2021-01-07 04:30:00+00:00,1890.0,14777.0,1976.0,0.0,0.0,333.0,5874.0,158.0,0.0,2299.0,1187.0
2021-01-07 05:00:00+00:00,1949.0,15408.0,2361.0,0.0,0.0,330.0,5897.0,157.0,0.0,2217.0,1093.0
2021-01-07 05:30:00+00:00,2076.0,16120.0,2697.0,0.0,0.0,327.0,5888.0,150.0,0.0,2302.0,1057.0
2021-01-07 06:00:00+00:00,2102.0,18528.0,2952.0,0.0,0.0,354.0,5890.0,149.0,0.0,2291.0,1007.0
2021-01-07 06:30:00+00:00,2431.0,20704.0,3068.0,0.0,0.0,379.0,5889.0,165.0,0.0,1946.0,978.0
2021-01-07 07:00:00+00:00,2946.0,21137.0,3158.0,0.0,0.0,468.0,5881.0,210.0,0.0,2349.0,917.0
2021-01-07 07:30:00+00:00,2965.0,22271.0,3150.0,0.0,364.0,504.0,5881.0,250.0,0.0,1933.0,880.0
2021-01-07 08:00:00+00:00,3007.0,22037.0,3313.0,0.0,298.0,796.0,5886.0,295.0,4.0,104.0,531.0
2021-01-07 08:30:00+00:00,3006.0,22227.0,3307.0,0.0,336.0,812.0,5882.0,427.0,90.0,2348.0,804.0
2021-01-07 09:00:00+00:00,3006.0,22406.0,3308.0,0.0,904.0,836.0,5883.0,394.0,403.0,2361.0,801.0
2021-01-07 09:30:00+00:00,3013.0,22547.0,3425.0,0.0,716.0,832.0,5878.0,435.0,787.0,2735.0,759.0
2021-01-07 10:00:00+00:00,3026.0,22589.0,3419.0,0.0,1036.0,792.0,5876.0,403.0,1180.0,2493.0,765.0
2021-01-07 10:30:00+00:00,3027.0,22831.0,3336.0,0.0,446.0,784.0,5872.0,386.0,1580.0,2597.0,788.0
2021-01-07 11:00:00+00:00,2971.0,22750.0,3355.0,0.0,659.0,799.0,5861.0,432.0,1980.0,2569.0,766.0
2021-01-07 11:30:00+00:00,2798.0,22491.0,3364.0,0.0,920.0,803.0,5854.0,412.0,2230.0,2557.0,769.0
2021-01-07 12:00:00+00:00,3001.0,22451.0,3519.0,0.0,548.0,788.0,5851.0,410.0,2360.0,2408.0,777.0
2021-01-07 12:30:00+00:00,3092.0,22282.0,3411.0,0.0,366.0,788.0,5864.0,406.0,2260.0,2734.0,855.0
2021-01-07 13:00:00+00:00,3114.0,22055.0,3414.0,0.0,121.0,791.0,5859.0,344.0,2060.0,2637.0,884.0
2021-01-07 13:30:00+00:00,3042.0,22026.0,3416.0,0.0,100.0,787.0,5871.0,313.0,1780.0,2724.0,918.0
2021-01-07 14:00:00+00:00,3007.0,22324.0,3373.0,0.0,99.0,649.0,5861.0,217.0,1390.0,2964.0,1010.0
2021-01-07 14:30:00+00:00,3141.0,22412.0,3323.0,0.0,182.0,656.0,5862.0,354.0,1000.0,2870.0,1102.0
2021-01-07 15:00:00+00:00,3141.0,22539.0,3408.0,0.0,716.0,697.0,5858.0,365.0,500.0,2700.0,1180.0
2021-01-07 15:30:00+00:00,3139.0,22227.0,3450.0,0.0,1267.0,925.0,5863.0,366.0,146.0,2673.0,1177.0
2021-01-07 16:00:00+00:00,3096.0,21985.0,3261.0,0.0,1923.0,975.0,5856.0,418.0,12.0,2806.0,1243.0
2021-01-07 16:30:00+00:00,3152.0,23030.0,3436.0,0.0,1813.0,1028.0,5860.0,609.0,0.0,2456.0,1274.0
2021-01-07 17:00:00+00:00,3149.0,23633.0,3458.0,0.0,1899.0,997.0,5859.0,673.0,1.0,2456.0,1659.0
2021-01-07 17:30:00+00:00,3151.0,23744.0,3524.0,0.0,1931.0,1031.0,5861.0,684.0,0.0,2381.0,1675.0
2021-01-07 18:00:00+00:00,3147.0,23530.0,3540.0,0.0,2114.0,1015.0,5863.0,672.0,1.0,2220.0,1696.0
2021-01-07 18:30:00+00:00,3111.0,23231.0,3320.0,0.0,1824.0,854.0,5864.0,545.0,0.0,2522.0,1683.0
2021-01-07 19:00:00+00:00,2983.0,23162.0,3058.0,0.0,1370.0,921.0,5856.0,547.0,0.0,2466.0,1765.0
2021-01-07 19:30:00+00:00,3133.0,23051.0,3241.0,0.0,201.0,712.0,5867.0,432.0,0.0,2333.0,1813.0
2021-01-07 20:00:00+00:00,3129.0,22332.0,3301.0,0.0,196.0,588.0,5867.0,359.0,0.0,2205.0,1925.0
2021-01-07 20:30:00+00:00,3123.0,21951.0,3318.0,0.0,190.0,495.0,5853.0,237.0,0.0,2187.0,1898.0
2021-01-07 21:00:00+00:00,3037.0,21778.0,3301.0,0.0,56.0,449.0,5861.0,156.0,0.0,2207.0,2158.0
2021-01-07 21:30:00+00:00,2305.0,21165.0,3246.0,0.0,0.0,339.0,5864.0,151.0,0.0,2168.0,2209.0
2021-01-07 22:00:00+00:00,2267.0,20152.0,2990.0,0.0,138.0,333.0,5860.0,160.0,1.0,2104.0,2307.0
2021-01-07 22:30:00+00:00,2262.0,18851.0,2359.0,0.0,0.0,393.0,5868.0,163.0,0.0,2032.0,2379.0
2021-01-07 23:00:00+00:00,2180.0,17998.0,2239.0,0.0,0.0,308.0,5872.0,150.0,0.0,2023.0,2578.0
2021-01-07 23:30:00+00:00,2033.0,16448.0,2348.0,0.0,0.0,307.0,5862.0,149.0,0.0,2117.0,2582.0
2021-01-08 00:00:00+00:00,2028.0,15810.0,2266.0,0.0,0.0,303.0,5876.0,149.0,0.0,2055.0,2684.0
2021-01-08 00:30:00+00:00,2033.0,15890.0,2357.0,0.0,0.0,304.0,5868.0,149.0,1.0,1867.0,2811.0
2021-01-08 01:00:00+00:00,2030.0,16059.0,2428.0,0.0,0.0,302.0,5861.0,150.0,0.0,1839.0,2796.0
2021-01-08 01:30:00+00:00,2024.0,15167.0,2499.0,0.0,0.0,300.0,5867.0,148.0,0.0,1915.0,2920.0
2021-01-08 02:00:00+00:00,2033.0,14201.0,2448.0,0.0,0.0,298.0,5857.0,156.0,0.0,1887.0,2932.0
2021-01-08 02:30:00+00:00,2035.0,14305.0,2329.0,0.0,0.0,297.0,5855.0,154.0,1.0,1612.0,2895.0
2021-01-08 03:00:00+00:00,2045.0,14393.0,1936.0,0.0,0.0,297.0,5848.0,168.0,1.0,1437.0,3037.0
2021-01-08 03:30:00+00:00,2046.0,13937.0,1937.0,0.0,0.0,295.0,5853.0,171.0,2.0,1466.0,2915.0
2021-01-08 04:00:00+00:00,2029.0,14332.0,1936.0,0.0,0.0,295.0,5850.0,160.0,1.0,1539.0,2830.0
2021-01-08 04:30:00+00:00,2032.0,14360.0,1936.0,0.0,0.0,294.0,5843.0,167.0,0.0,1558.0,2792.0
2021-01-08 05:00:00+00:00,2006.0,15747.0,2108.0,0.0,0.0,307.0,5866.0,149.0,0.0,1794.0,2707.0
2021-01-08 05:30:00+00:00,1998.0,16206.0,2368.0,0.0,0.0,306.0,5862.0,150.0,1.0,1871.0,2638.0
2021-01-08 06:00:00+00:00,1990.0,17845.0,2734.0,0.0,0.0,311.0,5870.0,148.0,0.0,1694.0,2681.0
2021-01-08 06:30:00+00:00,2274.0,19300.0,2755.0,0.0,0.0,312.0,5864.0,161.0,0.0,1781.0,2471.0
2021-01-08 07:00:00+00:00,2889.0,19524.0,2316.0,0.0,0.0,352.0,5864.0,151.0,0.0,1753.0,2447.0
2021-01-08 07:30:00+00:00,3000.0,20857.0,2405.0,0.0,78.0,393.0,5864.0,192.0,0.0,1677.0,2472.0
2021-01-08 08:00:00+00:00,2946.0,21316.0,2942.0,0.0,125.0,439.0,5855.0,277.0,3.0,1553.0,2402.0
2021-01-08 08:30:00+00:00,3056.0,22402.0,3087.0,0.0,95.0,450.0,5858.0,388.0,54.0,1474.0,2297.0
2021-01-08 09:00:00+00:00,3015.0,22055.0,3096.0,0.0,653.0,447.0,5853.0,407.0,184.0,1414.0,2208.0
2021-01-08 09:30:00+00:00,2994.0,22663.0,3095.0,0.0,44.0,525.0,5860.0,425.0,369.0,1333.0,2098.0
2021-01-08 10:00:00+00:00,3002.0,21998.0,3100.0,0.0,518.0,431.0,5849.0,379.0,545.0,1565.0,1926.0
2021-01-08 10:30:00+00:00,3048.0,22383.0,3096.0,0.0,270.0,408.0,5856.0,404.0,775.0,1411.0,1906.0
2021-01-08 11:00:00+00:00,3089.0,22649.0,3092.0,0.0,299.0,396.0,5845.0,418.0,890.0,1260.0,1766.0
2021-01-08 11:30:00+00:00,3051.0,22687.0,3096.0,0.0,299.0,491.0,5850.0,446.0,974.0,1326.0,1763.0
2021-01-08 12:00:00+00:00,3064.0,22638.0,3091.0,0.0,689.0,510.0,5844.0,441.0,1030.0,1337.0,1774.0
2021-01-08 12:30:00+00:00,3071.0,22807.0,3087.0,0.0,533.0,526.0,5848.0,450.0,983.0,1412.0,1677.0
2021-01-08 13:00:00+00:00,3071.0,22617.0,3085.0,0.0,575.0,546.0,5845.0,520.0,885.0,1407.0,1545.0
2021-01-08 13:30:00+00:00,3073.0,22704.0,3076.0,0.0,513.0,510.0,5857.0,530.0,725.0,1397.0,1492.0
2021-01-08 14:00:00+00:00,3071.0,22643.0,3087.0,0.0,301.0,513.0,5853.0,514.0,552.0,1380.0,1402.0
2021-01-08 14:30:00+00:00,3095.0,22900.0,3091.0,0.0,299.0,519.0,5852.0,507.0,387.0,1406.0,1342.0
2021-01-08 15:00:00+00:00,3098.0,22700.0,3030.0,0.0,496.0,650.0,5847.0,436.0,180.0,1471.0,1341.0
2021-01-08 15:30:00+00:00,3108.0,22169.0,2805.0,0.0,1391.0,681.0,5855.0,542.0,50.0,1471.0,1318.0
2021-01-08 16:00:00+00:00,3119.0,22292.0,3016.0,0.0,1291.0,718.0,5852.0,516.0,3.0,1632.0,1174.0
2021-01-08 16:30:00+00:00,3134.0,22781.0,3254.0,0.0,1734.0,956.0,5846.0,589.0,0.0,1648.0,1126.0
2021-01-08 17:00:00+00:00,3149.0,23139.0,3303.0,0.0,1855.0,948.0,5843.0,619.0,0.0,1440.0,1073.0
2021-01-08 17:30:00+00:00,3150.0,23186.0,3298.0,0.0,1865.0,1032.0,5848.0,612.0,0.0,1580.0,1042.0
2021-01-08 18:00:00+00:00,3126.0,23166.0,3242.0,0.0,1866.0,1035.0,5841.0,529.0,1.0,1836.0,951.0
2021-01-08 18:30:00+00:00,3120.0,22955.0,3067.0,0.0,1862.0,1022.0,5845.0,471.0,0.0,1795.0,936.0
2021-01-08 19:00:00+00:00,3121.0,23164.0,3005.0,0.0,1451.0,994.0,5844.0,423.0,0.0,31.0,638.0
2021-01-08 19:30:00+00:00,3124.0,23171.0,2996.0,0.0,638.0,754.0,5847.0,406.0,0.0,1472.0,871.0
2021-01-08 20:00:00+00:00,3119.0,22643.0,2998.0,0.0,141.0,479.0,5846.0,400.0,0.0,1407.0,812.0
2021-01-08 20:30:00+00:00,3122.0,22465.0,2901.0,0.0,0.0,391.0,5842.0,283.0,1.0,1116.0,819.0
2021-01-08 21:00:00+00:00,3120.0,22381.0,2259.0,0.0,695.0,351.0,5838.0,269.0,1.0,937.0,817.0
2021-01-08 21:30:00+00:00,2915.0,22104.0,1805.0,0.0,187.0,315.0,5842.0,262.0,0.0,1045.0,859.0
2021-01-08 22:00:00+00:00,2768.0,21281.0,1802.0,0.0,517.0,283.0,5841.0,230.0,1.0,942.0,916.0
2021-01-08 22:30:00+00:00,2507.0,19952.0,1788.0,0.0,587.0,301.0,5837.0,181.0,0.0,927.0,1032.0
2021-01-08 23:00:00+00:00,1794.0,18574.0,1314.0,0.0,114.0,298.0,5828.0,168.0,0.0,985.0,1115.0
2021-01-08 23:30:00+00:00,1496.0,17043.0,1446.0,0.0,0.0,298.0,5823.0,166.0,0.0,1226.0,1195.0
2021-01-09 00:00:00+00:00,1499.0,16772.0,1393.0,0.0,0.0,293.0,5844.0,166.0,0.0,1229.0,1287.0
2021-01-09 00:30:00+00:00,1496.0,16796.0,1387.0,0.0,0.0,292.0,5854.0,171.0,1.0,1268.0,1311.0
2021-01-09 01:00:00+00:00,1592.0,16929.0,1481.0,0.0,0.0,291.0,5863.0,155.0,0.0,1290.0,1457.0
2021-01-09 01:30:00+00:00,1670.0,16735.0,1225.0,0.0,0.0,283.0,5863.0,154.0,1.0,1297.0,1555.0
2021-01-09 02:00:00+00:00,1696.0,15977.0,1229.0,0.0,0.0,257.0,5863.0,152.0,1.0,1147.0,1613.0
2021-01-09 02:30:00+00:00,1525.0,15894.0,1226.0,0.0,0.0,256.0,5860.0,152.0,1.0,1134.0,1697.0
2021-01-09 03:00:00+00:00,1646.0,15370.0,1176.0,0.0,0.0,254.0,5864.0,152.0,2.0,1176.0,1747.0
2021-01-09 03:30:00+00:00,1548.0,15220.0,791.0,0.0,0.0,254.0,5856.0,154.0,0.0,1022.0,1965.0
2021-01-09 04:00:00+00:00,1497.0,14736.0,689.0,0.0,0.0,254.0,5863.0,157.0,0.0,1124.0,2125.0
2021-01-09 04:30:00+00:00,1500.0,14347.0,689.0,0.0,0.0,254.0,5858.0,153.0,0.0,1326.0,2290.0
2021-01-09 05:00:00+00:00,1496.0,14104.0,691.0,0.0,0.0,253.0,5860.0,154.0,0.0,1433.0,2470.0
2021-01-09 05:30:00+00:00,1499.0,13954.0,721.0,0.0,0.0,253.0,5868.0,155.0,0.0,1430.0,2551.0
2021-01-09 06:00:00+00:00,1501.0,14805.0,818.0,0.0,0.0,272.0,5865.0,154.0,0.0,1488.0,2656.0
2021-01-09 06:30:00+00:00,1575.0,15041.0,1301.0,0.0,0.0,271.0,5856.0,154.0,0.0,1536.0,2768.0
2021-01-09 07:00:00+00:00,1851.0,15026.0,1944.0,0.0,0.0,270.0,5859.0,165.0,0.0,1516.0,2916.0
2021-01-09 07:30:00+00:00,1816.0,14913.0,2139.0,0.0,0.0,298.0,5862.0,157.0,0.0,1538.0,3125.0
2021-01-09 08:00:00+00:00,1703.0,14860.0,2121.0,0.0,5.0,333.0,5858.0,155.0,5.0,1647.0,3368.0
2021-01-09 08:30:00+00:00,1830.0,15982.0,2105.0,0.0,0.0,332.0,5854.0,155.0,104.0,1750.0,3556.0
2021-01-09 09:00:00+00:00,1830.0,16472.0,2386.0,0.0,148.0,349.0,5855.0,166.0,428.0,1683.0,3858.0
2021-01-09 09:30:00+00:00,1827.0,17491.0,2570.0,0.0,149.0,357.0,5849.0,161.0,847.0,1655.0,3830.0
2021-01-09 10:00:00+00:00,1826.0,18073.0,2711.0,0.0,149.0,341.0,5843.0,161.0,1240.0,1601.0,3894.0
2021-01-09 10:30:00+00:00,1802.0,18446.0,2809.0,0.0,0.0,325.0,5836.0,252.0,1580.0,1619.0,3974.0
2021-01-09 11:00:00+00:00,1802.0,18475.0,2817.0,0.0,0.0,341.0,5822.0,310.0,1830.0,1659.0,4222.0
2021-01-09 11:30:00+00:00,1806.0,18596.0,2952.0,0.0,0.0,340.0,5818.0,306.0,2010.0,1741.0,4241.0
2021-01-09 12:00:00+00:00,1823.0,18547.0,2922.0,0.0,207.0,358.0,5824.0,300.0,2200.0,1748.0,4319.0
2021-01-09 12:30:00+00:00,1817.0,18718.0,2934.0,0.0,177.0,379.0,5827.0,347.0,2260.0,28.0,1154.0
2021-01-09 13:00:00+00:00,1821.0,18788.0,2856.0,0.0,97.0,373.0,5829.0,391.0,2170.0,1698.0,4182.0
2021-01-09 13:30:00+00:00,1824.0,18731.0,2852.0,0.0,0.0,377.0,5835.0,389.0,1960.0,1706.0,4099.0
2021-01-09 14:00:00+00:00,1821.0,18590.0,2850.0,0.0,0.0,394.0,5837.0,353.0,1580.0,1713.0,4161.0
2021-01-09 14:30:00+00:00,1585.0,18722.0,2829.0,0.0,0.0,393.0,5841.0,202.0,1110.0,1691.0,4348.0
2021-01-09 15:00:00+00:00,1803.0,19118.0,2825.0,0.0,69.0,415.0,5836.0,203.0,600.0,1958.0,4341.0
2021-01-09 15:30:00+00:00,1828.0,19834.0,2802.0,0.0,0.0,405.0,5843.0,192.0,148.0,2035.0,4236.0
2021-01-09 16:00:00+00:00,1826.0,20425.0,2845.0,0.0,272.0,430.0,5843.0,193.0,8.0,2004.0,4207.0
2021-01-09 16:30:00+00:00,1830.0,21320.0,2853.0,0.0,761.0,447.0,5844.0,379.0,1.0,1874.0,4227.0
2021-01-09 17:00:00+00:00,1843.0,21479.0,2776.0,0.0,1389.0,466.0,5845.0,627.0,2.0,2100.0,4259.0
2021-01-09 17:30:00+00:00,1828.0,21639.0,2878.0,0.0,1596.0,633.0,5841.0,634.0,1.0,2194.0,4016.0
2021-01-09 18:00:00+00:00,1821.0,21591.0,2917.0,0.0,1576.0,550.0,5826.0,645.0,0.0,2191.0,4050.0
2021-01-09 18:30:00+00:00,1607.0,21721.0,2887.0,0.0,1266.0,508.0,5833.0,575.0,0.0,2436.0,3816.0
2021-01-09 19:00:00+00:00,1497.0,21579.0,2585.0,0.0,299.0,477.0,5819.0,521.0,1.0,2433.0,3668.0
2021-01-09 19:30:00+00:00,1496.0,20929.0,1947.0,0.0,180.0,468.0,5812.0,330.0,0.0,2713.0,3503.0
2021-01-09 20:00:00+00:00,1192.0,20615.0,1869.0,0.0,81.0,399.0,5816.0,230.0,1.0,3134.0,3181.0
2021-01-09 20:30:00+00:00,1194.0,19637.0,1621.0,0.0,0.0,371.0,5819.0,218.0,0.0,3108.0,3135.0
2021-01-09 21:00:00+00:00,1195.0,18494.0,1483.0,0.0,0.0,333.0,5825.0,216.0,2.0,3244.0,3107.0
2021-01-09 21:30:00+00:00,1193.0,16764.0,1592.0,0.0,240.0,347.0,5814.0,214.0,0.0,3080.0,3022.0
2021-01-09 22:00:00+00:00,1194.0,16047.0,1576.0,0.0,0.0,306.0,5824.0,214.0,0.0,3208.0,2901.0
2021-01-09 22:30:00+00:00,1193.0,14609.0,1273.0,0.0,0.0,285.0,5821.0,214.0,0.0,3154.0,2883.0
2021-01-09 23:00:00+00:00,1195.0,13326.0,715.0,0.0,61.0,285.0,5833.0,229.0,0.0,3251.0,2740.0
2021-01-09 23:30:00+00:00,1192.0,11771.0,929.0,0.0,0.0,303.0,5841.0,217.0,0.0,3282.0,2732.0
2021-01-10 00:00:00+00:00,1194.0,11548.0,719.0,0.0,0.0,286.0,5846.0,223.0,0.0,3316.0,2681.0
2021-01-10 00:30:00+00:00,1193.0,11621.0,736.0,0.0,78.0,286.0,5847.0,240.0,0.0,3391.0,2698.0
2021-01-10 01:00:00+00:00,1193.0,11737.0,785.0,0.0,0.0,301.0,5845.0,214.0,0.0,3318.0,2743.0
2021-01-10 01:30:00+00:00,1192.0,11400.0,739.0,0.0,0.0,285.0,5831.0,217.0,0.0,3323.0,2826.0
2021-01-10 02:00:00+00:00,1194.0,11448.0,585.0,0.0,0.0,285.0,5832.0,242.0,0.0,3097.0,2704.0
2021-01-10 02:30:00+00:00,1194.0,11347.0,732.0,0.0,0.0,282.0,5837.0,223.0,0.0,2916.0,2663.0
2021-01-10 03:00:00+00:00,1196.0,11283.0,731.0,0.0,0.0,282.0,5834.0,217.0,0.0,2817.0,2578.0
2021-01-10 03:30:00+00:00,1195.0,10914.0,731.0,0.0,0.0,286.0,5830.0,232.0,0.0,2617.0,2449.0
2021-01-10 04:00:00+00:00,1191.0,11210.0,732.0,0.0,0.0,294.0,5838.0,240.0,0.0,2500.0,2261.0
2021-01-10 04:30:00+00:00,1195.0,11364.0,578.0,0.0,0.0,292.0,5827.0,271.0,0.0,2380.0,2070.0
2021-01-10 05:00:00+00:00,1194.0,11512.0,683.0,0.0,0.0,314.0,5830.0,255.0,0.0,2393.0,1961.0
2021-01-10 05:30:00+00:00,1195.0,11182.0,732.0,0.0,0.0,355.0,5831.0,223.0,0.0,2753.0,1932.0
2021-01-10 06:00:00+00:00,1195.0,11198.0,857.0,0.0,0.0,371.0,5837.0,214.0,0.0,2589.0,1899.0
2021-01-10 06:30:00+00:00,1195.0,11435.0,1328.0,0.0,0.0,380.0,5839.0,216.0,0.0,2615.0,1956.0
2021-01-10 07:00:00+00:00,1194.0,12058.0,1565.0,0.0,0.0,408.0,5845.0,216.0,0.0,2455.0,1992.0
2021-01-10 07:30:00+00:00,1192.0,12370.0,1905.0,0.0,0.0,393.0,5838.0,216.0,0.0,2609.0,2023.0
2021-01-10 08:00:00+00:00,1192.0,12394.0,2392.0,0.0,0.0,383.0,5841.0,156.0,11.0,2619.0,1957.0
2021-01-10 08:30:00+00:00,1194.0,13061.0,2585.0,0.0,0.0,405.0,5835.0,156.0,104.0,2443.0,1942.0
2021-01-10 09:00:00+00:00,1182.0,14214.0,2809.0,0.0,0.0,433.0,5835.0,158.0,282.0,2511.0,2089.0
2021-01-10 09:30:00+00:00,1179.0,15909.0,2840.0,0.0,0.0,431.0,5837.0,158.0,506.0,2530.0,2158.0
2021-01-10 10:00:00+00:00,1175.0,17371.0,2785.0,0.0,0.0,448.0,5832.0,163.0,708.0,2387.0,2294.0
2021-01-10 10:30:00+00:00,1168.0,17217.0,2859.0,0.0,215.0,451.0,5829.0,224.0,965.0,2377.0,2513.0
2021-01-10 11:00:00+00:00,1176.0,17672.0,2870.0,0.0,148.0,442.0,5842.0,346.0,1290.0,2432.0,2977.0
2021-01-10 11:30:00+00:00,1177.0,18076.0,2865.0,0.0,0.0,445.0,5838.0,245.0,1410.0,2591.0,3022.0
2021-01-10 12:00:00+00:00,1175.0,18623.0,2869.0,0.0,117.0,465.0,5833.0,260.0,1260.0,2521.0,3206.0
2021-01-10 12:30:00+00:00,1177.0,18802.0,2865.0,0.0,601.0,463.0,5836.0,216.0,1110.0,2507.0,3328.0
2021-01-10 13:00:00+00:00,1202.0,19176.0,2864.0,0.0,151.0,454.0,5855.0,252.0,987.0,2355.0,3404.0
2021-01-10 13:30:00+00:00,1264.0,19342.0,2859.0,0.0,0.0,451.0,5838.0,273.0,764.0,2458.0,3694.0
2021-01-10 14:00:00+00:00,1410.0,19506.0,2864.0,0.0,0.0,468.0,5836.0,221.0,543.0,2266.0,3868.0
2021-01-10 14:30:00+00:00,1674.0,19584.0,2868.0,0.0,0.0,466.0,5846.0,189.0,336.0,2228.0,3927.0
2021-01-10 15:00:00+00:00,1793.0,19879.0,2845.0,0.0,0.0,488.0,5835.0,189.0,162.0,2152.0,3979.0
2021-01-10 15:30:00+00:00,1801.0,20131.0,2837.0,0.0,0.0,507.0,5842.0,189.0,35.0,2070.0,4100.0
2021-01-10 16:00:00+00:00,1819.0,20577.0,2844.0,0.0,299.0,538.0,5834.0,195.0,2.0,2350.0,4189.0
2021-01-10 16:30:00+00:00,1818.0,20961.0,2990.0,0.0,1200.0,601.0,5839.0,345.0,0.0,55.0,1428.0
2021-01-10 17:00:00+00:00,1841.0,21124.0,2996.0,0.0,1044.0,600.0,5845.0,470.0,2.0,2684.0,4312.0
2021-01-10 17:30:00+00:00,1842.0,20828.0,2957.0,0.0,1205.0,599.0,5837.0,445.0,0.0,3249.0,4209.0
2021-01-10 18:00:00+00:00,1842.0,20948.0,2533.0,0.0,1013.0,588.0,5838.0,401.0,0.0,3328.0,4489.0
2021-01-10 18:30:00+00:00,1845.0,20289.0,2537.0,0.0,618.0,562.0,5836.0,280.0,0.0,2958.0,4520.0
2021-01-10 19:00:00+00:00,1837.0,18875.0,2417.0,0.0,0.0,561.0,5838.0,226.0,0.0,3321.0,4693.0
2021-01-10 19:30:00+00:00,1837.0,16839.0,1931.0,0.0,0.0,543.0,5843.0,222.0,0.0,3726.0,5023.0
2021-01-10 20:00:00+00:00,1644.0,16361.0,1161.0,0.0,0.0,494.0,5829.0,221.0,1.0,3838.0,5229.0
2021-01-10 20:30:00+00:00,1507.0,15092.0,877.0,0.0,0.0,478.0,5834.0,225.0,0.0,4034.0,5474.0
2021-01-10 21:00:00+00:00,1192.0,13731.0,1011.0,0.0,0.0,429.0,5829.0,210.0,0.0,4325.0,5658.0
2021-01-10 21:30:00+00:00,1188.0,12116.0,488.0,0.0,0.0,436.0,5829.0,210.0,0.0,4583.0,5680.0
2021-01-10 22:00:00+00:00,1187.0,10681.0,311.0,0.0,44.0,427.0,5835.0,226.0,0.0,4903.0,5797.0
2021-01-10 22:30:00+00:00,1183.0,9710.0,1.0,0.0,0.0,406.0,5831.0,221.0,0.0,5115.0,5529.0
2021-01-10 23:00:00+00:00,1185.0,7566.0,0.0,0.0,0.0,402.0,5828.0,212.0,0.0,5223.0,5706.0
2021-01-10 23:30:00+00:00,1154.0,5664.0,0.0,0.0,10.0,400.0,5828.0,228.0,0.0,5219.0,5414.0
2021-01-11 00:00:00+00:00,1154.0,6442.0,0.0,0.0,0.0,402.0,5836.0,227.0,0.0,5163.0,5700.0
2021-01-11 00:30:00+00:00,1158.0,6964.0,0.0,0.0,0.0,344.0,5832.0,229.0,0.0,5320.0,5828.0
2021-01-11 01:00:00+00:00,1158.0,6712.0,0.0,0.0,0.0,366.0,5830.0,226.0,0.0,5252.0,6174.0
2021-01-11 01:30:00+00:00,1159.0,6222.0,0.0,0.0,0.0,342.0,5847.0,161.0,0.0,5505.0,6011.0
2021-01-11 02:00:00+00:00,1156.0,5993.0,0.0,0.0,0.0,345.0,5832.0,181.0,0.0,5517.0,6082.0
2021-01-11 02:30:00+00:00,1153.0,6115.0,0.0,0.0,0.0,342.0,5831.0,189.0,0.0,5356.0,5839.0
2021-01-11 03:00:00+00:00,1134.0,6570.0,0.0,0.0,0.0,344.0,5830.0,176.0,0.0,5470.0,5796.0
2021-01-11 03:30:00+00:00,1138.0,6925.0,0.0,0.0,0.0,348.0,5832.0,166.0,0.0,5385.0,5700.0
2021-01-11 04:00:00+00:00,1141.0,6866.0,0.0,0.0,0.0,349.0,5838.0,167.0,0.0,5217.0,5809.0
2021-01-11 04:30:00+00:00,1145.0,6909.0,0.0,0.0,0.0,370.0,5838.0,164.0,0.0,5128.0,5856.0
2021-01-11 05:00:00+00:00,1144.0,6423.0,147.0,0.0,0.0,371.0,5827.0,178.0,0.0,5151.0,5990.0
2021-01-11 05:30:00+00:00,1570.0,5944.0,275.0,0.0,0.0,373.0,5837.0,177.0,0.0,5252.0,5936.0
2021-01-11 06:00:00+00:00,1720.0,7350.0,373.0,0.0,86.0,376.0,5832.0,182.0,0.0,5264.0,5853.0
2021-01-11 06:30:00+00:00,1828.0,9361.0,760.0,0.0,0.0,376.0,5834.0,163.0,0.0,5230.0,6319.0
2021-01-11 07:00:00+00:00,1831.0,12050.0,366.0,0.0,105.0,405.0,5836.0,191.0,0.0,5115.0,6464.0
2021-01-11 07:30:00+00:00,1830.0,14081.0,584.0,0.0,239.0,444.0,5833.0,174.0,0.0,5176.0,6537.0
2021-01-11 08:00:00+00:00,1832.0,15358.0,745.0,0.0,333.0,480.0,5832.0,168.0,6.0,5348.0,6450.0
2021-01-11 08:30:00+00:00,1834.0,16133.0,1325.0,0.0,437.0,520.0,5832.0,218.0,81.0,5399.0,6327.0
2021-01-11 09:00:00+00:00,1833.0,16214.0,1772.0,0.0,586.0,520.0,5841.0,341.0,248.0,5454.0,6479.0
2021-01-11 09:30:00+00:00,1832.0,16192.0,1944.0,0.0,677.0,550.0,5838.0,360.0,412.0,5489.0,6471.0
2021-01-11 10:00:00+00:00,1824.0,16499.0,1953.0,0.0,586.0,538.0,5839.0,345.0,600.0,5585.0,6548.0
2021-01-11 10:30:00+00:00,1827.0,16723.0,1916.0,0.0,662.0,542.0,5821.0,314.0,744.0,5568.0,6605.0
2021-01-11 11:00:00+00:00,1835.0,16809.0,1950.0,0.0,921.0,543.0,5814.0,254.0,852.0,5605.0,6790.0
2021-01-11 11:30:00+00:00,1787.0,16986.0,1956.0,0.0,320.0,545.0,5816.0,175.0,989.0,5621.0,6752.0
2021-01-11 12:00:00+00:00,1785.0,17253.0,1957.0,0.0,109.0,548.0,5807.0,175.0,967.0,5762.0,6728.0
2021-01-11 12:30:00+00:00,1785.0,17530.0,1937.0,0.0,0.0,556.0,5816.0,256.0,977.0,5791.0,6620.0
2021-01-11 13:00:00+00:00,1785.0,17022.0,1959.0,0.0,0.0,560.0,5812.0,184.0,923.0,5874.0,6721.0
2021-01-11 13:30:00+00:00,1807.0,16567.0,1658.0,0.0,0.0,560.0,5811.0,169.0,828.0,5981.0,6722.0
2021-01-11 14:00:00+00:00,1811.0,16449.0,1518.0,0.0,0.0,551.0,5810.0,182.0,612.0,5903.0,6732.0
2021-01-11 14:30:00+00:00,1799.0,16471.0,1558.0,0.0,0.0,544.0,5816.0,181.0,426.0,5896.0,6662.0
2021-01-11 15:00:00+00:00,1830.0,16899.0,1779.0,0.0,0.0,549.0,5811.0,181.0,220.0,6046.0,6648.0
2021-01-11 15:30:00+00:00,1835.0,16684.0,1933.0,0.0,0.0,563.0,5821.0,180.0,62.0,6208.0,6616.0
2021-01-11 16:00:00+00:00,1843.0,16309.0,1922.0,0.0,299.0,555.0,5813.0,187.0,5.0,6193.0,6320.0
2021-01-11 16:30:00+00:00,1837.0,17005.0,1739.0,0.0,654.0,572.0,5813.0,303.0,0.0,6024.0,6325.0
2021-01-11 17:00:00+00:00,1839.0,17111.0,1773.0,0.0,1111.0,580.0,5817.0,455.0,1.0,6198.0,5928.0
2021-01-11 17:30:00+00:00,1840.0,17287.0,1890.0,0.0,898.0,578.0,5818.0,365.0,1.0,6146.0,5926.0
2021-01-11 18:00:00+00:00,1835.0,17260.0,1917.0,0.0,832.0,592.0,5818.0,383.0,1.0,6268.0,5602.0
2021-01-11 18:30:00+00:00,1836.0,16622.0,1929.0,0.0,630.0,594.0,5819.0,295.0,1.0,6285.0,5511.0
2021-01-11 19:00:00+00:00,1835.0,15644.0,1921.0,0.0,176.0,584.0,5815.0,245.0,0.0,6267.0,5250.0
2021-01-11 19:30:00+00:00,1836.0,14218.0,1644.0,0.0,297.0,585.0,5825.0,223.0,2.0,6367.0,5137.0
2021-01-11 20:00:00+00:00,1810.0,14157.0,1389.0,0.0,432.0,539.0,5817.0,214.0,0.0,6162.0,4910.0
2021-01-11 20:30:00+00:00,1510.0,14141.0,1013.0,0.0,297.0,539.0,5827.0,204.0,0.0,6061.0,4782.0
2021-01-11 21:00:00+00:00,1493.0,12351.0,1300.0,0.0,408.0,583.0,5831.0,211.0,0.0,6075.0,4565.0
2021-01-11 21:30:00+00:00,1503.0,10859.0,1277.0,0.0,474.0,599.0,5848.0,315.0,0.0,5918.0,4380.0
2021-01-11 22:00:00+00:00,1495.0,10049.0,1272.0,0.0,66.0,621.0,5866.0,258.0,0.0,5723.0,3932.0
2021-01-11 22:30:00+00:00,1497.0,9102.0,739.0,0.0,0.0,599.0,5876.0,180.0,0.0,5839.0,3980.0
2021-01-11 23:00:00+00:00,1494.0,7746.0,783.0,0.0,0.0,579.0,5874.0,179.0,0.0,5755.0,3707.0
2021-01-11 23:30:00+00:00,1470.0,7450.0,738.0,0.0,0.0,574.0,5869.0,179.0,0.0,5541.0,3461.0
2021-01-12 00:00:00+00:00,1397.0,6915.0,841.0,0.0,0.0,543.0,5878.0,180.0,0.0,5815.0,3317.0
2021-01-12 00:30:00+00:00,1393.0,7537.0,635.0,0.0,120.0,542.0,5873.0,178.0,0.0,5479.0,3321.0
2021-01-12 01:00:00+00:00,1398.0,8091.0,726.0,0.0,64.0,507.0,5871.0,178.0,0.0,4891.0,3198.0
2021-01-12 01:30:00+00:00,1394.0,7906.0,680.0,0.0,0.0,507.0,5877.0,178.0,0.0,5250.0,3168.0
2021-01-12 02:00:00+00:00,1395.0,6858.0,629.0,0.0,0.0,505.0,5878.0,178.0,0.0,5229.0,3238.0
2021-01-12 02:30:00+00:00,1397.0,6557.0,630.0,0.0,0.0,504.0,5884.0,182.0,0.0,5127.0,3241.0
2021-01-12 03:00:00+00:00,1396.0,7076.0,659.0,0.0,0.0,503.0,5861.0,183.0,0.0,5082.0,3197.0
2021-01-12 03:30:00+00:00,1397.0,7114.0,670.0,0.0,0.0,504.0,5870.0,178.0,0.0,4867.0,3128.0
2021-01-12 04:00:00+00:00,1395.0,6767.0,672.0,0.0,0.0,503.0,5877.0,178.0,0.0,5204.0,3119.0
2021-01-12 04:30:00+00:00,1407.0,6758.0,758.0,0.0,0.0,505.0,5880.0,186.0,0.0,5131.0,3109.0
2021-01-12 05:00:00+00:00,1403.0,7365.0,746.0,0.0,0.0,501.0,5883.0,182.0,0.0,4986.0,3043.0
2021-01-12 05:30:00+00:00,1401.0,7884.0,931.0,0.0,0.0,499.0,5875.0,178.0,0.0,4753.0,3004.0
2021-01-12 06:00:00+00:00,1398.0,9269.0,1733.0,0.0,0.0,515.0,5889.0,177.0,2.0,4401.0,2914.0
2021-01-12 06:30:00+00:00,1405.0,11098.0,2468.0,0.0,0.0,517.0,5873.0,184.0,0.0,4159.0,2925.0
2021-01-12 07:00:00+00:00,1401.0,15022.0,2827.0,0.0,48.0,524.0,5897.0,178.0,0.0,3970.0,2721.0
2021-01-12 07:30:00+00:00,1485.0,17612.0,3034.0,0.0,0.0,537.0,5888.0,179.0,0.0,3938.0,2709.0
2021-01-12 08:00:00+00:00,1525.0,18584.0,3560.0,0.0,83.0,578.0,5881.0,180.0,1.0,3991.0,2503.0
2021-01-12 08:30:00+00:00,1761.0,19028.0,3815.0,0.0,339.0,575.0,5886.0,314.0,49.0,3646.0,2495.0
2021-01-12 09:00:00+00:00,1796.0,18569.0,3839.0,0.0,378.0,572.0,5902.0,435.0,328.0,3475.0,2253.0
2021-01-12 09:30:00+00:00,1771.0,18985.0,3783.0,0.0,0.0,561.0,5899.0,446.0,679.0,3544.0,2140.0
2021-01-12 10:00:00+00:00,1774.0,19017.0,3911.0,0.0,0.0,557.0,5927.0,316.0,1040.0,3667.0,1958.0
2021-01-12 10:30:00+00:00,1769.0,19347.0,3814.0,0.0,436.0,572.0,5931.0,212.0,1480.0,3512.0,1843.0
2021-01-12 11:00:00+00:00,1772.0,19545.0,3851.0,0.0,0.0,606.0,5953.0,251.0,1700.0,3412.0,1742.0
2021-01-12 11:30:00+00:00,1761.0,19415.0,3508.0,0.0,0.0,832.0,5954.0,190.0,1870.0,3387.0,1718.0
2021-01-12 12:00:00+00:00,1756.0,20023.0,3798.0,0.0,300.0,582.0,5961.0,382.0,1950.0,3439.0,1641.0
2021-01-12 12:30:00+00:00,1750.0,20359.0,3821.0,0.0,0.0,578.0,5953.0,396.0,1950.0,3286.0,1643.0
2021-01-12 13:00:00+00:00,1756.0,20298.0,3809.0,0.0,0.0,562.0,5962.0,369.0,1760.0,3431.0,1543.0
2021-01-12 13:30:00+00:00,1759.0,19875.0,3807.0,0.0,0.0,575.0,5837.0,337.0,1540.0,3454.0,1604.0
2021-01-12 14:00:00+00:00,1761.0,20223.0,3325.0,0.0,52.0,587.0,5825.0,203.0,1150.0,3470.0,1574.0
2021-01-12 14:30:00+00:00,1761.0,20535.0,3188.0,0.0,0.0,576.0,5825.0,281.0,653.0,3622.0,1546.0
2021-01-12 15:00:00+00:00,1760.0,20768.0,3196.0,0.0,287.0,590.0,5828.0,272.0,302.0,3446.0,1500.0
2021-01-12 15:30:00+00:00,1764.0,20806.0,3152.0,0.0,949.0,595.0,5824.0,420.0,76.0,3253.0,1547.0
2021-01-12 16:00:00+00:00,1763.0,21056.0,2885.0,0.0,1608.0,728.0,5826.0,406.0,4.0,3346.0,1447.0
2021-01-12 16:30:00+00:00,1765.0,21408.0,2829.0,0.0,1961.0,947.0,5825.0,481.0,1.0,3173.0,1400.0
2021-01-12 17:00:00+00:00,1776.0,22440.0,3085.0,0.0,2100.0,956.0,5828.0,610.0,1.0,2995.0,1339.0
2021-01-12 17:30:00+00:00,1778.0,22450.0,3141.0,0.0,2111.0,1014.0,5845.0,614.0,0.0,2964.0,1333.0
2021-01-12 18:00:00+00:00,1776.0,22071.0,3141.0,0.0,2104.0,929.0,5840.0,565.0,0.0,3237.0,1294.0
2021-01-12 18:30:00+00:00,1779.0,21628.0,3123.0,0.0,1817.0,934.0,5848.0,525.0,0.0,3235.0,1255.0
2021-01-12 19:00:00+00:00,1779.0,21564.0,3173.0,0.0,1347.0,988.0,5844.0,326.0,1.0,3365.0,1146.0
2021-01-12 19:30:00+00:00,1765.0,21270.0,3170.0,0.0,1005.0,900.0,5850.0,347.0,0.0,3244.0,1132.0
2021-01-12 20:00:00+00:00,1768.0,20922.0,3188.0,0.0,701.0,599.0,5849.0,252.0,0.0,3327.0,1039.0
2021-01-12 20:30:00+00:00,1748.0,20405.0,3219.0,0.0,338.0,523.0,5850.0,174.0,0.0,3081.0,1026.0
2021-01-12 21:00:00+00:00,1748.0,19909.0,3216.0,0.0,22.0,477.0,5848.0,227.0,0.0,2959.0,1000.0
2021-01-12 21:30:00+00:00,1749.0,18859.0,3202.0,0.0,223.0,465.0,5834.0,160.0,1.0,2779.0,993.0
2021-01-12 22:00:00+00:00,1744.0,18187.0,3217.0,0.0,164.0,427.0,5842.0,172.0,0.0,2730.0,957.0
2021-01-12 22:30:00+00:00,1743.0,17194.0,2864.0,0.0,0.0,442.0,5841.0,156.0,0.0,2705.0,954.0
2021-01-12 23:00:00+00:00,1733.0,15262.0,2912.0,0.0,0.0,439.0,5772.0,156.0,0.0,2714.0,1013.0
2021-01-12 23:30:00+00:00,1714.0,14032.0,2945.0,0.0,0.0,446.0,5772.0,166.0,0.0,51.0,582.0
2021-01-13 00:00:00+00:00,1714.0,13466.0,2935.0,0.0,0.0,453.0,5771.0,156.0,0.0,2669.0,912.0
2021-01-13 00:30:00+00:00,1712.0,13473.0,2938.0,0.0,0.0,447.0,5775.0,157.0,1.0,2641.0,915.0
2021-01-13 01:00:00+00:00,1715.0,13695.0,2939.0,0.0,0.0,448.0,5778.0,157.0,0.0,2589.0,927.0
2021-01-13 01:30:00+00:00,1713.0,13632.0,2678.0,0.0,0.0,445.0,5777.0,157.0,0.0,2586.0,944.0
2021-01-13 02:00:00+00:00,1715.0,12934.0,2661.0,0.0,0.0,445.0,5785.0,157.0,0.0,2610.0,978.0
2021-01-13 02:30:00+00:00,1699.0,12829.0,2403.0,0.0,0.0,446.0,5775.0,162.0,0.0,41.0,597.0
2021-01-13 03:00:00+00:00,1747.0,12554.0,2402.0,0.0,0.0,442.0,5779.0,156.0,0.0,2585.0,1045.0
2021-01-13 03:30:00+00:00,1715.0,12432.0,2404.0,0.0,0.0,442.0,5772.0,159.0,0.0,2531.0,1060.0
2021-01-13 04:00:00+00:00,1719.0,12108.0,2409.0,0.0,0.0,417.0,5768.0,156.0,0.0,2507.0,1107.0
2021-01-13 04:30:00+00:00,1716.0,12079.0,2402.0,0.0,0.0,407.0,5747.0,156.0,0.0,2468.0,1099.0
2021-01-13 05:00:00+00:00,1723.0,12601.0,2416.0,0.0,0.0,407.0,5769.0,157.0,0.0,2371.0,1183.0
2021-01-13 05:30:00+00:00,1719.0,13001.0,2397.0,0.0,0.0,407.0,5765.0,163.0,0.0,2262.0,1185.0
2021-01-13 06:00:00+00:00,1721.0,13908.0,2853.0,0.0,37.0,412.0,5777.0,173.0,0.0,2243.0,1211.0
2021-01-13 06:30:00+00:00,1785.0,16404.0,2972.0,0.0,0.0,430.0,5775.0,155.0,0.0,2313.0,1238.0
2021-01-13 07:00:00+00:00,1778.0,18415.0,3058.0,0.0,15.0,478.0,5772.0,159.0,0.0,2315.0,1245.0
2021-01-13 07:30:00+00:00,1772.0,20270.0,3136.0,0.0,99.0,482.0,5784.0,163.0,0.0,2384.0,1277.0
2021-01-13 08:00:00+00:00,1769.0,20734.0,3146.0,0.0,219.0,520.0,5766.0,163.0,1.0,2265.0,1268.0
2021-01-13 08:30:00+00:00,1771.0,21004.0,3169.0,0.0,506.0,586.0,5771.0,295.0,33.0,2224.0,1284.0
2021-01-13 09:00:00+00:00,1770.0,21144.0,3218.0,0.0,703.0,827.0,5775.0,424.0,144.0,2164.0,1274.0
2021-01-13 09:30:00+00:00,1699.0,21270.0,3244.0,0.0,887.0,874.0,5772.0,432.0,254.0,2124.0,1274.0
2021-01-13 10:00:00+00:00,1768.0,21379.0,3234.0,0.0,886.0,869.0,5774.0,503.0,397.0,2051.0,1317.0
2021-01-13 10:30:00+00:00,1730.0,21670.0,3205.0,0.0,1185.0,865.0,5758.0,523.0,517.0,1932.0,1288.0
2021-01-13 11:00:00+00:00,1771.0,21606.0,3244.0,0.0,886.0,858.0,5753.0,521.0,583.0,2048.0,1342.0
2021-01-13 11:30:00+00:00,1776.0,21458.0,3251.0,0.0,1096.0,765.0,5754.0,537.0,632.0,2037.0,1384.0
2021-01-13 12:00:00+00:00,1774.0,21739.0,3241.0,0.0,1484.0,930.0,5754.0,539.0,660.0,1912.0,1451.0
2021-01-13 12:30:00+00:00,1776.0,21645.0,3181.0,0.0,1447.0,860.0,5754.0,520.0,611.0,1833.0,1451.0
2021-01-13 13:00:00+00:00,1786.0,21554.0,3183.0,0.0,1208.0,947.0,5753.0,499.0,564.0,1896.0,1523.0
2021-01-13 13:30:00+00:00,1747.0,21271.0,3221.0,0.0,1161.0,906.0,5748.0,479.0,475.0,1803.0,1554.0
2021-01-13 14:00:00+00:00,1790.0,21071.0,3098.0,0.0,1389.0,970.0,5750.0,494.0,352.0,1431.0,1562.0
2021-01-13 14:30:00+00:00,1791.0,21302.0,3208.0,0.0,1102.0,811.0,5757.0,512.0,239.0,1414.0,1620.0
2021-01-13 15:00:00+00:00,1792.0,20915.0,3240.0,0.0,1303.0,848.0,5749.0,394.0,126.0,1487.0,1679.0
2021-01-13 15:30:00+00:00,1796.0,20988.0,3233.0,0.0,1315.0,880.0,5758.0,380.0,35.0,1400.0,1733.0
2021-01-13 16:00:00+00:00,1827.0,20971.0,3232.0,0.0,1070.0,931.0,5751.0,364.0,3.0,1549.0,1772.0
2021-01-13 16:30:00+00:00,1828.0,21506.0,3248.0,0.0,1395.0,1090.0,5754.0,448.0,0.0,1557.0,1753.0
2021-01-13 17:00:00+00:00,1830.0,22164.0,3262.0,0.0,1626.0,1092.0,5758.0,613.0,1.0,1646.0,1801.0
2021-01-13 17:30:00+00:00,1826.0,21879.0,3279.0,0.0,1894.0,1092.0,5765.0,612.0,0.0,1667.0,1908.0
2021-01-13 18:00:00+00:00,1832.0,21558.0,3268.0,0.0,1781.0,1093.0,5656.0,559.0,0.0,21.0,1044.0
2021-01-13 18:30:00+00:00,1828.0,21994.0,3243.0,0.0,1597.0,1087.0,5542.0,499.0,0.0,1587.0,2062.0
2021-01-13 19:00:00+00:00,1832.0,21505.0,3230.0,0.0,1093.0,1058.0,5581.0,468.0,0.0,1436.0,2110.0
2021-01-13 19:30:00+00:00,1831.0,21236.0,3110.0,0.0,235.0,1060.0,5588.0,398.0,0.0,1494.0,2137.0
2021-01-13 20:00:00+00:00,1822.0,21019.0,2960.0,0.0,618.0,944.0,5577.0,354.0,0.0,1478.0,2147.0
2021-01-13 20:30:00+00:00,1816.0,20473.0,3174.0,0.0,100.0,729.0,5572.0,300.0,0.0,1290.0,2211.0
2021-01-13 21:00:00+00:00,1806.0,19470.0,3153.0,0.0,30.0,539.0,5582.0,217.0,0.0,1266.0,2266.0
2021-01-13 21:30:00+00:00,1796.0,17574.0,3140.0,0.0,0.0,523.0,5578.0,159.0,0.0,1321.0,2340.0
2021-01-13 22:00:00+00:00,1782.0,16395.0,2847.0,0.0,0.0,453.0,5586.0,159.0,0.0,1206.0,2377.0
2021-01-13 22:30:00+00:00,1789.0,14622.0,2997.0,0.0,0.0,474.0,5762.0,158.0,0.0,1359.0,2425.0
2021-01-13 23:00:00+00:00,1775.0,13992.0,2842.0,0.0,0.0,492.0,5836.0,157.0,0.0,1498.0,2446.0
2021-01-13 23:30:00+00:00,1473.0,12602.0,2827.0,0.0,0.0,489.0,5833.0,162.0,0.0,1402.0,2473.0
2021-01-14 00:00:00+00:00,1450.0,11866.0,2822.0,0.0,0.0,486.0,5849.0,207.0,0.0,1456.0,2584.0
2021-01-14 00:30:00+00:00,1451.0,11972.0,2782.0,0.0,0.0,491.0,5849.0,157.0,0.0,1492.0,2606.0
2021-01-14 01:00:00+00:00,1392.0,11848.0,2792.0,0.0,0.0,495.0,5859.0,172.0,0.0,1459.0,2602.0
2021-01-14 01:30:00+00:00,1391.0,11280.0,2839.0,0.0,0.0,472.0,5850.0,156.0,1.0,1454.0,2622.0
2021-01-14 02:00:00+00:00,1390.0,10884.0,2339.0,0.0,0.0,443.0,5851.0,236.0,0.0,1492.0,2532.0
2021-01-14 02:30:00+00:00,1445.0,10633.0,2337.0,0.0,0.0,424.0,5862.0,159.0,1.0,1623.0,2521.0
2021-01-14 03:00:00+00:00,1450.0,10018.0,2329.0,0.0,0.0,422.0,5851.0,184.0,0.0,1970.0,2494.0
2021-01-14 03:30:00+00:00,1445.0,9335.0,2322.0,0.0,0.0,417.0,5860.0,160.0,1.0,2512.0,2403.0
2021-01-14 04:00:00+00:00,1392.0,9093.0,1910.0,0.0,0.0,418.0,5861.0,164.0,0.0,3021.0,2422.0
2021-01-14 04:30:00+00:00,1452.0,8907.0,1786.0,0.0,0.0,416.0,5859.0,157.0,0.0,3299.0,2416.0
2021-01-14 05:00:00+00:00,1419.0,9944.0,1907.0,0.0,0.0,442.0,5853.0,161.0,0.0,3452.0,2479.0
2021-01-14 05:30:00+00:00,1387.0,10085.0,2328.0,0.0,0.0,445.0,5847.0,158.0,0.0,3726.0,2440.0
2021-01-14 06:00:00+00:00,1440.0,11110.0,2366.0,0.0,149.0,461.0,5844.0,160.0,0.0,4329.0,2591.0
2021-01-14 06:30:00+00:00,1442.0,12668.0,2385.0,0.0,19.0,482.0,5847.0,189.0,0.0,5020.0,2655.0
2021-01-14 07:00:00+00:00,1467.0,14827.0,2493.0,0.0,0.0,493.0,5840.0,193.0,0.0,5205.0,2770.0
2021-01-14 07:30:00+00:00,1708.0,16882.0,2560.0,0.0,0.0,468.0,5631.0,161.0,0.0,5216.0,2820.0
2021-01-14 08:00:00+00:00,1697.0,18191.0,2614.0,0.0,0.0,446.0,5626.0,163.0,0.0,5461.0,2913.0
2021-01-14 08:30:00+00:00,1703.0,19103.0,3081.0,0.0,92.0,447.0,5620.0,206.0,11.0,5531.0,2892.0
2021-01-14 09:00:00+00:00,1718.0,19260.0,3131.0,0.0,0.0,453.0,5626.0,174.0,61.0,5533.0,2938.0
2021-01-14 09:30:00+00:00,1684.0,19790.0,3122.0,0.0,0.0,455.0,5626.0,176.0,133.0,5559.0,2996.0
2021-01-14 10:00:00+00:00,1683.0,19580.0,3147.0,0.0,0.0,481.0,5630.0,165.0,228.0,5578.0,2997.0
2021-01-14 10:30:00+00:00,1758.0,19571.0,3141.0,0.0,0.0,517.0,5630.0,162.0,388.0,5550.0,3003.0
2021-01-14 11:00:00+00:00,1404.0,20002.0,3145.0,0.0,127.0,511.0,5635.0,159.0,496.0,5464.0,2958.0
2021-01-14 11:30:00+00:00,1511.0,20274.0,3137.0,0.0,0.0,511.0,5635.0,163.0,578.0,5461.0,2926.0
2021-01-14 12:00:00+00:00,1544.0,20660.0,3137.0,0.0,0.0,564.0,5636.0,310.0,621.0,185.0,1469.0
2021-01-14 12:30:00+00:00,1587.0,20720.0,3150.0,0.0,6.0,570.0,5758.0,438.0,596.0,185.0,1469.0
2021-01-14 13:00:00+00:00,1508.0,20830.0,3148.0,0.0,50.0,600.0,5840.0,452.0,554.0,274.0,1378.0
2021-01-14 13:30:00+00:00,1548.0,20851.0,3134.0,0.0,0.0,671.0,5851.0,462.0,525.0,271.0,1378.0
2021-01-14 14:00:00+00:00,1483.0,20482.0,3129.0,0.0,0.0,681.0,5844.0,446.0,445.0,177.0,1321.0
2021-01-14 14:30:00+00:00,1345.0,20522.0,3151.0,0.0,0.0,712.0,5853.0,339.0,368.0,177.0,1321.0
2021-01-14 15:00:00+00:00,1357.0,20322.0,3156.0,0.0,202.0,693.0,5850.0,162.0,230.0,245.0,1224.0
2021-01-14 15:30:00+00:00,1625.0,19909.0,3049.0,0.0,218.0,686.0,5858.0,162.0,101.0,171.0,1224.0
2021-01-14 16:00:00+00:00,1665.0,20151.0,3079.0,0.0,218.0,882.0,5854.0,263.0,13.0,165.0,1105.0
2021-01-14 16:30:00+00:00,1653.0,20690.0,3049.0,0.0,778.0,807.0,5863.0,446.0,0.0,165.0,1105.0
2021-01-14 17:00:00+00:00,1651.0,21189.0,3203.0,0.0,1144.0,897.0,5855.0,498.0,1.0,164.0,1006.0
2021-01-14 17:30:00+00:00,1661.0,20961.0,3300.0,0.0,1700.0,948.0,5864.0,539.0,1.0,164.0,1006.0
2021-01-14 18:00:00+00:00,1601.0,21230.0,3158.0,0.0,1777.0,941.0,5857.0,507.0,0.0,159.0,933.0
2021-01-14 18:30:00+00:00,1652.0,21230.0,3137.0,0.0,1366.0,1063.0,5855.0,497.0,0.0,159.0,933.0
2021-01-14 19:00:00+00:00,1708.0,20952.0,3207.0,0.0,1324.0,1031.0,5864.0,432.0,2.0,152.0,838.0
2021-01-14 19:30:00+00:00,1646.0,21301.0,3193.0,0.0,689.0,930.0,5857.0,462.0,1.0,152.0,838.0
2021-01-14 20:00:00+00:00,1742.0,21169.0,3260.0,0.0,240.0,834.0,5869.0,370.0,1.0,141.0,782.0
2021-01-14 20:30:00+00:00,1675.0,20500.0,3262.0,0.0,0.0,714.0,5847.0,281.0,0.0,141.0,782.0
2021-01-14 21:00:00+00:00,1768.0,19599.0,3264.0,0.0,180.0,562.0,5643.0,233.0,0.0,121.0,664.0
2021-01-14 21:30:00+00:00,1788.0,18612.0,3270.0,0.0,32.0,534.0,5643.0,184.0,0.0,121.0,664.0
2021-01-14 22:00:00+00:00,1830.0,17162.0,3268.0,0.0,269.0,520.0,5638.0,231.0,0.0,113.0,567.0
2021-01-14 22:30:00+00:00,1925.0,15470.0,3231.0,0.0,0.0,529.0,5649.0,163.0,0.0,113.0,567.0
2021-01-14 23:00:00+00:00,2041.0,15146.0,2427.0,0.0,0.0,527.0,5654.0,157.0,0.0,112.0,510.0
2021-01-14 23:30:00+00:00,1889.0,14203.0,2419.0,0.0,0.0,518.0,5736.0,159.0,0.0,112.0,510.0
2021-01-15 00:00:00+00:00,1968.0,13674.0,2418.0,0.0,1.0,500.0,5852.0,195.0,0.0,104.0,520.0
2021-01-15 00:30:00+00:00,1986.0,14419.0,2419.0,0.0,77.0,497.0,5870.0,202.0,2.0,151.0,530.0
2021-01-15 01:00:00+00:00,1961.0,14698.0,2423.0,0.0,0.0,493.0,5889.0,174.0,0.0,92.0,475.0
2021-01-15 01:30:00+00:00,1944.0,14358.0,2421.0,0.0,0.0,494.0,5910.0,158.0,1.0,92.0,475.0
2021-01-15 02:00:00+00:00,1947.0,13587.0,2419.0,0.0,0.0,494.0,5912.0,159.0,0.0,92.0,399.0
2021-01-15 02:30:00+00:00,1947.0,13692.0,2425.0,0.0,0.0,504.0,5922.0,172.0,0.0,140.0,410.0
2021-01-15 03:00:00+00:00,1928.0,13849.0,2428.0,0.0,0.0,502.0,5942.0,202.0,0.0,77.0,363.0
2021-01-15 03:30:00+00:00,1638.0,13869.0,2424.0,0.0,0.0,491.0,5954.0,160.0,0.0,77.0,363.0
2021-01-15 04:00:00+00:00,1604.0,13197.0,2428.0,0.0,0.0,491.0,5961.0,163.0,0.0,66.0,339.0
2021-01-15 04:30:00+00:00,1653.0,12998.0,2419.0,0.0,0.0,491.0,5971.0,177.0,0.0,79.0,339.0
2021-01-15 05:00:00+00:00,1750.0,13744.0,2429.0,0.0,0.0,491.0,5972.0,157.0,0.0,63.0,389.0
2021-01-15 05:30:00+00:00,2118.0,13665.0,2837.0,0.0,0.0,490.0,5977.0,169.0,0.0,63.0,389.0
2021-01-15 06:00:00+00:00,2388.0,16210.0,2810.0,0.0,66.0,491.0,5996.0,164.0,0.0,62.0,390.0
2021-01-15 06:30:00+00:00,2392.0,18689.0,3034.0,0.0,12.0,488.0,5991.0,190.0,0.0,1382.0,621.0
2021-01-15 07:00:00+00:00,2418.0,19663.0,3291.0,0.0,56.0,508.0,5984.0,162.0,1.0,1278.0,623.0
2021-01-15 07:30:00+00:00,2420.0,20996.0,3273.0,0.0,0.0,658.0,5806.0,286.0,0.0,1085.0,678.0
2021-01-15 08:00:00+00:00,2410.0,21180.0,3308.0,0.0,162.0,683.0,5806.0,351.0,6.0,1009.0,738.0
2021-01-15 08:30:00+00:00,2391.0,21630.0,3316.0,0.0,526.0,862.0,5803.0,413.0,85.0,984.0,767.0
2021-01-15 09:00:00+00:00,2396.0,22036.0,3307.0,0.0,1053.0,929.0,5809.0,470.0,267.0,921.0,827.0
2021-01-15 09:30:00+00:00,2395.0,22336.0,3303.0,0.0,873.0,928.0,5810.0,446.0,485.0,849.0,893.0
2021-01-15 10:00:00+00:00,2418.0,22326.0,3183.0,0.0,994.0,934.0,5814.0,498.0,728.0,889.0,991.0
2021-01-15 10:30:00+00:00,2418.0,22380.0,3209.0,0.0,1016.0,954.0,5848.0,506.0,1020.0,757.0,1097.0
2021-01-15 11:00:00+00:00,2417.0,22317.0,3249.0,0.0,904.0,843.0,5992.0,408.0,1170.0,718.0,1175.0
2021-01-15 11:30:00+00:00,2415.0,22347.0,3345.0,0.0,896.0,529.0,6003.0,431.0,1350.0,762.0,1247.0
2021-01-15 12:00:00+00:00,2410.0,22330.0,3326.0,0.0,896.0,552.0,6018.0,419.0,1510.0,804.0,1487.0
2021-01-15 12:30:00+00:00,2409.0,22215.0,3202.0,0.0,1169.0,872.0,6019.0,373.0,1620.0,805.0,1675.0
2021-01-15 13:00:00+00:00,2408.0,21705.0,3193.0,0.0,1196.0,799.0,6021.0,304.0,1600.0,832.0,1925.0
2021-01-15 13:30:00+00:00,2431.0,21219.0,2881.0,0.0,924.0,810.0,6029.0,224.0,1460.0,815.0,2148.0
2021-01-15 14:00:00+00:00,2405.0,21392.0,2858.0,0.0,757.0,744.0,6026.0,187.0,1270.0,759.0,2366.0
2021-01-15 14:30:00+00:00,2408.0,21130.0,2852.0,0.0,631.0,764.0,6035.0,170.0,968.0,793.0,2471.0
2021-01-15 15:00:00+00:00,2404.0,21189.0,2855.0,0.0,393.0,793.0,6043.0,247.0,584.0,823.0,2719.0
2021-01-15 15:30:00+00:00,2399.0,20867.0,2849.0,0.0,518.0,882.0,6049.0,264.0,239.0,946.0,2877.0
2021-01-15 16:00:00+00:00,2411.0,20835.0,2880.0,0.0,722.0,952.0,6043.0,298.0,29.0,980.0,3264.0
2021-01-15 16:30:00+00:00,2408.0,20820.0,2923.0,0.0,1736.0,1075.0,6039.0,328.0,0.0,1134.0,3372.0
2021-01-15 17:00:00+00:00,2412.0,22021.0,2947.0,0.0,1709.0,1090.0,6057.0,559.0,0.0,13.0,1111.0
2021-01-15 17:30:00+00:00,2409.0,21370.0,2846.0,0.0,1865.0,1103.0,6051.0,517.0,0.0,1476.0,3835.0
2021-01-15 18:00:00+00:00,2411.0,21171.0,2831.0,0.0,2015.0,1098.0,6058.0,443.0,3.0,1680.0,4068.0
2021-01-15 18:30:00+00:00,2403.0,20862.0,2902.0,0.0,1099.0,944.0,6063.0,519.0,0.0,1776.0,4277.0
2021-01-15 19:00:00+00:00,2386.0,19945.0,2855.0,0.0,447.0,850.0,6062.0,450.0,1.0,15.0,1388.0
2021-01-15 19:30:00+00:00,2389.0,18833.0,2852.0,0.0,448.0,837.0,6060.0,187.0,1.0,1967.0,4838.0
2021-01-15 20:00:00+00:00,2352.0,17610.0,2840.0,0.0,42.0,757.0,6064.0,215.0,1.0,1954.0,5029.0
2021-01-15 20:30:00+00:00,2193.0,16168.0,2854.0,0.0,0.0,575.0,6062.0,157.0,1.0,2103.0,5067.0
2021-01-15 21:00:00+00:00,2173.0,14956.0,2726.0,0.0,0.0,523.0,6063.0,158.0,1.0,2266.0,5347.0
2021-01-15 21:30:00+00:00,2062.0,13861.0,2154.0,0.0,0.0,505.0,6054.0,157.0,0.0,2362.0,5558.0
2021-01-15 22:00:00+00:00,2048.0,13278.0,1394.0,0.0,0.0,472.0,6071.0,158.0,0.0,2580.0,5727.0
2021-01-15 22:30:00+00:00,1577.0,12165.0,1345.0,0.0,0.0,459.0,6063.0,209.0,0.0,2687.0,5635.0
2021-01-15 23:00:00+00:00,1090.0,9702.0,1176.0,0.0,0.0,458.0,6073.0,168.0,0.0,2822.0,5646.0
2021-01-15 23:30:00+00:00,1087.0,7998.0,1022.0,0.0,0.0,434.0,6068.0,163.0,0.0,3050.0,5131.0
2021-01-16 00:00:00+00:00,1088.0,6955.0,1028.0,0.0,0.0,427.0,6082.0,163.0,0.0,3447.0,5166.0
2021-01-16 00:30:00+00:00,1084.0,6964.0,1023.0,0.0,0.0,425.0,6072.0,173.0,0.0,3598.0,5124.0
2021-01-16 01:00:00+00:00,1074.0,6935.0,790.0,0.0,0.0,424.0,6068.0,165.0,0.0,3795.0,5301.0
2021-01-16 01:30:00+00:00,1074.0,6158.0,544.0,0.0,0.0,424.0,6068.0,161.0,0.0,4110.0,5465.0
2021-01-16 02:00:00+00:00,1075.0,5680.0,548.0,0.0,0.0,423.0,6078.0,169.0,0.0,4752.0,5521.0
2021-01-16 02:30:00+00:00,1086.0,5204.0,507.0,0.0,0.0,423.0,6078.0,168.0,0.0,5149.0,5531.0
2021-01-16 03:00:00+00:00,1069.0,5501.0,302.0,0.0,0.0,423.0,6078.0,215.0,0.0,5351.0,5555.0
2021-01-16 03:30:00+00:00,1070.0,5274.0,315.0,0.0,0.0,407.0,6075.0,163.0,0.0,5640.0,5484.0
2021-01-16 04:00:00+00:00,1068.0,5387.0,314.0,0.0,0.0,407.0,6075.0,203.0,0.0,5945.0,5524.0
2021-01-16 04:30:00+00:00,1068.0,5367.0,315.0,0.0,0.0,406.0,6077.0,183.0,0.0,6090.0,5486.0
2021-01-16 05:00:00+00:00,1069.0,5393.0,316.0,0.0,0.0,403.0,6075.0,200.0,0.0,6315.0,5432.0
2021-01-16 05:30:00+00:00,1068.0,5634.0,315.0,0.0,0.0,404.0,6084.0,161.0,0.0,6582.0,5599.0
2021-01-16 06:00:00+00:00,1069.0,4948.0,316.0,0.0,0.0,403.0,6075.0,160.0,0.0,6645.0,5535.0
2021-01-16 06:30:00+00:00,1068.0,5220.0,317.0,0.0,0.0,463.0,6080.0,174.0,0.0,6523.0,5648.0
2021-01-16 07:00:00+00:00,1060.0,5520.0,319.0,0.0,0.0,502.0,6078.0,163.0,0.0,6537.0,5937.0
2021-01-16 07:30:00+00:00,1076.0,5955.0,322.0,0.0,0.0,488.0,6079.0,163.0,0.0,6611.0,6013.0
2021-01-16 08:00:00+00:00,1025.0,6073.0,507.0,0.0,0.0,462.0,6083.0,165.0,0.0,6609.0,6040.0
2021-01-16 08:30:00+00:00,1084.0,6757.0,508.0,0.0,270.0,488.0,6069.0,169.0,5.0,6637.0,6040.0
2021-01-16 09:00:00+00:00,1083.0,7663.0,552.0,0.0,389.0,502.0,6071.0,168.0,59.0,6800.0,6102.0
2021-01-16 09:30:00+00:00,1084.0,8419.0,759.0,0.0,238.0,536.0,6079.0,180.0,187.0,6839.0,6309.0
2021-01-16 10:00:00+00:00,1085.0,9091.0,907.0,0.0,470.0,526.0,6074.0,187.0,460.0,6880.0,6325.0
2021-01-16 10:30:00+00:00,1072.0,9614.0,1302.0,0.0,238.0,457.0,6077.0,189.0,1130.0,6869.0,6434.0
2021-01-16 11:00:00+00:00,1072.0,9046.0,1546.0,0.0,8.0,488.0,6080.0,173.0,1670.0,6847.0,6662.0
2021-01-16 11:30:00+00:00,1023.0,8709.0,1427.0,0.0,0.0,500.0,6082.0,185.0,1860.0,6899.0,6931.0
2021-01-16 12:00:00+00:00,1065.0,8867.0,1472.0,0.0,0.0,507.0,6082.0,181.0,1790.0,6765.0,6979.0
2021-01-16 12:30:00+00:00,1087.0,8995.0,1430.0,0.0,91.0,512.0,6086.0,176.0,1800.0,6613.0,7116.0
2021-01-16 13:00:00+00:00,1078.0,10173.0,1192.0,0.0,81.0,515.0,6087.0,197.0,1620.0,6507.0,7053.0
2021-01-16 13:30:00+00:00,1073.0,10663.0,1142.0,0.0,0.0,527.0,6087.0,171.0,1400.0,6552.0,6871.0
2021-01-16 14:00:00+00:00,1071.0,11209.0,1191.0,0.0,306.0,532.0,6086.0,191.0,1070.0,6412.0,6401.0
2021-01-16 14:30:00+00:00,1074.0,12034.0,1294.0,0.0,0.0,548.0,6090.0,194.0,733.0,5939.0,6400.0
2021-01-16 15:00:00+00:00,1096.0,12563.0,1661.0,0.0,393.0,564.0,6094.0,177.0,373.0,131.0,2424.0
2021-01-16 15:30:00+00:00,1097.0,13042.0,1799.0,0.0,387.0,564.0,6090.0,399.0,128.0,5147.0,6108.0
2021-01-16 16:00:00+00:00,1091.0,13231.0,1810.0,0.0,441.0,595.0,6085.0,396.0,20.0,4825.0,5681.0
2021-01-16 16:30:00+00:00,1097.0,14118.0,1812.0,0.0,785.0,676.0,6090.0,411.0,1.0,84.0,2187.0
2021-01-16 17:00:00+00:00,1099.0,15438.0,1811.0,0.0,1447.0,687.0,6084.0,493.0,1.0,4034.0,5697.0
2021-01-16 17:30:00+00:00,1103.0,15700.0,1812.0,0.0,1607.0,708.0,6088.0,476.0,1.0,72.0,2085.0
2021-01-16 18:00:00+00:00,1092.0,15543.0,1809.0,0.0,1737.0,661.0,6078.0,481.0,0.0,4201.0,6089.0
2021-01-16 18:30:00+00:00,1104.0,15148.0,1811.0,0.0,1246.0,661.0,6090.0,389.0,1.0,4440.0,6145.0
2021-01-16 19:00:00+00:00,1105.0,14661.0,1818.0,0.0,174.0,673.0,6095.0,174.0,1.0,4579.0,6179.0
2021-01-16 19:30:00+00:00,1105.0,13377.0,1793.0,0.0,0.0,671.0,6099.0,166.0,0.0,4813.0,6136.0
2021-01-16 20:00:00+00:00,1081.0,12349.0,1391.0,0.0,0.0,663.0,6104.0,171.0,1.0,5290.0,6100.0
2021-01-16 20:30:00+00:00,1024.0,11402.0,773.0,0.0,15.0,638.0,6097.0,184.0,0.0,5863.0,5885.0
2021-01-16 21:00:00+00:00,1061.0,9541.0,764.0,0.0,0.0,647.0,6109.0,171.0,0.0,5983.0,5836.0
2021-01-16 21:30:00+00:00,1068.0,8428.0,509.0,0.0,47.0,627.0,6091.0,198.0,0.0,6022.0,5677.0
2021-01-16 22:00:00+00:00,1067.0,8087.0,310.0,0.0,322.0,610.0,6099.0,180.0,0.0,5533.0,5337.0
2021-01-16 22:30:00+00:00,1067.0,6804.0,317.0,0.0,57.0,598.0,6093.0,161.0,0.0,6085.0,5366.0
2021-01-16 23:00:00+00:00,1067.0,5643.0,314.0,0.0,122.0,590.0,6106.0,193.0,0.0,6031.0,5100.0
2021-01-16 23:30:00+00:00,1066.0,5044.0,314.0,0.0,0.0,590.0,6124.0,162.0,0.0,5967.0,5334.0
2021-01-17 00:00:00+00:00,1067.0,4299.0,315.0,0.0,0.0,589.0,6132.0,162.0,0.0,6182.0,5500.0
2021-01-17 00:30:00+00:00,1067.0,4796.0,313.0,0.0,0.0,589.0,6122.0,173.0,0.0,6179.0,5384.0
2021-01-17 01:00:00+00:00,1067.0,5017.0,315.0,0.0,0.0,583.0,6135.0,159.0,0.0,6110.0,5381.0
2021-01-17 01:30:00+00:00,1066.0,4487.0,315.0,0.0,0.0,583.0,6144.0,160.0,0.0,6248.0,5247.0
2021-01-17 02:00:00+00:00,1064.0,4247.0,316.0,0.0,0.0,564.0,6145.0,167.0,0.0,6229.0,5310.0
2021-01-17 02:30:00+00:00,1066.0,3877.0,315.0,0.0,0.0,558.0,6155.0,185.0,0.0,6070.0,5355.0
2021-01-17 03:00:00+00:00,1067.0,4005.0,313.0,0.0,0.0,536.0,6154.0,177.0,0.0,5997.0,5338.0
2021-01-17 03:30:00+00:00,1068.0,3926.0,314.0,0.0,0.0,537.0,6164.0,168.0,0.0,6077.0,5251.0
2021-01-17 04:00:00+00:00,1067.0,3684.0,315.0,0.0,0.0,554.0,6157.0,183.0,0.0,6144.0,5130.0
2021-01-17 04:30:00+00:00,1068.0,3605.0,313.0,0.0,0.0,553.0,6162.0,162.0,0.0,5994.0,5193.0
2021-01-17 05:00:00+00:00,1067.0,3619.0,315.0,0.0,0.0,552.0,6167.0,159.0,0.0,5932.0,4975.0
2021-01-17 05:30:00+00:00,1066.0,3740.0,315.0,0.0,0.0,551.0,6161.0,159.0,0.0,6015.0,4940.0
2021-01-17 06:00:00+00:00,1067.0,4149.0,316.0,0.0,0.0,552.0,6162.0,159.0,0.0,6135.0,4774.0
2021-01-17 06:30:00+00:00,1069.0,4662.0,314.0,0.0,0.0,553.0,6164.0,187.0,0.0,153.0,1841.0
2021-01-17 07:00:00+00:00,1069.0,5683.0,314.0,0.0,54.0,567.0,6149.0,168.0,0.0,5811.0,4802.0
2021-01-17 07:30:00+00:00,1066.0,6694.0,316.0,0.0,185.0,566.0,6161.0,161.0,0.0,5516.0,4585.0
2021-01-17 08:00:00+00:00,1067.0,6764.0,315.0,0.0,130.0,565.0,6152.0,161.0,32.0,5541.0,4214.0
2021-01-17 08:30:00+00:00,1060.0,7768.0,315.0,0.0,64.0,563.0,6161.0,163.0,402.0,5457.0,4157.0
2021-01-17 09:00:00+00:00,1067.0,8072.0,289.0,0.0,0.0,567.0,6163.0,166.0,1000.0,5667.0,4127.0
2021-01-17 09:30:00+00:00,1068.0,9101.0,311.0,0.0,0.0,592.0,6148.0,174.0,1600.0,157.0,1655.0
2021-01-17 10:00:00+00:00,1069.0,9923.0,462.0,0.0,0.0,606.0,6165.0,164.0,2100.0,5570.0,4046.0
2021-01-17 10:30:00+00:00,1078.0,10205.0,907.0,0.0,90.0,592.0,6135.0,176.0,2480.0,156.0,1638.0
2021-01-17 11:00:00+00:00,1077.0,10902.0,1246.0,0.0,0.0,579.0,6148.0,170.0,2630.0,4939.0,3931.0
2021-01-17 11:30:00+00:00,1085.0,11490.0,1654.0,0.0,58.0,575.0,6134.0,187.0,2620.0,4679.0,3881.0
2021-01-17 12:00:00+00:00,1085.0,12017.0,1802.0,0.0,178.0,579.0,6143.0,177.0,2470.0,4676.0,4029.0
2021-01-17 12:30:00+00:00,1083.0,12962.0,1812.0,0.0,330.0,672.0,6150.0,265.0,2080.0,4314.0,4022.0
2021-01-17 13:00:00+00:00,1129.0,13121.0,1812.0,0.0,642.0,718.0,6139.0,260.0,1630.0,3984.0,4060.0
2021-01-17 13:30:00+00:00,1128.0,13494.0,1791.0,0.0,559.0,623.0,6154.0,251.0,1350.0,3760.0,4371.0
2021-01-17 14:00:00+00:00,1127.0,13895.0,1805.0,0.0,301.0,622.0,6145.0,189.0,1020.0,3773.0,4512.0
2021-01-17 14:30:00+00:00,1129.0,14445.0,1801.0,0.0,0.0,625.0,6150.0,225.0,717.0,3650.0,4616.0
2021-01-17 15:00:00+00:00,1131.0,15183.0,1812.0,0.0,725.0,760.0,6139.0,180.0,398.0,3444.0,4410.0
2021-01-17 15:30:00+00:00,1131.0,16197.0,1799.0,0.0,796.0,750.0,6137.0,166.0,128.0,3343.0,4286.0
2021-01-17 16:00:00+00:00,1135.0,17112.0,1698.0,0.0,1116.0,796.0,6136.0,167.0,9.0,3507.0,4337.0
2021-01-17 16:30:00+00:00,1134.0,17789.0,1803.0,0.0,1415.0,802.0,6141.0,312.0,0.0,3828.0,4694.0
2021-01-17 17:00:00+00:00,1134.0,18209.0,1804.0,0.0,1416.0,988.0,6138.0,421.0,0.0,3871.0,4971.0
2021-01-17 17:30:00+00:00,1137.0,18517.0,1812.0,0.0,1415.0,1003.0,6124.0,425.0,0.0,4006.0,5013.0
2021-01-17 18:00:00+00:00,1134.0,18105.0,1803.0,0.0,1003.0,823.0,6144.0,345.0,0.0,4022.0,5314.0
2021-01-17 18:30:00+00:00,1137.0,17527.0,1614.0,0.0,987.0,800.0,6129.0,218.0,0.0,4016.0,5495.0
2021-01-17 19:00:00+00:00,1099.0,16744.0,1617.0,0.0,224.0,798.0,6145.0,173.0,0.0,4034.0,5576.0
2021-01-17 19:30:00+00:00,1099.0,15511.0,1526.0,0.0,0.0,695.0,6136.0,171.0,0.0,4083.0,5536.0
2021-01-17 20:00:00+00:00,1099.0,14405.0,1252.0,0.0,107.0,693.0,6138.0,165.0,0.0,3865.0,5601.0
2021-01-17 20:30:00+00:00,1099.0,13010.0,962.0,0.0,0.0,679.0,6140.0,163.0,0.0,3800.0,5931.0
2021-01-17 21:00:00+00:00,1096.0,11488.0,773.0,0.0,370.0,562.0,6135.0,184.0,0.0,3915.0,5762.0
2021-01-17 21:30:00+00:00,1098.0,10014.0,541.0,0.0,89.0,545.0,6139.0,164.0,0.0,4266.0,5403.0
2021-01-17 22:00:00+00:00,1097.0,9156.0,314.0,0.0,99.0,537.0,6148.0,178.0,0.0,4711.0,5185.0
2021-01-17 22:30:00+00:00,1096.0,7429.0,313.0,0.0,0.0,539.0,6144.0,174.0,0.0,4805.0,5259.0
2021-01-17 23:00:00+00:00,1094.0,6691.0,314.0,0.0,99.0,531.0,6145.0,181.0,0.0,4914.0,5159.0
2021-01-17 23:30:00+00:00,1098.0,6006.0,314.0,0.0,0.0,526.0,6143.0,180.0,0.0,4884.0,4964.0
2021-01-18 00:00:00+00:00,1098.0,6152.0,314.0,0.0,0.0,522.0,6143.0,181.0,0.0,4946.0,4916.0
2021-01-18 00:30:00+00:00,1098.0,6403.0,314.0,0.0,0.0,500.0,6153.0,243.0,0.0,5129.0,4776.0
2021-01-18 01:00:00+00:00,1097.0,6176.0,312.0,0.0,0.0,515.0,6142.0,256.0,0.0,5288.0,4616.0
2021-01-18 01:30:00+00:00,1128.0,5793.0,315.0,0.0,0.0,510.0,6145.0,161.0,0.0,5419.0,4656.0
2021-01-18 02:00:00+00:00,1127.0,5818.0,314.0,0.0,0.0,506.0,6143.0,173.0,0.0,5479.0,4594.0
2021-01-18 02:30:00+00:00,1126.0,5865.0,314.0,0.0,0.0,504.0,6142.0,160.0,0.0,5541.0,4813.0
2021-01-18 03:00:00+00:00,1126.0,5822.0,313.0,0.0,0.0,505.0,6133.0,186.0,0.0,5493.0,4909.0
2021-01-18 03:30:00+00:00,1128.0,5394.0,314.0,0.0,0.0,505.0,6144.0,167.0,0.0,5518.0,5056.0
2021-01-18 04:00:00+00:00,1127.0,5476.0,312.0,0.0,0.0,513.0,6141.0,171.0,0.0,5363.0,4887.0
2021-01-18 04:30:00+00:00,1117.0,5740.0,313.0,0.0,0.0,512.0,6141.0,180.0,0.0,5414.0,4710.0
2021-01-18 05:00:00+00:00,1124.0,6233.0,313.0,0.0,0.0,509.0,6143.0,160.0,1.0,5472.0,4596.0
2021-01-18 05:30:00+00:00,1125.0,5973.0,313.0,0.0,0.0,563.0,6142.0,159.0,1.0,5927.0,4935.0
2021-01-18 06:00:00+00:00,1124.0,7436.0,314.0,0.0,110.0,614.0,6148.0,167.0,0.0,5781.0,4962.0
2021-01-18 06:30:00+00:00,1130.0,9911.0,320.0,0.0,0.0,593.0,6143.0,158.0,0.0,5875.0,4735.0
2021-01-18 07:00:00+00:00,1126.0,12748.0,314.0,0.0,0.0,626.0,6149.0,163.0,0.0,6143.0,4791.0
2021-01-18 07:30:00+00:00,1128.0,15037.0,313.0,0.0,0.0,625.0,6134.0,193.0,0.0,6109.0,4817.0
2021-01-18 08:00:00+00:00,1127.0,16500.0,514.0,0.0,166.0,634.0,6137.0,164.0,16.0,6030.0,4870.0
2021-01-18 08:30:00+00:00,1129.0,17502.0,977.0,0.0,586.0,634.0,6144.0,210.0,155.0,5983.0,4713.0
2021-01-18 09:00:00+00:00,1129.0,17847.0,1331.0,0.0,585.0,641.0,6137.0,213.0,381.0,6162.0,4654.0
2021-01-18 09:30:00+00:00,1128.0,18068.0,1474.0,0.0,151.0,881.0,6136.0,214.0,663.0,6056.0,4652.0
2021-01-18 10:00:00+00:00,1128.0,18182.0,1523.0,0.0,151.0,842.0,6157.0,227.0,944.0,5902.0,4609.0
2021-01-18 10:30:00+00:00,1132.0,18232.0,1539.0,0.0,150.0,886.0,6134.0,250.0,1250.0,5895.0,4705.0
2021-01-18 11:00:00+00:00,1138.0,18063.0,1360.0,0.0,3.0,873.0,6134.0,375.0,1320.0,5826.0,4664.0
2021-01-18 11:30:00+00:00,1145.0,17848.0,1447.0,0.0,301.0,810.0,6136.0,163.0,1310.0,5824.0,4930.0
2021-01-18 12:00:00+00:00,1160.0,18117.0,1542.0,0.0,0.0,785.0,6135.0,162.0,1210.0,5707.0,5126.0
2021-01-18 12:30:00+00:00,1158.0,18286.0,1756.0,0.0,301.0,726.0,6132.0,179.0,1130.0,5683.0,5137.0
2021-01-18 13:00:00+00:00,1163.0,17683.0,1812.0,0.0,4.0,654.0,6140.0,189.0,1020.0,5598.0,5224.0
2021-01-18 13:30:00+00:00,1161.0,17405.0,1816.0,0.0,0.0,604.0,6144.0,163.0,842.0,5631.0,5296.0
2021-01-18 14:00:00+00:00,1143.0,17271.0,1664.0,0.0,0.0,698.0,6141.0,176.0,657.0,5654.0,5272.0
2021-01-18 14:30:00+00:00,1144.0,17766.0,1758.0,0.0,0.0,715.0,6138.0,178.0,528.0,5395.0,5119.0
2021-01-18 15:00:00+00:00,1146.0,18603.0,1806.0,0.0,47.0,737.0,6147.0,166.0,323.0,5427.0,5116.0
2021-01-18 15:30:00+00:00,1146.0,18981.0,1812.0,0.0,318.0,757.0,6138.0,234.0,97.0,5037.0,5058.0
2021-01-18 16:00:00+00:00,1146.0,19052.0,1809.0,0.0,241.0,855.0,6139.0,289.0,6.0,4823.0,4989.0
2021-01-18 16:30:00+00:00,1148.0,19681.0,1806.0,0.0,475.0,856.0,6150.0,398.0,4.0,4789.0,4792.0
2021-01-18 17:00:00+00:00,1148.0,20184.0,1813.0,0.0,1189.0,972.0,6144.0,439.0,1.0,4818.0,4528.0
2021-01-18 17:30:00+00:00,1147.0,19976.0,1789.0,0.0,1567.0,1010.0,6138.0,476.0,1.0,4992.0,4424.0
2021-01-18 18:00:00+00:00,1149.0,20442.0,1815.0,0.0,1307.0,860.0,6144.0,450.0,1.0,4952.0,4205.0
2021-01-18 18:30:00+00:00,1146.0,19720.0,1811.0,0.0,1334.0,854.0,6146.0,358.0,0.0,5030.0,4106.0
2021-01-18 19:00:00+00:00,1126.0,19563.0,1819.0,0.0,554.0,845.0,6152.0,319.0,0.0,5005.0,3994.0
2021-01-18 19:30:00+00:00,1132.0,18710.0,1689.0,0.0,0.0,833.0,6150.0,208.0,0.0,5264.0,3962.0
2021-01-18 20:00:00+00:00,1131.0,17974.0,1366.0,0.0,193.0,773.0,6146.0,181.0,0.0,5123.0,3649.0
2021-01-18 20:30:00+00:00,1133.0,16846.0,1237.0,0.0,0.0,679.0,6151.0,190.0,1.0,5200.0,3358.0
2021-01-18 21:00:00+00:00,1133.0,15160.0,997.0,0.0,125.0,641.0,6157.0,163.0,1.0,153.0,1627.0
2021-01-18 21:30:00+00:00,1128.0,13574.0,803.0,0.0,0.0,636.0,6154.0,156.0,0.0,5520.0,2952.0
2021-01-18 22:00:00+00:00,1134.0,11997.0,488.0,0.0,0.0,609.0,6154.0,156.0,0.0,5539.0,2661.0
2021-01-18 22:30:00+00:00,1124.0,10900.0,315.0,0.0,0.0,595.0,6153.0,172.0,0.0,5564.0,2551.0
2021-01-18 23:00:00+00:00,1132.0,8592.0,315.0,0.0,0.0,556.0,6152.0,162.0,0.0,5570.0,2422.0
2021-01-18 23:30:00+00:00,1131.0,7082.0,315.0,0.0,0.0,555.0,6141.0,167.0,0.0,5594.0,2369.0
2021-01-19 00:00:00+00:00,1133.0,6737.0,315.0,0.0,0.0,531.0,6155.0,179.0,0.0,5618.0,2263.0
2021-01-19 00:30:00+00:00,1133.0,6768.0,315.0,0.0,0.0,531.0,6145.0,178.0,0.0,5757.0,2221.0
2021-01-19 01:00:00+00:00,1131.0,6794.0,314.0,0.0,0.0,539.0,6148.0,167.0,0.0,5810.0,2122.0
2021-01-19 01:30:00+00:00,1130.0,6784.0,314.0,0.0,0.0,539.0,6141.0,163.0,0.0,5599.0,2153.0
2021-01-19 02:00:00+00:00,1159.0,6750.0,314.0,0.0,0.0,537.0,6140.0,177.0,0.0,5519.0,2124.0
2021-01-19 02:30:00+00:00,1165.0,6558.0,315.0,0.0,0.0,536.0,6148.0,157.0,0.0,5555.0,2133.0
2021-01-19 03:00:00+00:00,1195.0,6429.0,316.0,0.0,0.0,520.0,6146.0,157.0,0.0,5563.0,2126.0
2021-01-19 03:30:00+00:00,1244.0,6027.0,276.0,0.0,0.0,512.0,6145.0,157.0,0.0,5602.0,2154.0
2021-01-19 04:00:00+00:00,1320.0,6092.0,277.0,0.0,0.0,512.0,6142.0,158.0,0.0,5598.0,2208.0
2021-01-19 04:30:00+00:00,1391.0,6241.0,277.0,0.0,0.0,511.0,6146.0,170.0,0.0,5234.0,2198.0
2021-01-19 05:00:00+00:00,1460.0,6570.0,274.0,0.0,0.0,517.0,6154.0,157.0,0.0,5170.0,2248.0
2021-01-19 05:30:00+00:00,1695.0,6663.0,275.0,0.0,0.0,504.0,6149.0,160.0,1.0,5320.0,2272.0
2021-01-19 06:00:00+00:00,1973.0,8482.0,275.0,0.0,0.0,505.0,6145.0,160.0,0.0,5433.0,2223.0
2021-01-19 06:30:00+00:00,2500.0,10142.0,314.0,0.0,0.0,515.0,6149.0,158.0,0.0,5560.0,2229.0
2021-01-19 07:00:00+00:00,2544.0,13214.0,319.0,0.0,0.0,540.0,6154.0,176.0,1.0,5535.0,2211.0
2021-01-19 07:30:00+00:00,2870.0,15520.0,570.0,0.0,0.0,543.0,6151.0,159.0,0.0,5358.0,2174.0
2021-01-19 08:00:00+00:00,3076.0,16235.0,1040.0,0.0,0.0,568.0,6145.0,166.0,1.0,5167.0,2127.0
2021-01-19 08:30:00+00:00,3012.0,17526.0,1524.0,0.0,28.0,570.0,6148.0,270.0,37.0,5136.0,2125.0
2021-01-19 09:00:00+00:00,2825.0,17283.0,1632.0,0.0,301.0,708.0,6138.0,165.0,173.0,5129.0,2129.0
2021-01-19 09:30:00+00:00,2863.0,17489.0,1599.0,0.0,0.0,713.0,6142.0,161.0,386.0,5127.0,2132.0
2021-01-19 10:00:00+00:00,2826.0,17387.0,1579.0,0.0,256.0,712.0,6145.0,161.0,525.0,4878.0,2138.0
2021-01-19 10:30:00+00:00,2699.0,17674.0,1690.0,0.0,0.0,713.0,6131.0,161.0,770.0,4852.0,2102.0
2021-01-19 11:00:00+00:00,2772.0,17698.0,1655.0,0.0,150.0,661.0,6118.0,173.0,890.0,4931.0,2061.0
2021-01-19 11:30:00+00:00,2911.0,17303.0,1579.0,0.0,0.0,655.0,6130.0,163.0,913.0,187.0,1466.0
2021-01-19 12:00:00+00:00,2774.0,16854.0,1487.0,0.0,0.0,688.0,6125.0,183.0,815.0,188.0,1510.0
2021-01-19 12:30:00+00:00,2773.0,17116.0,1488.0,0.0,0.0,687.0,6124.0,182.0,697.0,362.0,1533.0
2021-01-19 13:00:00+00:00,2753.0,17379.0,1659.0,0.0,274.0,700.0,5468.0,206.0,601.0,5563.0,2070.0
2021-01-19 13:30:00+00:00,2879.0,17087.0,1778.0,0.0,0.0,700.0,5362.0,182.0,455.0,5661.0,2034.0
2021-01-19 14:00:00+00:00,2995.0,17612.0,1619.0,0.0,0.0,625.0,5372.0,202.0,317.0,5423.0,2076.0
2021-01-19 14:30:00+00:00,2994.0,17830.0,1591.0,0.0,26.0,602.0,5363.0,186.0,176.0,5699.0,2037.0
2021-01-19 15:00:00+00:00,2997.0,17529.0,1555.0,0.0,300.0,612.0,5374.0,251.0,85.0,5965.0,2044.0
2021-01-19 15:30:00+00:00,3004.0,17286.0,1603.0,0.0,599.0,615.0,5369.0,225.0,21.0,5964.0,2084.0
2021-01-19 16:00:00+00:00,2990.0,17393.0,1594.0,0.0,299.0,641.0,5339.0,251.0,3.0,5961.0,2123.0
2021-01-19 16:30:00+00:00,3000.0,16881.0,1744.0,0.0,973.0,815.0,5340.0,394.0,1.0,5950.0,2171.0
2021-01-19 17:00:00+00:00,3001.0,17753.0,1811.0,0.0,988.0,1006.0,5331.0,464.0,3.0,5951.0,2308.0
2021-01-19 17:30:00+00:00,2988.0,18028.0,1807.0,0.0,988.0,1010.0,5374.0,447.0,1.0,5929.0,2348.0
2021-01-19 18:00:00+00:00,2945.0,17926.0,1795.0,0.0,900.0,986.0,5415.0,377.0,0.0,5953.0,2452.0
2021-01-19 18:30:00+00:00,2907.0,17550.0,1808.0,0.0,988.0,764.0,5427.0,319.0,1.0,5915.0,2501.0
2021-01-19 19:00:00+00:00,2804.0,17325.0,1803.0,0.0,100.0,690.0,5449.0,212.0,0.0,5943.0,2555.0
2021-01-19 19:30:00+00:00,2835.0,16037.0,1781.0,0.0,0.0,684.0,5463.0,163.0,0.0,5964.0,2558.0
2021-01-19 20:00:00+00:00,2815.0,14432.0,1638.0,0.0,0.0,603.0,5480.0,197.0,0.0,6081.0,2545.0
2021-01-19 20:30:00+00:00,2819.0,13229.0,1251.0,0.0,66.0,587.0,5467.0,201.0,1.0,192.0,1951.0
2021-01-19 21:00:00+00:00,2856.0,12193.0,723.0,0.0,0.0,547.0,5478.0,192.0,1.0,6096.0,2532.0
2021-01-19 21:30:00+00:00,2770.0,10839.0,332.0,0.0,0.0,521.0,5478.0,160.0,0.0,6110.0,2606.0
2021-01-19 22:00:00+00:00,2805.0,9498.0,309.0,0.0,0.0,522.0,5472.0,181.0,0.0,6079.0,2599.0
2021-01-19 22:30:00+00:00,2700.0,7988.0,293.0,0.0,0.0,521.0,5470.0,170.0,0.0,6054.0,2586.0
2021-01-19 23:00:00+00:00,2396.0,6677.0,314.0,0.0,0.0,492.0,5471.0,156.0,0.0,192.0,1924.0
2021-01-19 23:30:00+00:00,2322.0,5447.0,313.0,0.0,0.0,484.0,5463.0,159.0,0.0,5948.0,2531.0
2021-01-20 00:00:00+00:00,2331.0,5278.0,313.0,0.0,0.0,463.0,5472.0,156.0,0.0,5942.0,2505.0
2021-01-20 00:30:00+00:00,2317.0,5642.0,315.0,0.0,0.0,444.0,5458.0,167.0,0.0,199.0,1935.0
2021-01-20 01:00:00+00:00,2301.0,6006.0,313.0,0.0,0.0,437.0,5462.0,157.0,0.0,5925.0,2373.0
2021-01-20 01:30:00+00:00,2267.0,5847.0,314.0,0.0,0.0,427.0,5459.0,156.0,0.0,5928.0,2363.0
2021-01-20 02:00:00+00:00,2290.0,5879.0,314.0,0.0,0.0,408.0,5465.0,164.0,0.0,5921.0,2267.0
2021-01-20 02:30:00+00:00,2300.0,5890.0,313.0,0.0,0.0,408.0,5465.0,157.0,0.0,5927.0,2248.0
2021-01-20 03:00:00+00:00,2298.0,5740.0,313.0,0.0,0.0,407.0,5313.0,167.0,0.0,5941.0,2173.0
2021-01-20 03:30:00+00:00,2298.0,5607.0,314.0,0.0,0.0,405.0,5318.0,161.0,0.0,6105.0,2173.0
2021-01-20 04:00:00+00:00,2271.0,5604.0,309.0,0.0,0.0,406.0,5338.0,161.0,0.0,6287.0,2061.0
2021-01-20 04:30:00+00:00,2270.0,5860.0,309.0,0.0,0.0,406.0,5350.0,172.0,0.0,194.0,1615.0
2021-01-20 05:00:00+00:00,2275.0,5982.0,314.0,0.0,0.0,406.0,5347.0,155.0,0.0,6341.0,1987.0
2021-01-20 05:30:00+00:00,2282.0,6416.0,310.0,0.0,0.0,407.0,5356.0,162.0,0.0,6088.0,1974.0
2021-01-20 06:00:00+00:00,2220.0,7796.0,310.0,0.0,0.0,439.0,5349.0,158.0,0.0,5787.0,1949.0
2021-01-20 06:30:00+00:00,2559.0,9307.0,310.0,0.0,0.0,435.0,5350.0,160.0,0.0,5827.0,1941.0
2021-01-20 07:00:00+00:00,2764.0,11976.0,309.0,0.0,0.0,450.0,5354.0,157.0,0.0,5627.0,1922.0
2021-01-20 07:30:00+00:00,2874.0,14012.0,225.0,0.0,0.0,618.0,5356.0,158.0,0.0,5539.0,1906.0
2021-01-20 08:00:00+00:00,2798.0,16136.0,469.0,0.0,45.0,474.0,5355.0,160.0,0.0,5452.0,1892.0
2021-01-20 08:30:00+00:00,2862.0,17546.0,920.0,0.0,148.0,450.0,5358.0,199.0,3.0,5387.0,1907.0
2021-01-20 09:00:00+00:00,2858.0,17930.0,1376.0,0.0,270.0,533.0,5344.0,268.0,24.0,5499.0,1953.0
2021-01-20 09:30:00+00:00,2850.0,17984.0,1606.0,0.0,314.0,546.0,5355.0,332.0,62.0,5522.0,1950.0
2021-01-20 10:00:00+00:00,2742.0,18038.0,1728.0,0.0,476.0,673.0,5365.0,459.0,107.0,5490.0,1922.0
2021-01-20 10:30:00+00:00,2783.0,18181.0,1652.0,0.0,711.0,770.0,5160.0,484.0,203.0,5403.0,1949.0
2021-01-20 11:00:00+00:00,2907.0,18320.0,1490.0,0.0,1121.0,794.0,5163.0,441.0,239.0,5399.0,2004.0
2021-01-20 11:30:00+00:00,2965.0,18558.0,1483.0,0.0,623.0,795.0,5159.0,440.0,259.0,5463.0,1995.0
2021-01-20 12:00:00+00:00,2966.0,18782.0,1482.0,0.0,963.0,775.0,5156.0,474.0,247.0,5483.0,2065.0
2021-01-20 12:30:00+00:00,2915.0,19194.0,1481.0,0.0,1523.0,781.0,5157.0,510.0,235.0,5517.0,2097.0
2021-01-20 13:00:00+00:00,2918.0,19546.0,1480.0,0.0,1196.0,734.0,5167.0,484.0,221.0,5575.0,2187.0
2021-01-20 13:30:00+00:00,2957.0,19491.0,1480.0,0.0,595.0,608.0,5167.0,392.0,199.0,191.0,1763.0
2021-01-20 14:00:00+00:00,2914.0,19402.0,1470.0,0.0,297.0,607.0,5170.0,267.0,162.0,5736.0,2258.0
2021-01-20 14:30:00+00:00,2912.0,19372.0,1485.0,0.0,257.0,641.0,5173.0,278.0,98.0,191.0,1813.0
2021-01-20 15:00:00+00:00,2949.0,19526.0,1473.0,0.0,82.0,675.0,5179.0,269.0,51.0,192.0,1790.0
2021-01-20 15:30:00+00:00,2989.0,18913.0,1472.0,0.0,222.0,815.0,5202.0,279.0,14.0,192.0,1790.0
2021-01-20 16:00:00+00:00,2971.0,19413.0,1468.0,0.0,436.0,906.0,5205.0,301.0,3.0,5488.0,2180.0
2021-01-20 16:30:00+00:00,2968.0,19671.0,1490.0,0.0,950.0,973.0,5211.0,494.0,1.0,5359.0,2241.0
2021-01-20 17:00:00+00:00,2974.0,19949.0,1501.0,0.0,1708.0,1001.0,5224.0,565.0,0.0,5356.0,2198.0
2021-01-20 17:30:00+00:00,2970.0,19880.0,1485.0,0.0,1763.0,1030.0,5222.0,566.0,0.0,5520.0,2287.0
2021-01-20 18:00:00+00:00,2971.0,19575.0,1497.0,0.0,1701.0,956.0,5242.0,549.0,0.0,5608.0,2272.0
2021-01-20 18:30:00+00:00,2969.0,19329.0,1478.0,0.0,962.0,987.0,5244.0,545.0,0.0,5932.0,2249.0
2021-01-20 19:00:00+00:00,2973.0,18986.0,1501.0,0.0,88.0,804.0,5250.0,405.0,1.0,6224.0,2332.0
2021-01-20 19:30:00+00:00,2969.0,17568.0,1491.0,0.0,216.0,685.0,5253.0,274.0,0.0,6321.0,2279.0
2021-01-20 20:00:00+00:00,2975.0,16951.0,1500.0,0.0,314.0,530.0,5247.0,222.0,1.0,6083.0,2433.0
2021-01-20 20:30:00+00:00,2973.0,15468.0,1320.0,0.0,0.0,538.0,5256.0,201.0,2.0,6092.0,2528.0
2021-01-20 21:00:00+00:00,2925.0,13971.0,821.0,0.0,0.0,508.0,5241.0,221.0,0.0,194.0,1919.0
2021-01-20 21:30:00+00:00,2969.0,12533.0,339.0,0.0,0.0,487.0,5251.0,176.0,0.0,6160.0,2642.0
2021-01-20 22:00:00+00:00,2827.0,10961.0,0.0,0.0,0.0,485.0,5252.0,155.0,0.0,6251.0,2844.0
2021-01-20 22:30:00+00:00,2110.0,9512.0,0.0,0.0,0.0,478.0,5259.0,156.0,0.0,6430.0,2877.0
2021-01-20 23:00:00+00:00,1598.0,8638.0,0.0,0.0,92.0,431.0,5243.0,206.0,0.0,6403.0,2961.0
2021-01-20 23:30:00+00:00,1643.0,7503.0,0.0,0.0,11.0,405.0,5248.0,157.0,0.0,5971.0,3081.0
2021-01-21 00:00:00+00:00,1695.0,6897.0,0.0,0.0,0.0,375.0,5253.0,156.0,0.0,6219.0,3197.0
2021-01-21 00:30:00+00:00,1694.0,6664.0,0.0,0.0,0.0,360.0,5254.0,158.0,0.0,6468.0,3367.0
2021-01-21 01:00:00+00:00,1717.0,6493.0,0.0,0.0,0.0,354.0,5247.0,155.0,0.0,6447.0,3742.0
2021-01-21 01:30:00+00:00,1448.0,5711.0,0.0,0.0,0.0,355.0,5260.0,155.0,0.0,6645.0,3795.0
2021-01-21 02:00:00+00:00,1448.0,5428.0,0.0,0.0,0.0,337.0,5266.0,172.0,0.0,6653.0,4283.0
2021-01-21 02:30:00+00:00,1348.0,5296.0,0.0,0.0,0.0,336.0,5275.0,155.0,0.0,6770.0,4534.0
2021-01-21 03:00:00+00:00,1354.0,5387.0,0.0,0.0,0.0,337.0,5266.0,174.0,0.0,6759.0,4842.0
2021-01-21 03:30:00+00:00,1355.0,5021.0,0.0,0.0,0.0,337.0,5268.0,171.0,0.0,6770.0,5077.0
2021-01-21 04:00:00+00:00,1344.0,4864.0,0.0,0.0,0.0,337.0,5262.0,170.0,0.0,6743.0,5217.0
2021-01-21 04:30:00+00:00,1355.0,4714.0,0.0,0.0,0.0,337.0,5270.0,156.0,0.0,6756.0,5397.0
2021-01-21 05:00:00+00:00,1355.0,4518.0,5.0,0.0,0.0,337.0,5263.0,165.0,0.0,6734.0,5505.0
2021-01-21 05:30:00+00:00,1421.0,4757.0,33.0,0.0,0.0,336.0,5272.0,156.0,1.0,6769.0,5695.0
2021-01-21 06:00:00+00:00,1704.0,5265.0,120.0,0.0,0.0,303.0,5271.0,156.0,0.0,6714.0,5642.0
2021-01-21 06:30:00+00:00,2087.0,5664.0,276.0,0.0,0.0,303.0,5286.0,156.0,1.0,6841.0,5806.0
2021-01-21 07:00:00+00:00,2751.0,6694.0,466.0,0.0,0.0,312.0,5281.0,158.0,0.0,6872.0,5800.0
2021-01-21 07:30:00+00:00,2989.0,8445.0,553.0,0.0,0.0,338.0,5281.0,159.0,0.0,6638.0,6056.0
2021-01-21 08:00:00+00:00,2966.0,10203.0,313.0,0.0,0.0,407.0,5282.0,161.0,49.0,222.0,3162.0
2021-01-21 08:30:00+00:00,2849.0,11018.0,311.0,0.0,82.0,537.0,5285.0,299.0,354.0,6869.0,6383.0
2021-01-21 09:00:00+00:00,2995.0,11345.0,312.0,0.0,39.0,566.0,5279.0,390.0,838.0,6861.0,6480.0
2021-01-21 09:30:00+00:00,2988.0,11318.0,291.0,0.0,0.0,546.0,5279.0,425.0,1290.0,217.0,3214.0
2021-01-21 10:00:00+00:00,2778.0,10841.0,267.0,0.0,0.0,434.0,5274.0,164.0,1830.0,6914.0,6801.0
2021-01-21 10:30:00+00:00,2803.0,10390.0,305.0,0.0,0.0,422.0,5263.0,161.0,2190.0,6868.0,7052.0
2021-01-21 11:00:00+00:00,2803.0,10286.0,313.0,0.0,0.0,397.0,5249.0,161.0,2310.0,6818.0,7155.0
2021-01-21 11:30:00+00:00,2807.0,11385.0,312.0,0.0,0.0,396.0,5253.0,162.0,2330.0,6583.0,7217.0
2021-01-21 12:00:00+00:00,2833.0,11932.0,309.0,0.0,0.0,374.0,5259.0,183.0,2280.0,6340.0,7272.0
2021-01-21 12:30:00+00:00,2976.0,12564.0,314.0,0.0,0.0,350.0,5251.0,176.0,2060.0,6277.0,7296.0
2021-01-21 13:00:00+00:00,2972.0,12127.0,315.0,0.0,0.0,351.0,5256.0,164.0,1820.0,6563.0,7210.0
2021-01-21 13:30:00+00:00,2972.0,12110.0,312.0,0.0,0.0,367.0,5252.0,164.0,1480.0,6549.0,7207.0
2021-01-21 14:00:00+00:00,2954.0,12011.0,336.0,0.0,0.0,371.0,5256.0,177.0,1240.0,6823.0,7069.0
2021-01-21 14:30:00+00:00,2953.0,12303.0,549.0,0.0,0.0,388.0,5192.0,194.0,986.0,6851.0,6921.0
2021-01-21 15:00:00+00:00,2888.0,13002.0,950.0,0.0,0.0,488.0,5189.0,170.0,618.0,6854.0,6684.0
2021-01-21 15:30:00+00:00,2833.0,13682.0,1281.0,0.0,0.0,539.0,5195.0,163.0,285.0,6581.0,6690.0
2021-01-21 16:00:00+00:00,2815.0,13876.0,1609.0,0.0,0.0,645.0,5189.0,207.0,63.0,6507.0,6471.0
2021-01-21 16:30:00+00:00,2896.0,14677.0,1758.0,0.0,376.0,658.0,5183.0,278.0,2.0,6436.0,6437.0
2021-01-21 17:00:00+00:00,2882.0,15967.0,1783.0,0.0,1577.0,779.0,5182.0,536.0,0.0,6206.0,6279.0
2021-01-21 17:30:00+00:00,2969.0,16888.0,1790.0,0.0,1379.0,840.0,5186.0,557.0,0.0,5869.0,6397.0
2021-01-21 18:00:00+00:00,3037.0,17053.0,1790.0,0.0,1379.0,830.0,5186.0,562.0,0.0,5582.0,6356.0
2021-01-21 18:30:00+00:00,3045.0,16918.0,1814.0,0.0,1201.0,829.0,5188.0,552.0,0.0,5227.0,6330.0
2021-01-21 19:00:00+00:00,3054.0,16421.0,1812.0,0.0,610.0,829.0,5185.0,482.0,0.0,4932.0,6326.0
2021-01-21 19:30:00+00:00,3011.0,15962.0,1862.0,0.0,0.0,741.0,5194.0,363.0,0.0,4708.0,6320.0
2021-01-21 20:00:00+00:00,3039.0,15161.0,1704.0,0.0,51.0,499.0,5186.0,255.0,0.0,4575.0,6177.0
2021-01-21 20:30:00+00:00,3039.0,14343.0,1429.0,0.0,118.0,435.0,5178.0,169.0,0.0,4752.0,6002.0
2021-01-21 21:00:00+00:00,3040.0,13007.0,935.0,0.0,0.0,422.0,5190.0,170.0,0.0,4963.0,6077.0
2021-01-21 21:30:00+00:00,2995.0,11140.0,499.0,0.0,0.0,419.0,5191.0,154.0,0.0,5397.0,6102.0
2021-01-21 22:00:00+00:00,2740.0,9566.0,315.0,0.0,42.0,390.0,5183.0,186.0,0.0,105.0,2127.0
2021-01-21 22:30:00+00:00,2514.0,8133.0,306.0,0.0,0.0,386.0,5190.0,166.0,0.0,5706.0,6282.0
2021-01-21 23:00:00+00:00,2391.0,6608.0,311.0,0.0,0.0,379.0,5185.0,167.0,0.0,5940.0,6141.0
2021-01-21 23:30:00+00:00,2366.0,5056.0,288.0,0.0,0.0,353.0,5192.0,153.0,0.0,6233.0,5944.0
2021-01-22 00:00:00+00:00,2303.0,4519.0,290.0,0.0,0.0,310.0,5196.0,153.0,0.0,6206.0,6097.0
2021-01-22 00:30:00+00:00,2358.0,4315.0,315.0,0.0,0.0,296.0,5187.0,167.0,0.0,6239.0,6172.0
2021-01-22 01:00:00+00:00,2374.0,4307.0,313.0,0.0,0.0,291.0,5186.0,174.0,2.0,148.0,2250.0
2021-01-22 01:30:00+00:00,2373.0,4286.0,315.0,0.0,0.0,290.0,5196.0,154.0,0.0,6250.0,6072.0
2021-01-22 02:00:00+00:00,2314.0,4169.0,314.0,0.0,0.0,272.0,5183.0,159.0,0.0,151.0,2298.0
2021-01-22 02:30:00+00:00,2309.0,4041.0,312.0,0.0,0.0,272.0,5183.0,155.0,1.0,6214.0,6007.0
2021-01-22 03:00:00+00:00,2296.0,4036.0,313.0,0.0,0.0,272.0,5166.0,155.0,1.0,6190.0,6157.0
2021-01-22 03:30:00+00:00,2300.0,3979.0,315.0,0.0,0.0,272.0,5104.0,157.0,1.0,6087.0,6093.0
2021-01-22 04:00:00+00:00,2298.0,3959.0,312.0,0.0,0.0,272.0,5103.0,156.0,0.0,6029.0,6025.0
2021-01-22 04:30:00+00:00,2300.0,4183.0,283.0,0.0,0.0,272.0,5107.0,169.0,0.0,6004.0,5809.0
2021-01-22 05:00:00+00:00,2296.0,4421.0,336.0,0.0,0.0,271.0,5097.0,154.0,0.0,130.0,2162.0
2021-01-22 05:30:00+00:00,2337.0,5044.0,544.0,0.0,0.0,271.0,5100.0,152.0,0.0,6036.0,5620.0
2021-01-22 06:00:00+00:00,2354.0,6178.0,564.0,0.0,0.0,283.0,5100.0,155.0,0.0,5896.0,5329.0
2021-01-22 06:30:00+00:00,2381.0,8074.0,770.0,0.0,0.0,283.0,5104.0,167.0,0.0,5821.0,5193.0
2021-01-22 07:00:00+00:00,2377.0,10521.0,781.0,0.0,27.0,313.0,5105.0,165.0,0.0,5948.0,5041.0
2021-01-22 07:30:00+00:00,2377.0,13038.0,859.0,0.0,0.0,315.0,5107.0,157.0,1.0,128.0,2074.0
2021-01-22 08:00:00+00:00,2388.0,14753.0,1311.0,0.0,46.0,389.0,5103.0,173.0,35.0,5687.0,4582.0
2021-01-22 08:30:00+00:00,2389.0,15428.0,1558.0,0.0,240.0,591.0,5106.0,504.0,523.0,5390.0,4475.0
2021-01-22 09:00:00+00:00,2389.0,15660.0,1726.0,0.0,329.0,648.0,5111.0,509.0,1350.0,5505.0,4173.0
2021-01-22 09:30:00+00:00,2305.0,16193.0,1783.0,0.0,27.0,648.0,5105.0,532.0,2160.0,5516.0,3930.0
2021-01-22 10:00:00+00:00,2342.0,16621.0,1795.0,0.0,299.0,681.0,5111.0,383.0,2840.0,114.0,1790.0
2021-01-22 10:30:00+00:00,2321.0,17129.0,1782.0,0.0,0.0,614.0,5111.0,374.0,3570.0,4629.0,3517.0
2021-01-22 11:00:00+00:00,2146.0,16807.0,1749.0,0.0,235.0,439.0,5099.0,292.0,3940.0,4429.0,3363.0
2021-01-22 11:30:00+00:00,2266.0,16975.0,1742.0,0.0,0.0,420.0,5124.0,201.0,4210.0,4088.0,3228.0
2021-01-22 12:00:00+00:00,2316.0,17041.0,1778.0,0.0,0.0,401.0,5108.0,183.0,4170.0,4370.0,3158.0
2021-01-22 12:30:00+00:00,2315.0,17090.0,1595.0,0.0,0.0,400.0,5257.0,181.0,4070.0,4545.0,3174.0
2021-01-22 13:00:00+00:00,2321.0,16983.0,1666.0,0.0,47.0,402.0,5259.0,194.0,3630.0,4552.0,2647.0
2021-01-22 13:30:00+00:00,2313.0,17324.0,1769.0,0.0,0.0,400.0,5258.0,178.0,3010.0,4326.0,2714.0
2021-01-22 14:00:00+00:00,2307.0,17533.0,1710.0,0.0,109.0,481.0,5241.0,194.0,2230.0,4243.0,2501.0
2021-01-22 14:30:00+00:00,2234.0,18110.0,1823.0,0.0,0.0,464.0,5252.0,162.0,1530.0,3981.0,2510.0
2021-01-22 15:00:00+00:00,2337.0,18292.0,1813.0,0.0,0.0,575.0,5267.0,271.0,919.0,3779.0,2317.0
2021-01-22 15:30:00+00:00,2350.0,18979.0,1871.0,0.0,0.0,620.0,5255.0,475.0,390.0,3570.0,2324.0
2021-01-22 16:00:00+00:00,2389.0,19653.0,1876.0,0.0,205.0,648.0,5260.0,413.0,66.0,3579.0,2228.0
2021-01-22 16:30:00+00:00,2400.0,20259.0,1872.0,0.0,730.0,808.0,5254.0,491.0,3.0,3242.0,2163.0
2021-01-22 17:00:00+00:00,2396.0,20911.0,2057.0,0.0,1922.0,861.0,5252.0,548.0,1.0,3243.0,2126.0
2021-01-22 17:30:00+00:00,2443.0,21306.0,2091.0,0.0,1933.0,1000.0,5250.0,499.0,1.0,3238.0,2057.0
2021-01-22 18:00:00+00:00,2456.0,21303.0,2095.0,0.0,1855.0,919.0,5059.0,498.0,0.0,3342.0,2103.0
2021-01-22 18:30:00+00:00,2458.0,21070.0,2096.0,0.0,1751.0,862.0,5060.0,456.0,0.0,3340.0,2014.0
2021-01-22 19:00:00+00:00,2465.0,21074.0,1794.0,0.0,1349.0,676.0,5052.0,470.0,0.0,59.0,883.0
2021-01-22 19:30:00+00:00,2469.0,20801.0,1795.0,0.0,398.0,673.0,5051.0,407.0,0.0,3057.0,1910.0
2021-01-22 20:00:00+00:00,2470.0,19789.0,1799.0,0.0,112.0,545.0,5054.0,494.0,0.0,3051.0,1914.0
2021-01-22 20:30:00+00:00,2449.0,18946.0,1796.0,0.0,555.0,477.0,5052.0,473.0,0.0,2904.0,1870.0
2021-01-22 21:00:00+00:00,2471.0,18408.0,1789.0,0.0,72.0,394.0,5060.0,359.0,0.0,2556.0,1783.0
2021-01-22 21:30:00+00:00,2471.0,17285.0,1787.0,0.0,217.0,376.0,5054.0,274.0,0.0,2154.0,1775.0
2021-01-22 22:00:00+00:00,2471.0,16019.0,1793.0,0.0,131.0,348.0,4805.0,228.0,0.0,2105.0,1816.0
2021-01-22 22:30:00+00:00,2469.0,14969.0,1794.0,0.0,0.0,328.0,4807.0,155.0,0.0,2329.0,1833.0
2021-01-22 23:00:00+00:00,2472.0,13312.0,1731.0,0.0,0.0,327.0,4810.0,160.0,0.0,2480.0,1733.0
2021-01-22 23:30:00+00:00,2471.0,12135.0,1777.0,0.0,0.0,323.0,4810.0,169.0,0.0,2389.0,1612.0
2021-01-23 00:00:00+00:00,2460.0,11942.0,1797.0,0.0,0.0,323.0,4827.0,155.0,0.0,2241.0,1530.0
2021-01-23 00:30:00+00:00,2451.0,12025.0,1790.0,0.0,138.0,323.0,4866.0,153.0,0.0,2443.0,1587.0
2021-01-23 01:00:00+00:00,2449.0,11960.0,1788.0,0.0,0.0,321.0,4960.0,154.0,1.0,2684.0,1511.0
2021-01-23 01:30:00+00:00,2450.0,11957.0,1793.0,0.0,0.0,304.0,4959.0,270.0,2.0,2682.0,1492.0
2021-01-23 02:00:00+00:00,2450.0,11469.0,1786.0,0.0,0.0,303.0,4961.0,170.0,3.0,2742.0,1483.0
2021-01-23 02:30:00+00:00,2454.0,11836.0,1780.0,0.0,0.0,303.0,4972.0,169.0,0.0,2426.0,1481.0
2021-01-23 03:00:00+00:00,2452.0,11945.0,1267.0,0.0,0.0,302.0,4993.0,250.0,0.0,2397.0,1469.0
2021-01-23 03:30:00+00:00,2457.0,11896.0,1256.0,0.0,0.0,301.0,5002.0,243.0,0.0,2320.0,1411.0
2021-01-23 04:00:00+00:00,2452.0,11661.0,1245.0,0.0,0.0,260.0,5045.0,203.0,0.0,2334.0,1439.0
2021-01-23 04:30:00+00:00,2449.0,11314.0,1176.0,0.0,0.0,261.0,5058.0,153.0,0.0,2598.0,1420.0
2021-01-23 05:00:00+00:00,2517.0,11651.0,1180.0,0.0,0.0,260.0,5047.0,154.0,0.0,2165.0,1337.0
2021-01-23 05:30:00+00:00,2506.0,11791.0,1177.0,0.0,0.0,260.0,5063.0,153.0,0.0,2304.0,1387.0
2021-01-23 06:00:00+00:00,2564.0,12745.0,1116.0,0.0,0.0,260.0,5084.0,160.0,0.0,41.0,643.0
2021-01-23 06:30:00+00:00,2721.0,13474.0,1255.0,0.0,0.0,260.0,5100.0,154.0,0.0,1904.0,1279.0
2021-01-23 07:00:00+00:00,2891.0,13484.0,1206.0,0.0,0.0,274.0,5116.0,158.0,0.0,1775.0,1327.0
2021-01-23 07:30:00+00:00,3056.0,14115.0,1201.0,0.0,0.0,274.0,5128.0,156.0,0.0,35.0,672.0
2021-01-23 08:00:00+00:00,2834.0,15032.0,1207.0,0.0,0.0,296.0,5123.0,158.0,23.0,1955.0,1403.0
2021-01-23 08:30:00+00:00,3069.0,16620.0,1041.0,0.0,0.0,296.0,5124.0,185.0,215.0,1506.0,1412.0
2021-01-23 09:00:00+00:00,3071.0,17499.0,1198.0,0.0,69.0,349.0,5137.0,160.0,552.0,1500.0,1396.0
2021-01-23 09:30:00+00:00,3070.0,17892.0,1889.0,0.0,0.0,350.0,5131.0,157.0,1060.0,1348.0,1453.0
2021-01-23 10:00:00+00:00,2867.0,18392.0,2082.0,0.0,0.0,332.0,5123.0,169.0,1560.0,1589.0,1504.0
2021-01-23 10:30:00+00:00,3060.0,18406.0,2244.0,0.0,0.0,325.0,5108.0,253.0,2170.0,1552.0,1461.0
2021-01-23 11:00:00+00:00,3049.0,18546.0,2281.0,0.0,0.0,307.0,5104.0,250.0,2560.0,1459.0,1539.0
2021-01-23 11:30:00+00:00,3058.0,18773.0,2280.0,0.0,12.0,295.0,5117.0,165.0,2840.0,25.0,772.0
2021-01-23 12:00:00+00:00,3070.0,18499.0,2352.0,0.0,293.0,309.0,5149.0,188.0,3020.0,1530.0,1629.0
2021-01-23 12:30:00+00:00,3071.0,18774.0,2342.0,0.0,0.0,308.0,5179.0,167.0,3160.0,1388.0,1808.0
2021-01-23 13:00:00+00:00,3074.0,18402.0,2353.0,0.0,0.0,326.0,5194.0,189.0,3040.0,1255.0,1835.0
2021-01-23 13:30:00+00:00,3045.0,18576.0,2281.0,0.0,0.0,332.0,5214.0,159.0,2800.0,1632.0,1774.0
2021-01-23 14:00:00+00:00,2872.0,18716.0,2287.0,0.0,0.0,333.0,5220.0,173.0,2420.0,1393.0,1888.0
2021-01-23 14:30:00+00:00,2878.0,18435.0,2276.0,0.0,0.0,347.0,5224.0,160.0,2000.0,1413.0,1931.0
2021-01-23 15:00:00+00:00,2982.0,18658.0,2285.0,0.0,0.0,366.0,5268.0,169.0,1480.0,1383.0,1874.0
2021-01-23 15:30:00+00:00,3098.0,18474.0,2288.0,0.0,0.0,407.0,5283.0,170.0,804.0,43.0,867.0
2021-01-23 16:00:00+00:00,3007.0,19685.0,2288.0,0.0,0.0,509.0,5286.0,170.0,203.0,1698.0,1745.0
2021-01-23 16:30:00+00:00,3002.0,20352.0,2291.0,0.0,161.0,539.0,5296.0,185.0,5.0,1896.0,1741.0
2021-01-23 17:00:00+00:00,3019.0,20711.0,2291.0,0.0,1514.0,898.0,5310.0,540.0,6.0,2114.0,1701.0
2021-01-23 17:30:00+00:00,3106.0,21435.0,2291.0,0.0,2013.0,984.0,5322.0,542.0,3.0,1965.0,1800.0
2021-01-23 18:00:00+00:00,3109.0,21629.0,2291.0,0.0,1863.0,1001.0,5335.0,538.0,0.0,1920.0,1603.0
2021-01-23 18:30:00+00:00,3108.0,21443.0,2299.0,0.0,1395.0,957.0,5341.0,520.0,0.0,2046.0,1610.0
2021-01-23 19:00:00+00:00,3112.0,21232.0,2279.0,0.0,1012.0,784.0,5346.0,488.0,0.0,1971.0,1459.0
2021-01-23 19:30:00+00:00,3108.0,20974.0,2283.0,0.0,0.0,594.0,5348.0,504.0,0.0,88.0,746.0
2021-01-23 20:00:00+00:00,3108.0,20090.0,2277.0,0.0,18.0,425.0,5347.0,457.0,0.0,2183.0,1423.0
2021-01-23 20:30:00+00:00,3102.0,19984.0,1977.0,0.0,0.0,330.0,5351.0,220.0,1.0,2352.0,1350.0
2021-01-23 21:00:00+00:00,3090.0,18857.0,1500.0,0.0,0.0,297.0,5339.0,158.0,1.0,2466.0,1306.0
2021-01-23 21:30:00+00:00,3096.0,17720.0,950.0,0.0,406.0,292.0,5341.0,168.0,1.0,2126.0,1292.0
2021-01-23 22:00:00+00:00,3070.0,17277.0,471.0,0.0,0.0,288.0,5344.0,284.0,0.0,2308.0,1333.0
2021-01-23 22:30:00+00:00,3097.0,15649.0,315.0,0.0,0.0,267.0,5352.0,284.0,0.0,2172.0,1382.0
2021-01-23 23:00:00+00:00,3095.0,14778.0,314.0,0.0,0.0,247.0,5350.0,155.0,0.0,2450.0,1380.0
2021-01-23 23:30:00+00:00,3088.0,13460.0,314.0,0.0,0.0,248.0,5350.0,160.0,0.0,109.0,595.0
2021-01-24 00:00:00+00:00,3095.0,13053.0,316.0,0.0,134.0,247.0,5359.0,172.0,0.0,2438.0,1384.0
2021-01-24 00:30:00+00:00,3099.0,13672.0,313.0,0.0,0.0,247.0,5368.0,158.0,0.0,2242.0,1359.0
2021-01-24 01:00:00+00:00,3102.0,13387.0,305.0,0.0,0.0,246.0,5378.0,155.0,1.0,2410.0,1448.0
2021-01-24 01:30:00+00:00,3097.0,12805.0,315.0,0.0,0.0,246.0,5411.0,157.0,2.0,2393.0,1427.0
2021-01-24 02:00:00+00:00,3106.0,12842.0,316.0,0.0,0.0,225.0,5423.0,158.0,2.0,2386.0,1304.0
2021-01-24 02:30:00+00:00,3096.0,12819.0,316.0,0.0,0.0,223.0,5449.0,156.0,0.0,2233.0,1270.0
2021-01-24 03:00:00+00:00,3093.0,12488.0,315.0,0.0,0.0,222.0,5463.0,168.0,2.0,2103.0,1308.0
2021-01-24 03:30:00+00:00,3092.0,12412.0,311.0,0.0,0.0,222.0,5468.0,155.0,3.0,1984.0,1238.0
2021-01-24 04:00:00+00:00,3090.0,12463.0,314.0,0.0,0.0,221.0,5480.0,160.0,3.0,1808.0,1222.0
2021-01-24 04:30:00+00:00,3097.0,12263.0,272.0,0.0,0.0,221.0,5488.0,158.0,0.0,1682.0,1209.0
2021-01-24 05:00:00+00:00,3084.0,12273.0,315.0,0.0,0.0,226.0,5487.0,157.0,0.0,1456.0,1165.0
2021-01-24 05:30:00+00:00,3063.0,12424.0,314.0,0.0,0.0,226.0,5507.0,156.0,0.0,1413.0,1131.0
2021-01-24 06:00:00+00:00,3055.0,12993.0,316.0,0.0,0.0,232.0,5506.0,155.0,0.0,1450.0,1059.0
2021-01-24 06:30:00+00:00,3120.0,13604.0,339.0,0.0,0.0,232.0,5520.0,156.0,0.0,1337.0,1008.0
2021-01-24 07:00:00+00:00,3143.0,13240.0,626.0,0.0,0.0,288.0,5516.0,163.0,0.0,1068.0,933.0
2021-01-24 07:30:00+00:00,3144.0,13441.0,855.0,0.0,0.0,288.0,5513.0,156.0,0.0,1059.0,914.0
2021-01-24 08:00:00+00:00,3138.0,14414.0,1378.0,0.0,0.0,318.0,5521.0,160.0,4.0,978.0,881.0
2021-01-24 08:30:00+00:00,3143.0,15444.0,1784.0,0.0,177.0,304.0,5514.0,163.0,64.0,893.0,879.0
2021-01-24 09:00:00+00:00,3139.0,16823.0,1882.0,0.0,65.0,318.0,5524.0,164.0,245.0,883.0,886.0
2021-01-24 09:30:00+00:00,3141.0,18127.0,2128.0,0.0,0.0,322.0,5517.0,160.0,425.0,940.0,851.0
2021-01-24 10:00:00+00:00,3138.0,18731.0,2268.0,0.0,301.0,321.0,5529.0,160.0,644.0,915.0,852.0
2021-01-24 10:30:00+00:00,3139.0,19385.0,2293.0,0.0,0.0,321.0,5533.0,161.0,1030.0,1001.0,868.0
2021-01-24 11:00:00+00:00,3142.0,19898.0,2299.0,0.0,0.0,306.0,5531.0,165.0,1310.0,1370.0,893.0
2021-01-24 11:30:00+00:00,3141.0,19984.0,2295.0,0.0,152.0,290.0,5539.0,190.0,1350.0,1566.0,923.0
2021-01-24 12:00:00+00:00,3113.0,20488.0,2291.0,0.0,151.0,306.0,5542.0,230.0,1400.0,1942.0,988.0
2021-01-24 12:30:00+00:00,3116.0,20474.0,2294.0,0.0,396.0,329.0,5543.0,308.0,1570.0,2064.0,1049.0
2021-01-24 13:00:00+00:00,2982.0,20267.0,2297.0,0.0,299.0,329.0,5546.0,347.0,1580.0,2100.0,1168.0
2021-01-24 13:30:00+00:00,2855.0,20266.0,2294.0,0.0,0.0,345.0,5546.0,366.0,1490.0,2087.0,1213.0
2021-01-24 14:00:00+00:00,2843.0,20540.0,2287.0,0.0,0.0,345.0,5540.0,339.0,1170.0,2206.0,1304.0
2021-01-24 14:30:00+00:00,3064.0,20814.0,2318.0,0.0,0.0,345.0,5541.0,163.0,830.0,2065.0,1330.0
2021-01-24 15:00:00+00:00,2917.0,20457.0,2304.0,0.0,113.0,356.0,5550.0,165.0,547.0,2250.0,1500.0
2021-01-24 15:30:00+00:00,2818.0,20908.0,2384.0,0.0,162.0,382.0,5543.0,203.0,255.0,2277.0,1580.0
2021-01-24 16:00:00+00:00,2828.0,20514.0,2415.0,0.0,516.0,547.0,5547.0,370.0,57.0,2212.0,1736.0
2021-01-24 16:30:00+00:00,2832.0,21037.0,2600.0,0.0,995.0,862.0,5552.0,426.0,5.0,2004.0,1966.0
2021-01-24 17:00:00+00:00,3063.0,21989.0,2595.0,0.0,1616.0,972.0,5543.0,408.0,11.0,1934.0,2073.0
2021-01-24 17:30:00+00:00,3069.0,21930.0,2589.0,0.0,1677.0,818.0,5548.0,397.0,1.0,1848.0,2293.0
2021-01-24 18:00:00+00:00,3069.0,21540.0,2598.0,0.0,1511.0,823.0,5555.0,465.0,3.0,1882.0,2544.0
2021-01-24 18:30:00+00:00,3068.0,20342.0,2442.0,0.0,1498.0,828.0,5558.0,465.0,0.0,2048.0,2800.0
2021-01-24 19:00:00+00:00,3064.0,19608.0,2333.0,0.0,1235.0,626.0,5553.0,329.0,0.0,2222.0,2976.0
2021-01-24 19:30:00+00:00,3049.0,19281.0,2121.0,0.0,732.0,587.0,5559.0,213.0,0.0,2307.0,3046.0
2021-01-24 20:00:00+00:00,3059.0,18560.0,2167.0,0.0,314.0,410.0,5551.0,166.0,0.0,2348.0,3259.0
2021-01-24 20:30:00+00:00,3034.0,17687.0,2064.0,0.0,0.0,362.0,5556.0,160.0,2.0,2430.0,3339.0
2021-01-24 21:00:00+00:00,3046.0,16155.0,1854.0,0.0,0.0,301.0,5553.0,172.0,2.0,2573.0,3422.0
2021-01-24 21:30:00+00:00,3043.0,14420.0,1850.0,0.0,0.0,281.0,5553.0,183.0,0.0,2688.0,3433.0
2021-01-24 22:00:00+00:00,3043.0,13002.0,1200.0,0.0,73.0,254.0,5550.0,162.0,0.0,2809.0,3537.0
2021-01-24 22:30:00+00:00,3043.0,11811.0,644.0,0.0,0.0,263.0,5553.0,166.0,0.0,2932.0,3608.0
2021-01-24 23:00:00+00:00,3030.0,10761.0,312.0,0.0,0.0,263.0,5555.0,155.0,0.0,3057.0,3637.0
2021-01-24 23:30:00+00:00,3018.0,9245.0,314.0,0.0,0.0,257.0,5534.0,155.0,0.0,3188.0,3584.0
2021-01-25 00:00:00+00:00,3033.0,8632.0,312.0,0.0,0.0,184.0,5556.0,166.0,0.0,3290.0,3676.0
2021-01-25 00:30:00+00:00,3035.0,9391.0,312.0,0.0,0.0,179.0,5558.0,162.0,1.0,2812.0,3700.0
2021-01-25 01:00:00+00:00,3102.0,9281.0,313.0,0.0,0.0,178.0,5558.0,156.0,1.0,3134.0,3811.0
2021-01-25 01:30:00+00:00,3061.0,8445.0,313.0,0.0,0.0,174.0,5559.0,156.0,2.0,3441.0,3947.0
2021-01-25 02:00:00+00:00,2975.0,7928.0,314.0,0.0,0.0,173.0,5561.0,156.0,1.0,3539.0,4241.0
2021-01-25 02:30:00+00:00,2869.0,7763.0,313.0,0.0,0.0,172.0,5573.0,163.0,0.0,3302.0,4356.0
2021-01-25 03:00:00+00:00,2743.0,7168.0,314.0,0.0,0.0,174.0,5572.0,156.0,1.0,3675.0,4491.0
2021-01-25 03:30:00+00:00,2550.0,6913.0,314.0,0.0,0.0,173.0,5565.0,155.0,3.0,3862.0,4716.0
2021-01-25 04:00:00+00:00,2470.0,7344.0,329.0,0.0,0.0,173.0,5571.0,160.0,0.0,3657.0,4714.0
2021-01-25 04:30:00+00:00,3063.0,7041.0,352.0,0.0,0.0,171.0,5563.0,154.0,0.0,3492.0,4827.0
2021-01-25 05:00:00+00:00,3113.0,7835.0,653.0,0.0,0.0,171.0,5568.0,156.0,0.0,3759.0,4796.0
2021-01-25 05:30:00+00:00,3051.0,8163.0,1024.0,0.0,0.0,171.0,5564.0,162.0,0.0,3782.0,4602.0
2021-01-25 06:00:00+00:00,2965.0,9501.0,1831.0,0.0,16.0,175.0,5572.0,169.0,0.0,4178.0,4603.0
2021-01-25 06:30:00+00:00,3111.0,12130.0,2271.0,0.0,0.0,179.0,5565.0,161.0,0.0,3780.0,4503.0
2021-01-25 07:00:00+00:00,3098.0,15187.0,2792.0,0.0,319.0,264.0,5569.0,168.0,0.0,3827.0,4556.0
2021-01-25 07:30:00+00:00,3107.0,17850.0,3166.0,0.0,27.0,266.0,5574.0,162.0,1.0,3871.0,4465.0
2021-01-25 08:00:00+00:00,3118.0,17765.0,3566.0,0.0,127.0,293.0,5572.0,245.0,97.0,3925.0,4475.0
2021-01-25 08:30:00+00:00,3105.0,18315.0,3780.0,0.0,0.0,329.0,5571.0,221.0,520.0,3999.0,4344.0
2021-01-25 09:00:00+00:00,3117.0,18561.0,3824.0,0.0,388.0,327.0,5571.0,392.0,1130.0,3786.0,4298.0
2021-01-25 09:30:00+00:00,3110.0,18671.0,3741.0,0.0,65.0,327.0,5575.0,448.0,1720.0,3731.0,4147.0
2021-01-25 10:00:00+00:00,3075.0,18759.0,3769.0,0.0,0.0,547.0,5581.0,461.0,2280.0,4008.0,4101.0
2021-01-25 10:30:00+00:00,3079.0,18634.0,3738.0,0.0,0.0,537.0,5574.0,462.0,2990.0,4135.0,3994.0
2021-01-25 11:00:00+00:00,3083.0,17948.0,3708.0,0.0,0.0,479.0,5560.0,320.0,3580.0,4318.0,3912.0
2021-01-25 11:30:00+00:00,3071.0,17785.0,3698.0,0.0,0.0,304.0,5565.0,177.0,4040.0,4325.0,3877.0
2021-01-25 12:00:00+00:00,3070.0,17589.0,3763.0,0.0,0.0,327.0,5554.0,165.0,4320.0,4606.0,3841.0
2021-01-25 12:30:00+00:00,3069.0,17459.0,3768.0,0.0,0.0,339.0,5555.0,159.0,4340.0,4740.0,3805.0
2021-01-25 13:00:00+00:00,3060.0,17040.0,3792.0,0.0,0.0,341.0,5565.0,160.0,4180.0,4716.0,3746.0
2021-01-25 13:30:00+00:00,3070.0,16777.0,3547.0,0.0,0.0,342.0,5556.0,163.0,3800.0,4922.0,3628.0
2021-01-25 14:00:00+00:00,3075.0,16908.0,3455.0,0.0,0.0,342.0,5560.0,165.0,3190.0,4963.0,3596.0
2021-01-25 14:30:00+00:00,3076.0,17250.0,3343.0,0.0,46.0,343.0,5558.0,171.0,2320.0,5174.0,3531.0
2021-01-25 15:00:00+00:00,3079.0,17724.0,3285.0,0.0,104.0,362.0,5554.0,178.0,1780.0,5234.0,3319.0
2021-01-25 15:30:00+00:00,3090.0,18492.0,3381.0,0.0,76.0,421.0,5556.0,180.0,571.0,5378.0,3095.0
2021-01-25 16:00:00+00:00,3088.0,17970.0,3494.0,0.0,59.0,602.0,5558.0,304.0,127.0,5375.0,2843.0
2021-01-25 16:30:00+00:00,3083.0,18704.0,3520.0,0.0,0.0,680.0,5566.0,313.0,10.0,5520.0,2633.0
2021-01-25 17:00:00+00:00,3072.0,19166.0,3515.0,0.0,958.0,708.0,5562.0,531.0,0.0,5448.0,2370.0
2021-01-25 17:30:00+00:00,3052.0,19392.0,3531.0,0.0,1510.0,715.0,5558.0,535.0,0.0,5469.0,2236.0
2021-01-25 18:00:00+00:00,3069.0,19522.0,3536.0,0.0,1313.0,722.0,5561.0,517.0,0.0,5464.0,2079.0
2021-01-25 18:30:00+00:00,3064.0,19617.0,3498.0,0.0,432.0,730.0,5569.0,486.0,0.0,5591.0,1932.0
2021-01-25 19:00:00+00:00,3058.0,19534.0,3203.0,0.0,367.0,688.0,5562.0,337.0,0.0,5580.0,1848.0
2021-01-25 19:30:00+00:00,3045.0,19353.0,2618.0,0.0,0.0,626.0,5558.0,210.0,0.0,5509.0,1854.0
2021-01-25 20:00:00+00:00,3058.0,18513.0,2102.0,0.0,177.0,560.0,5558.0,172.0,0.0,5447.0,1746.0
2021-01-25 20:30:00+00:00,3070.0,17941.0,1644.0,0.0,118.0,373.0,5555.0,159.0,0.0,5455.0,1665.0
2021-01-25 21:00:00+00:00,3074.0,17010.0,1329.0,0.0,207.0,359.0,5549.0,159.0,0.0,5535.0,1529.0
2021-01-25 21:30:00+00:00,3068.0,15946.0,994.0,0.0,65.0,393.0,5555.0,155.0,0.0,5320.0,1478.0
2021-01-25 22:00:00+00:00,3076.0,15413.0,788.0,0.0,261.0,346.0,5563.0,183.0,0.0,5259.0,1391.0
2021-01-25 22:30:00+00:00,3072.0,14404.0,574.0,0.0,0.0,337.0,5560.0,157.0,0.0,5332.0,1410.0
2021-01-25 23:00:00+00:00,,,,,,,,,0.0,5255.0,1418.0
2021-01-25 23:30:00+00:00,3068.0,9677.0,569.0,0.0,88.0,319.0,5555.0,156.0,0.0,5174.0,1493.0
2021-01-26 00:00:00+00:00,2992.0,9338.0,578.0,0.0,0.0,314.0,5559.0,159.0,0.0,5032.0,1474.0
2021-01-26 00:30:00+00:00,3071.0,9726.0,543.0,0.0,0.0,296.0,5566.0,162.0,0.0,4792.0,1454.0
2021-01-26 01:00:00+00:00,3071.0,10207.0,547.0,0.0,0.0,296.0,5568.0,155.0,0.0,4713.0,1488.0
2021-01-26 01:30:00+00:00,2897.0,9836.0,556.0,0.0,0.0,302.0,5563.0,159.0,0.0,4735.0,1525.0
2021-01-26 02:00:00+00:00,3075.0,9693.0,588.0,0.0,0.0,302.0,5565.0,159.0,0.0,4489.0,1429.0
2021-01-26 02:30:00+00:00,3085.0,10075.0,577.0,0.0,0.0,302.0,5576.0,156.0,0.0,4137.0,1362.0
2021-01-26 03:00:00+00:00,3086.0,10028.0,576.0,0.0,0.0,131.0,5573.0,166.0,0.0,3772.0,1349.0
2021-01-26 03:30:00+00:00,3094.0,10053.0,574.0,0.0,0.0,130.0,5573.0,167.0,0.0,3579.0,1324.0
2021-01-26 04:00:00+00:00,3092.0,10150.0,577.0,0.0,0.0,128.0,5572.0,156.0,0.0,3396.0,1269.0
2021-01-26 04:30:00+00:00,3085.0,10429.0,557.0,0.0,0.0,128.0,5569.0,168.0,0.0,3027.0,1226.0
2021-01-26 05:00:00+00:00,3073.0,10377.0,581.0,0.0,0.0,144.0,5574.0,155.0,0.0,2878.0,1258.0
2021-01-26 05:30:00+00:00,3068.0,11135.0,577.0,0.0,118.0,147.0,5569.0,165.0,0.0,2789.0,1251.0
2021-01-26 06:00:00+00:00,3068.0,13937.0,856.0,0.0,243.0,188.0,5569.0,158.0,0.0,2485.0,1139.0
2021-01-26 06:30:00+00:00,3079.0,16348.0,1308.0,0.0,384.0,209.0,5565.0,204.0,0.0,2405.0,1098.0
2021-01-26 07:00:00+00:00,3079.0,19595.0,1770.0,0.0,153.0,230.0,5576.0,336.0,0.0,2003.0,1178.0
2021-01-26 07:30:00+00:00,3076.0,21608.0,2004.0,0.0,452.0,230.0,5571.0,407.0,0.0,1723.0,1178.0
2021-01-26 08:00:00+00:00,3075.0,21898.0,2334.0,0.0,28.0,314.0,5566.0,413.0,15.0,1709.0,1275.0
2021-01-26 08:30:00+00:00,3076.0,22366.0,2532.0,0.0,485.0,319.0,5569.0,284.0,98.0,1563.0,1393.0
2021-01-26 09:00:00+00:00,3058.0,22512.0,2575.0,0.0,282.0,338.0,5577.0,280.0,248.0,1432.0,1623.0
2021-01-26 09:30:00+00:00,3042.0,22628.0,2591.0,0.0,393.0,317.0,5568.0,317.0,417.0,1336.0,1796.0
2021-01-26 10:00:00+00:00,3043.0,22927.0,2595.0,0.0,50.0,292.0,5558.0,251.0,577.0,1398.0,2026.0
2021-01-26 10:30:00+00:00,3037.0,22934.0,2572.0,0.0,0.0,295.0,5542.0,295.0,685.0,1356.0,2115.0
2021-01-26 11:00:00+00:00,3014.0,22777.0,2554.0,0.0,140.0,284.0,5545.0,230.0,738.0,1391.0,2189.0
2021-01-26 11:30:00+00:00,3007.0,22454.0,2594.0,0.0,206.0,253.0,5551.0,304.0,762.0,1516.0,2153.0
2021-01-26 12:00:00+00:00,3014.0,22551.0,2599.0,0.0,546.0,310.0,5557.0,266.0,760.0,1689.0,2449.0
2021-01-26 12:30:00+00:00,3053.0,22438.0,2601.0,0.0,600.0,324.0,5562.0,285.0,749.0,1960.0,2705.0
2021-01-26 13:00:00+00:00,3054.0,22339.0,2498.0,0.0,299.0,315.0,5564.0,271.0,715.0,2288.0,2847.0
2021-01-26 13:30:00+00:00,3063.0,22112.0,2539.0,0.0,0.0,315.0,5568.0,233.0,622.0,2618.0,2823.0
2021-01-26 14:00:00+00:00,3084.0,22289.0,2417.0,0.0,0.0,326.0,5561.0,197.0,491.0,2919.0,2870.0
2021-01-26 14:30:00+00:00,3077.0,22150.0,2535.0,0.0,0.0,327.0,5569.0,160.0,330.0,2946.0,2971.0
2021-01-26 15:00:00+00:00,3077.0,22358.0,2533.0,0.0,0.0,330.0,5558.0,168.0,172.0,2370.0,3151.0
2021-01-26 15:30:00+00:00,3074.0,22193.0,2481.0,0.0,151.0,338.0,5560.0,249.0,59.0,2149.0,3210.0
2021-01-26 16:00:00+00:00,3073.0,22072.0,2362.0,0.0,0.0,455.0,5557.0,290.0,8.0,2389.0,3179.0
2021-01-26 16:30:00+00:00,3076.0,22175.0,2497.0,0.0,98.0,484.0,5564.0,355.0,0.0,2591.0,2969.0
2021-01-26 17:00:00+00:00,3079.0,22500.0,2539.0,0.0,1130.0,592.0,5567.0,436.0,0.0,2798.0,2717.0
2021-01-26 17:30:00+00:00,3082.0,22610.0,2577.0,0.0,1563.0,610.0,5569.0,471.0,0.0,2916.0,2619.0
2021-01-26 18:00:00+00:00,3080.0,22534.0,2581.0,0.0,879.0,640.0,5567.0,465.0,0.0,3459.0,2428.0
2021-01-26 18:30:00+00:00,3080.0,22229.0,2571.0,0.0,388.0,620.0,5564.0,388.0,0.0,4080.0,2305.0
2021-01-26 19:00:00+00:00,3077.0,21006.0,2543.0,0.0,26.0,482.0,5569.0,308.0,0.0,4736.0,2171.0
2021-01-26 19:30:00+00:00,3073.0,20004.0,2311.0,0.0,18.0,421.0,5567.0,186.0,0.0,5062.0,2107.0
2021-01-26 20:00:00+00:00,3066.0,19332.0,1989.0,0.0,0.0,322.0,5566.0,160.0,0.0,5147.0,1842.0
2021-01-26 20:30:00+00:00,3053.0,18395.0,1457.0,0.0,135.0,276.0,5562.0,161.0,0.0,4984.0,1723.0
2021-01-26 21:00:00+00:00,3065.0,17458.0,759.0,0.0,0.0,271.0,5571.0,157.0,0.0,5015.0,1649.0
2021-01-26 21:30:00+00:00,3036.0,15789.0,510.0,0.0,0.0,269.0,5568.0,154.0,0.0,4980.0,1558.0
2021-01-26 22:00:00+00:00,2970.0,13971.0,303.0,0.0,0.0,231.0,5567.0,158.0,0.0,4815.0,1447.0
2021-01-26 22:30:00+00:00,3058.0,11711.0,300.0,0.0,267.0,222.0,5560.0,163.0,0.0,4835.0,1414.0
2021-01-26 23:00:00+00:00,2908.0,10528.0,302.0,0.0,50.0,220.0,5560.0,184.0,0.0,4844.0,1447.0
2021-01-26 23:30:00+00:00,3048.0,9320.0,300.0,0.0,0.0,210.0,5559.0,155.0,0.0,4556.0,1498.0
2021-01-27 00:00:00+00:00,3013.0,8892.0,300.0,0.0,0.0,185.0,5562.0,157.0,0.0,4737.0,1490.0
2021-01-27 00:30:00+00:00,3042.0,9065.0,299.0,0.0,0.0,177.0,5559.0,157.0,0.0,4534.0,1447.0
2021-01-27 01:00:00+00:00,3045.0,9266.0,299.0,0.0,0.0,166.0,5561.0,154.0,0.0,4592.0,1503.0
2021-01-27 01:30:00+00:00,3041.0,9074.0,300.0,0.0,0.0,163.0,5567.0,158.0,0.0,4293.0,1625.0
2021-01-27 02:00:00+00:00,3039.0,9052.0,302.0,0.0,0.0,143.0,5564.0,155.0,0.0,3816.0,1541.0
2021-01-27 02:30:00+00:00,2986.0,9689.0,296.0,0.0,0.0,143.0,5571.0,170.0,0.0,3665.0,1500.0
2021-01-27 03:00:00+00:00,2988.0,9869.0,298.0,0.0,0.0,143.0,5572.0,155.0,0.0,3301.0,1589.0
2021-01-27 03:30:00+00:00,2992.0,9567.0,302.0,0.0,0.0,141.0,5583.0,154.0,0.0,3252.0,1516.0
2021-01-27 04:00:00+00:00,3045.0,9666.0,299.0,0.0,0.0,139.0,5577.0,154.0,0.0,3078.0,1481.0
2021-01-27 04:30:00+00:00,3040.0,9879.0,350.0,0.0,0.0,137.0,5580.0,154.0,0.0,2737.0,1538.0
2021-01-27 05:00:00+00:00,3050.0,9999.0,406.0,0.0,0.0,137.0,5576.0,154.0,0.0,2820.0,1584.0
2021-01-27 05:30:00+00:00,2896.0,10511.0,492.0,0.0,0.0,136.0,5577.0,154.0,0.0,2643.0,1565.0
2021-01-27 06:00:00+00:00,2961.0,12006.0,689.0,0.0,0.0,157.0,5576.0,157.0,0.0,2832.0,1608.0
2021-01-27 06:30:00+00:00,3078.0,14251.0,968.0,0.0,0.0,163.0,5581.0,157.0,0.0,2875.0,1611.0
2021-01-27 07:00:00+00:00,2912.0,17724.0,1698.0,0.0,124.0,181.0,5572.0,159.0,0.0,3074.0,1611.0
2021-01-27 07:30:00+00:00,3001.0,19965.0,2481.0,0.0,0.0,189.0,5566.0,159.0,0.0,2796.0,1554.0
2021-01-27 08:00:00+00:00,3007.0,20477.0,2998.0,0.0,0.0,283.0,5571.0,161.0,15.0,2697.0,1457.0
2021-01-27 08:30:00+00:00,3108.0,21376.0,3327.0,0.0,0.0,298.0,5576.0,160.0,85.0,2476.0,1383.0
2021-01-27 09:00:00+00:00,3095.0,21745.0,3522.0,0.0,92.0,321.0,5575.0,204.0,219.0,2468.0,1197.0
2021-01-27 09:30:00+00:00,3096.0,21724.0,3777.0,0.0,260.0,326.0,5569.0,424.0,417.0,2181.0,1141.0
2021-01-27 10:00:00+00:00,3089.0,21500.0,3813.0,0.0,421.0,345.0,5580.0,422.0,628.0,1810.0,1023.0
2021-01-27 10:30:00+00:00,3089.0,21753.0,3832.0,0.0,0.0,352.0,5492.0,390.0,867.0,1907.0,985.0
2021-01-27 11:00:00+00:00,3083.0,21940.0,3829.0,0.0,0.0,411.0,5570.0,313.0,991.0,1760.0,920.0
2021-01-27 11:30:00+00:00,3078.0,22239.0,3788.0,0.0,0.0,392.0,5564.0,486.0,1120.0,1677.0,869.0
2021-01-27 12:00:00+00:00,3085.0,22113.0,3810.0,0.0,299.0,415.0,5576.0,471.0,1150.0,1734.0,791.0
2021-01-27 12:30:00+00:00,3085.0,22172.0,3811.0,0.0,299.0,418.0,5567.0,500.0,1110.0,1962.0,771.0
2021-01-27 13:00:00+00:00,3085.0,22100.0,3824.0,0.0,657.0,381.0,5570.0,363.0,1050.0,1880.0,730.0
2021-01-27 13:30:00+00:00,3084.0,21958.0,3690.0,0.0,302.0,362.0,5576.0,346.0,951.0,1803.0,737.0
2021-01-27 14:00:00+00:00,3066.0,22046.0,3489.0,0.0,130.0,366.0,5565.0,354.0,773.0,1731.0,711.0
2021-01-27 14:30:00+00:00,3026.0,22028.0,3511.0,0.0,300.0,389.0,5574.0,347.0,601.0,1454.0,726.0
2021-01-27 15:00:00+00:00,3021.0,22165.0,3245.0,0.0,0.0,398.0,5573.0,341.0,381.0,1477.0,739.0
2021-01-27 15:30:00+00:00,2996.0,21626.0,3383.0,0.0,266.0,399.0,5567.0,511.0,188.0,1468.0,870.0
2021-01-27 16:00:00+00:00,2972.0,21545.0,3137.0,0.0,899.0,507.0,5572.0,434.0,38.0,1556.0,950.0
2021-01-27 16:30:00+00:00,2968.0,22151.0,3339.0,0.0,900.0,587.0,5573.0,492.0,0.0,1433.0,1060.0
2021-01-27 17:00:00+00:00,2972.0,22375.0,3472.0,0.0,1716.0,920.0,5590.0,531.0,0.0,1282.0,1217.0
2021-01-27 17:30:00+00:00,2986.0,22698.0,3251.0,0.0,1919.0,946.0,5597.0,595.0,1.0,1006.0,1348.0
2021-01-27 18:00:00+00:00,3018.0,22867.0,3195.0,0.0,1709.0,639.0,5596.0,614.0,0.0,905.0,1333.0
2021-01-27 18:30:00+00:00,3028.0,22406.0,3183.0,0.0,1166.0,634.0,5586.0,583.0,0.0,926.0,1400.0
2021-01-27 19:00:00+00:00,3034.0,22239.0,2839.0,0.0,1051.0,588.0,5600.0,500.0,0.0,855.0,1583.0
2021-01-27 19:30:00+00:00,3050.0,21913.0,3135.0,0.0,56.0,541.0,5597.0,278.0,0.0,732.0,1657.0
2021-01-27 20:00:00+00:00,3034.0,21425.0,2645.0,0.0,201.0,421.0,5591.0,173.0,0.0,689.0,1837.0
2021-01-27 20:30:00+00:00,3032.0,20412.0,2187.0,0.0,0.0,360.0,5597.0,154.0,0.0,767.0,1982.0
2021-01-27 21:00:00+00:00,3047.0,18784.0,1398.0,0.0,0.0,315.0,5596.0,154.0,0.0,831.0,2353.0
2021-01-27 21:30:00+00:00,3046.0,16777.0,977.0,0.0,29.0,298.0,5594.0,165.0,0.0,906.0,2557.0
2021-01-27 22:00:00+00:00,3042.0,15271.0,616.0,0.0,0.0,250.0,5593.0,150.0,0.0,935.0,2862.0
2021-01-27 22:30:00+00:00,2952.0,12999.0,614.0,0.0,0.0,238.0,5599.0,165.0,0.0,902.0,3059.0
2021-01-27 23:00:00+00:00,2805.0,10855.0,620.0,0.0,0.0,234.0,5589.0,150.0,0.0,1142.0,3280.0
2021-01-27 23:30:00+00:00,2300.0,9559.0,622.0,0.0,0.0,225.0,5596.0,147.0,0.0,1169.0,3382.0
2021-01-28 00:00:00+00:00,2154.0,8605.0,624.0,0.0,0.0,209.0,5590.0,149.0,0.0,1245.0,3762.0
2021-01-28 00:30:00+00:00,2231.0,8147.0,621.0,0.0,0.0,209.0,5593.0,163.0,0.0,1418.0,3845.0
2021-01-28 01:00:00+00:00,2285.0,7963.0,622.0,0.0,0.0,193.0,5587.0,151.0,0.0,1530.0,4097.0
2021-01-28 01:30:00+00:00,2281.0,7184.0,610.0,0.0,0.0,167.0,5592.0,150.0,0.0,1621.0,4167.0
2021-01-28 02:00:00+00:00,2214.0,7077.0,620.0,0.0,0.0,166.0,5591.0,150.0,0.0,1636.0,4408.0
2021-01-28 02:30:00+00:00,2237.0,7282.0,616.0,0.0,0.0,166.0,5594.0,151.0,0.0,1743.0,4292.0
2021-01-28 03:00:00+00:00,2297.0,6763.0,622.0,0.0,0.0,165.0,5595.0,150.0,0.0,1921.0,4486.0
2021-01-28 03:30:00+00:00,2273.0,6098.0,616.0,0.0,0.0,165.0,5594.0,150.0,0.0,2130.0,4519.0
2021-01-28 04:00:00+00:00,2315.0,5542.0,618.0,0.0,0.0,186.0,5603.0,151.0,0.0,2460.0,4717.0
2021-01-28 04:30:00+00:00,2411.0,5302.0,618.0,0.0,0.0,185.0,5595.0,157.0,0.0,2510.0,4893.0
2021-01-28 05:00:00+00:00,2449.0,5835.0,613.0,0.0,0.0,188.0,5594.0,160.0,0.0,2503.0,5037.0
2021-01-28 05:30:00+00:00,2452.0,5685.0,617.0,0.0,0.0,203.0,5595.0,152.0,0.0,3474.0,4923.0
2021-01-28 06:00:00+00:00,2527.0,7054.0,545.0,0.0,0.0,203.0,5596.0,167.0,0.0,3650.0,4846.0
2021-01-28 06:30:00+00:00,2552.0,8735.0,953.0,0.0,0.0,236.0,5589.0,150.0,0.0,3575.0,4740.0
2021-01-28 07:00:00+00:00,2790.0,11459.0,1188.0,0.0,0.0,286.0,5595.0,152.0,0.0,3693.0,4636.0
2021-01-28 07:30:00+00:00,2992.0,13012.0,1466.0,0.0,89.0,291.0,5586.0,152.0,0.0,3793.0,4697.0
2021-01-28 08:00:00+00:00,2925.0,13779.0,1542.0,0.0,0.0,354.0,5590.0,145.0,13.0,3853.0,4681.0
2021-01-28 08:30:00+00:00,3013.0,15034.0,1453.0,0.0,0.0,383.0,5589.0,334.0,116.0,4001.0,4548.0
2021-01-28 09:00:00+00:00,3006.0,14811.0,1483.0,0.0,319.0,357.0,5592.0,336.0,371.0,4098.0,4243.0
2021-01-28 09:30:00+00:00,3021.0,15018.0,1818.0,0.0,151.0,361.0,5586.0,397.0,731.0,4051.0,4056.0
2021-01-28 10:00:00+00:00,3022.0,15260.0,2057.0,0.0,0.0,384.0,5593.0,406.0,984.0,3937.0,3858.0
2021-01-28 10:30:00+00:00,2964.0,15078.0,2171.0,0.0,230.0,397.0,5590.0,402.0,1350.0,3840.0,3736.0
2021-01-28 11:00:00+00:00,3021.0,15310.0,2437.0,0.0,0.0,387.0,5590.0,404.0,1460.0,3581.0,3624.0
2021-01-28 11:30:00+00:00,3027.0,15162.0,2394.0,0.0,0.0,387.0,5598.0,408.0,1400.0,3409.0,3644.0
2021-01-28 12:00:00+00:00,3026.0,15679.0,2368.0,0.0,177.0,424.0,5587.0,386.0,1330.0,3313.0,3539.0
2021-01-28 12:30:00+00:00,3027.0,15938.0,2379.0,0.0,0.0,426.0,5590.0,411.0,1230.0,3109.0,3539.0
2021-01-28 13:00:00+00:00,3028.0,15850.0,2066.0,0.0,352.0,401.0,5594.0,423.0,1240.0,2969.0,3304.0
2021-01-28 13:30:00+00:00,3029.0,16070.0,2018.0,0.0,796.0,385.0,5589.0,385.0,1170.0,2873.0,3234.0
2021-01-28 14:00:00+00:00,3025.0,16601.0,2023.0,0.0,0.0,394.0,5600.0,452.0,1180.0,2851.0,3092.0
2021-01-28 14:30:00+00:00,3020.0,16641.0,2232.0,0.0,0.0,392.0,5588.0,457.0,941.0,2841.0,2962.0
2021-01-28 15:00:00+00:00,3026.0,17075.0,2109.0,0.0,398.0,352.0,5591.0,213.0,510.0,2835.0,2772.0
2021-01-28 15:30:00+00:00,3045.0,17965.0,2418.0,0.0,328.0,380.0,5586.0,162.0,207.0,2709.0,2679.0
2021-01-28 16:00:00+00:00,3048.0,18121.0,2661.0,0.0,0.0,449.0,5589.0,231.0,37.0,2907.0,2540.0
2021-01-28 16:30:00+00:00,3055.0,18965.0,2568.0,0.0,284.0,558.0,5586.0,320.0,0.0,3146.0,2580.0
2021-01-28 17:00:00+00:00,3060.0,19375.0,2718.0,0.0,1585.0,595.0,5584.0,518.0,1.0,2442.0,2641.0
2021-01-28 17:30:00+00:00,3068.0,19450.0,2889.0,0.0,1981.0,596.0,5585.0,529.0,0.0,2097.0,2623.0
2021-01-28 18:00:00+00:00,3067.0,19453.0,2928.0,0.0,1550.0,592.0,5580.0,461.0,1.0,2281.0,2663.0
2021-01-28 18:30:00+00:00,3003.0,19220.0,2922.0,0.0,1059.0,587.0,5588.0,295.0,0.0,2236.0,2709.0
2021-01-28 19:00:00+00:00,3066.0,18392.0,2977.0,0.0,1007.0,581.0,5588.0,297.0,0.0,2095.0,2844.0
2021-01-28 19:30:00+00:00,3056.0,17760.0,2991.0,0.0,0.0,496.0,5585.0,161.0,0.0,2218.0,2847.0
2021-01-28 20:00:00+00:00,2799.0,15878.0,2736.0,0.0,199.0,388.0,5588.0,155.0,0.0,123.0,1377.0
2021-01-28 20:30:00+00:00,2272.0,14681.0,2210.0,0.0,0.0,332.0,5589.0,157.0,0.0,123.0,1377.0
2021-01-28 21:00:00+00:00,2380.0,13047.0,1845.0,0.0,200.0,325.0,5593.0,153.0,0.0,3115.0,3097.0
2021-01-28 21:30:00+00:00,2185.0,10863.0,1776.0,0.0,0.0,323.0,5591.0,151.0,0.0,3572.0,3046.0
2021-01-28 22:00:00+00:00,2227.0,9096.0,1497.0,0.0,273.0,281.0,5590.0,164.0,0.0,3727.0,3073.0
2021-01-28 22:30:00+00:00,2069.0,7957.0,1459.0,0.0,0.0,266.0,5594.0,150.0,0.0,3660.0,3107.0
2021-01-28 23:00:00+00:00,1671.0,7049.0,1333.0,0.0,147.0,265.0,5585.0,158.0,0.0,3776.0,3212.0
2021-01-28 23:30:00+00:00,1667.0,5535.0,1310.0,0.0,0.0,258.0,5593.0,150.0,0.0,4145.0,3180.0
2021-01-29 00:00:00+00:00,1665.0,5329.0,1242.0,0.0,0.0,258.0,5592.0,151.0,0.0,4067.0,3247.0
2021-01-29 00:30:00+00:00,1661.0,5150.0,1296.0,0.0,0.0,256.0,5586.0,150.0,0.0,4533.0,3307.0
2021-01-29 01:00:00+00:00,1663.0,4780.0,1296.0,0.0,0.0,222.0,5585.0,151.0,0.0,5078.0,3392.0
2021-01-29 01:30:00+00:00,1660.0,4623.0,1296.0,0.0,0.0,220.0,5587.0,151.0,0.0,5262.0,3212.0
2021-01-29 02:00:00+00:00,1667.0,4426.0,1305.0,0.0,0.0,202.0,5589.0,150.0,0.0,5389.0,3248.0
2021-01-29 02:30:00+00:00,1665.0,4159.0,1314.0,0.0,0.0,173.0,5591.0,162.0,0.0,5629.0,3155.0
2021-01-29 03:00:00+00:00,1667.0,3907.0,1328.0,0.0,0.0,173.0,5588.0,171.0,0.0,5679.0,3114.0
2021-01-29 03:30:00+00:00,1657.0,3874.0,1311.0,0.0,0.0,173.0,5592.0,151.0,0.0,5423.0,3173.0
2021-01-29 04:00:00+00:00,1634.0,3559.0,1148.0,0.0,0.0,173.0,5591.0,173.0,0.0,5836.0,3255.0
2021-01-29 04:30:00+00:00,1646.0,3786.0,1293.0,0.0,0.0,173.0,5593.0,159.0,0.0,5958.0,3261.0
2021-01-29 05:00:00+00:00,1646.0,4076.0,1251.0,0.0,0.0,193.0,5587.0,153.0,0.0,5909.0,3186.0
2021-01-29 05:30:00+00:00,1654.0,4090.0,1331.0,0.0,0.0,193.0,5593.0,164.0,0.0,5771.0,3295.0
2021-01-29 06:00:00+00:00,1978.0,4157.0,1335.0,0.0,0.0,197.0,5587.0,238.0,0.0,5714.0,3277.0
2021-01-29 06:30:00+00:00,2694.0,5359.0,1492.0,0.0,269.0,197.0,5585.0,240.0,0.0,5707.0,3338.0
2021-01-29 07:00:00+00:00,3049.0,7091.0,1709.0,0.0,149.0,274.0,5592.0,244.0,0.0,5553.0,3432.0
2021-01-29 07:30:00+00:00,3049.0,9129.0,1717.0,0.0,0.0,285.0,5585.0,170.0,3.0,5613.0,3505.0
2021-01-29 08:00:00+00:00,3052.0,10471.0,1621.0,0.0,0.0,438.0,5590.0,328.0,65.0,5486.0,3484.0
2021-01-29 08:30:00+00:00,2937.0,11654.0,1636.0,0.0,0.0,450.0,5586.0,439.0,229.0,5673.0,3596.0
2021-01-29 09:00:00+00:00,2939.0,13026.0,1649.0,0.0,0.0,459.0,5588.0,217.0,481.0,5545.0,3771.0
2021-01-29 09:30:00+00:00,3002.0,13593.0,1637.0,0.0,0.0,419.0,5594.0,154.0,866.0,5535.0,3938.0
2021-01-29 10:00:00+00:00,2718.0,13857.0,1656.0,0.0,0.0,406.0,5588.0,171.0,1340.0,5293.0,3977.0
2021-01-29 10:30:00+00:00,2710.0,13838.0,1735.0,0.0,0.0,383.0,5580.0,161.0,1600.0,5300.0,3921.0
2021-01-29 11:00:00+00:00,2542.0,14327.0,1808.0,0.0,0.0,380.0,5575.0,156.0,1870.0,5204.0,3991.0
2021-01-29 11:30:00+00:00,2545.0,14366.0,1813.0,0.0,0.0,381.0,5576.0,155.0,2050.0,4916.0,3901.0
2021-01-29 12:00:00+00:00,2719.0,14682.0,1770.0,0.0,0.0,399.0,5573.0,167.0,2300.0,4613.0,3863.0
2021-01-29 12:30:00+00:00,2737.0,15349.0,1924.0,0.0,0.0,414.0,5574.0,166.0,2380.0,3890.0,3834.0
2021-01-29 13:00:00+00:00,3003.0,15423.0,1922.0,0.0,0.0,388.0,5576.0,157.0,2370.0,4047.0,3889.0
2021-01-29 13:30:00+00:00,3023.0,15008.0,1909.0,0.0,0.0,355.0,5579.0,155.0,2090.0,4232.0,3908.0
2021-01-29 14:00:00+00:00,3015.0,15245.0,1923.0,0.0,0.0,373.0,5570.0,162.0,1580.0,4113.0,3836.0
2021-01-29 14:30:00+00:00,2973.0,15458.0,1911.0,0.0,0.0,399.0,5575.0,164.0,1140.0,3834.0,3743.0
2021-01-29 15:00:00+00:00,2977.0,15762.0,2035.0,0.0,0.0,410.0,5571.0,172.0,710.0,3780.0,3637.0
2021-01-29 15:30:00+00:00,2989.0,16295.0,2450.0,0.0,0.0,422.0,5569.0,163.0,330.0,3528.0,3628.0
2021-01-29 16:00:00+00:00,3000.0,16600.0,2646.0,0.0,0.0,458.0,5568.0,223.0,73.0,3284.0,3422.0
2021-01-29 16:30:00+00:00,3002.0,17067.0,2456.0,0.0,690.0,532.0,5570.0,414.0,6.0,2883.0,3529.0
2021-01-29 17:00:00+00:00,3055.0,18718.0,2192.0,0.0,1437.0,626.0,5562.0,499.0,2.0,2564.0,3201.0
2021-01-29 17:30:00+00:00,3053.0,19588.0,2190.0,0.0,1674.0,631.0,5569.0,567.0,0.0,2684.0,2975.0
2021-01-29 18:00:00+00:00,3078.0,19681.0,2209.0,0.0,1713.0,639.0,5566.0,541.0,0.0,2618.0,2758.0
2021-01-29 18:30:00+00:00,3040.0,19215.0,2217.0,0.0,1167.0,660.0,5569.0,420.0,0.0,2702.0,2759.0
2021-01-29 19:00:00+00:00,3040.0,18624.0,2000.0,0.0,806.0,597.0,5572.0,340.0,0.0,2903.0,2600.0
2021-01-29 19:30:00+00:00,3028.0,18052.0,1774.0,0.0,0.0,556.0,5571.0,216.0,0.0,2931.0,2674.0
2021-01-29 20:00:00+00:00,3031.0,16571.0,1188.0,0.0,13.0,501.0,5569.0,165.0,0.0,2869.0,2651.0
2021-01-29 20:30:00+00:00,2811.0,15716.0,415.0,0.0,50.0,387.0,5573.0,171.0,0.0,3123.0,2478.0
2021-01-29 21:00:00+00:00,2325.0,15112.0,46.0,0.0,46.0,307.0,5577.0,177.0,0.0,3281.0,2439.0
2021-01-29 21:30:00+00:00,2272.0,14018.0,0.0,0.0,39.0,264.0,5572.0,160.0,0.0,2823.0,2445.0
2021-01-29 22:00:00+00:00,1995.0,12948.0,0.0,0.0,0.0,235.0,5594.0,150.0,0.0,2939.0,2455.0
2021-01-29 22:30:00+00:00,1534.0,11179.0,0.0,0.0,0.0,237.0,5569.0,157.0,0.0,3099.0,2718.0
2021-01-29 23:00:00+00:00,1127.0,10637.0,0.0,0.0,0.0,237.0,5572.0,154.0,0.0,3133.0,2848.0
2021-01-29 23:30:00+00:00,1168.0,8898.0,0.0,0.0,76.0,236.0,5568.0,166.0,0.0,3243.0,3001.0
2021-01-30 00:00:00+00:00,1167.0,8130.0,0.0,0.0,0.0,211.0,5567.0,150.0,0.0,3498.0,3255.0
2021-01-30 00:30:00+00:00,1169.0,8196.0,0.0,0.0,0.0,204.0,5569.0,151.0,0.0,3530.0,3478.0
2021-01-30 01:00:00+00:00,1166.0,7819.0,0.0,0.0,0.0,179.0,5570.0,151.0,0.0,3784.0,4010.0
2021-01-30 01:30:00+00:00,1170.0,6465.0,0.0,0.0,0.0,180.0,5567.0,153.0,0.0,3871.0,4035.0
2021-01-30 02:00:00+00:00,1168.0,5828.0,0.0,0.0,0.0,176.0,5570.0,150.0,0.0,4203.0,4279.0
2021-01-30 02:30:00+00:00,1170.0,5501.0,0.0,0.0,0.0,171.0,5573.0,153.0,0.0,4527.0,4268.0
2021-01-30 03:00:00+00:00,1171.0,4697.0,0.0,0.0,0.0,171.0,5572.0,172.0,0.0,5189.0,4442.0
2021-01-30 03:30:00+00:00,1049.0,4145.0,0.0,0.0,0.0,171.0,5580.0,152.0,0.0,5365.0,4540.0
2021-01-30 04:00:00+00:00,858.0,4029.0,0.0,0.0,0.0,171.0,5573.0,151.0,0.0,5464.0,4571.0
2021-01-30 04:30:00+00:00,859.0,3905.0,0.0,0.0,0.0,171.0,5569.0,151.0,0.0,5467.0,4400.0
2021-01-30 05:00:00+00:00,936.0,4210.0,0.0,0.0,0.0,171.0,5568.0,168.0,0.0,5516.0,4839.0
2021-01-30 05:30:00+00:00,1159.0,4244.0,0.0,0.0,0.0,170.0,5575.0,153.0,0.0,5480.0,4913.0
2021-01-30 06:00:00+00:00,1168.0,4948.0,0.0,0.0,0.0,205.0,5573.0,151.0,0.0,5630.0,5002.0
2021-01-30 06:30:00+00:00,1172.0,5581.0,0.0,0.0,0.0,214.0,5571.0,152.0,0.0,5752.0,5057.0
2021-01-30 07:00:00+00:00,1113.0,5108.0,0.0,0.0,0.0,250.0,5570.0,151.0,0.0,5744.0,5287.0
2021-01-30 07:30:00+00:00,976.0,5725.0,0.0,0.0,0.0,261.0,5568.0,154.0,0.0,5931.0,5272.0
2021-01-30 08:00:00+00:00,1026.0,6054.0,0.0,0.0,0.0,329.0,5565.0,172.0,4.0,5835.0,5225.0
2021-01-30 08:30:00+00:00,1189.0,7380.0,0.0,0.0,0.0,329.0,5574.0,157.0,57.0,5833.0,5239.0
2021-01-30 09:00:00+00:00,1178.0,8181.0,0.0,0.0,32.0,369.0,5570.0,153.0,179.0,5852.0,5261.0
2021-01-30 09:30:00+00:00,1171.0,9021.0,0.0,0.0,0.0,383.0,5568.0,169.0,328.0,5820.0,5253.0
2021-01-30 10:00:00+00:00,1175.0,10186.0,29.0,0.0,0.0,388.0,5566.0,168.0,516.0,5745.0,5260.0
2021-01-30 10:30:00+00:00,1175.0,10767.0,207.0,0.0,0.0,373.0,5572.0,158.0,730.0,5693.0,5131.0
2021-01-30 11:00:00+00:00,1172.0,11418.0,231.0,0.0,0.0,361.0,5572.0,155.0,865.0,5731.0,5135.0
2021-01-30 11:30:00+00:00,1173.0,11735.0,231.0,0.0,0.0,362.0,5569.0,182.0,933.0,5731.0,5075.0
2021-01-30 12:00:00+00:00,1175.0,11828.0,232.0,0.0,151.0,360.0,5562.0,158.0,970.0,5737.0,5086.0
2021-01-30 12:30:00+00:00,1164.0,11914.0,230.0,0.0,0.0,361.0,5569.0,177.0,953.0,5793.0,5064.0
2021-01-30 13:00:00+00:00,1166.0,12158.0,290.0,0.0,89.0,310.0,5575.0,155.0,922.0,5755.0,5060.0
2021-01-30 13:30:00+00:00,1167.0,11810.0,446.0,0.0,27.0,306.0,5580.0,157.0,860.0,5511.0,5079.0
2021-01-30 14:00:00+00:00,1158.0,11740.0,227.0,0.0,91.0,290.0,5577.0,162.0,756.0,5382.0,4948.0
2021-01-30 14:30:00+00:00,1166.0,11957.0,232.0,0.0,0.0,290.0,5579.0,157.0,597.0,5279.0,4954.0
2021-01-30 15:00:00+00:00,1172.0,12346.0,238.0,0.0,0.0,295.0,5582.0,172.0,374.0,5199.0,4758.0
2021-01-30 15:30:00+00:00,1176.0,13133.0,231.0,0.0,0.0,296.0,5565.0,158.0,205.0,5388.0,4484.0
2021-01-30 16:00:00+00:00,1185.0,13724.0,240.0,0.0,0.0,309.0,5575.0,158.0,65.0,5383.0,4292.0
2021-01-30 16:30:00+00:00,1189.0,14694.0,328.0,0.0,0.0,385.0,5572.0,159.0,6.0,5345.0,4211.0
2021-01-30 17:00:00+00:00,1195.0,15808.0,474.0,0.0,901.0,512.0,5572.0,253.0,0.0,5359.0,3961.0
2021-01-30 17:30:00+00:00,1210.0,17051.0,492.0,0.0,899.0,513.0,5566.0,359.0,0.0,5304.0,3905.0
2021-01-30 18:00:00+00:00,1216.0,17174.0,502.0,0.0,988.0,511.0,5574.0,267.0,0.0,5238.0,3762.0
2021-01-30 18:30:00+00:00,1220.0,16669.0,500.0,0.0,921.0,512.0,5569.0,175.0,0.0,5215.0,3773.0
2021-01-30 19:00:00+00:00,1219.0,15805.0,488.0,0.0,685.0,483.0,5569.0,174.0,0.0,5212.0,3639.0
2021-01-30 19:30:00+00:00,1212.0,15743.0,165.0,0.0,0.0,478.0,5575.0,165.0,0.0,5158.0,3606.0
2021-01-30 20:00:00+00:00,1212.0,15100.0,0.0,0.0,0.0,323.0,5571.0,155.0,0.0,5096.0,3439.0
2021-01-30 20:30:00+00:00,1212.0,14234.0,0.0,0.0,55.0,259.0,5577.0,162.0,0.0,4967.0,3337.0
2021-01-30 21:00:00+00:00,1209.0,13326.0,0.0,0.0,389.0,227.0,5573.0,152.0,0.0,4910.0,3010.0
2021-01-30 21:30:00+00:00,1206.0,12609.0,0.0,0.0,88.0,226.0,5575.0,153.0,0.0,4712.0,2986.0
2021-01-30 22:00:00+00:00,1208.0,11669.0,0.0,0.0,0.0,193.0,5577.0,150.0,0.0,4600.0,2809.0
2021-01-30 22:30:00+00:00,1208.0,10662.0,0.0,0.0,0.0,181.0,5577.0,150.0,0.0,4412.0,2862.0
2021-01-30 23:00:00+00:00,1207.0,9722.0,0.0,0.0,0.0,180.0,5581.0,149.0,0.0,4230.0,2629.0
2021-01-30 23:30:00+00:00,1211.0,8846.0,0.0,0.0,0.0,174.0,5571.0,150.0,0.0,4224.0,2626.0
2021-01-31 00:00:00+00:00,1210.0,8655.0,0.0,0.0,0.0,141.0,5578.0,150.0,0.0,4134.0,2495.0
2021-01-31 00:30:00+00:00,1206.0,9066.0,0.0,0.0,0.0,136.0,5570.0,154.0,0.0,4017.0,2493.0
2021-01-31 01:00:00+00:00,1209.0,9461.0,0.0,0.0,0.0,135.0,5573.0,156.0,2.0,3973.0,2359.0
2021-01-31 01:30:00+00:00,1208.0,9147.0,0.0,0.0,0.0,120.0,5568.0,151.0,2.0,3861.0,2358.0
2021-01-31 02:00:00+00:00,1207.0,9075.0,0.0,0.0,0.0,119.0,5561.0,171.0,1.0,3540.0,2304.0
2021-01-31 02:30:00+00:00,1205.0,9434.0,0.0,0.0,0.0,119.0,5562.0,158.0,0.0,3433.0,2217.0
2021-01-31 03:00:00+00:00,1210.0,9281.0,0.0,0.0,0.0,118.0,5566.0,152.0,2.0,3364.0,2234.0
2021-01-31 03:30:00+00:00,1209.0,8992.0,0.0,0.0,0.0,118.0,5568.0,151.0,2.0,3321.0,2268.0
2021-01-31 04:00:00+00:00,1262.0,8590.0,0.0,0.0,0.0,118.0,5572.0,158.0,0.0,3319.0,2244.0
2021-01-31 04:30:00+00:00,1295.0,8461.0,0.0,0.0,0.0,118.0,5568.0,152.0,0.0,3357.0,2191.0
2021-01-31 05:00:00+00:00,1326.0,8270.0,0.0,0.0,0.0,118.0,5571.0,152.0,0.0,3220.0,2256.0
2021-01-31 05:30:00+00:00,1423.0,8358.0,0.0,0.0,0.0,118.0,5571.0,151.0,0.0,3076.0,2323.0
2021-01-31 06:00:00+00:00,1649.0,8364.0,0.0,0.0,0.0,152.0,5565.0,150.0,0.0,3053.0,2452.0
2021-01-31 06:30:00+00:00,1810.0,8392.0,0.0,0.0,0.0,169.0,5573.0,150.0,0.0,3242.0,2431.0
2021-01-31 07:00:00+00:00,1813.0,9286.0,0.0,0.0,0.0,176.0,5572.0,150.0,0.0,3264.0,2521.0
2021-01-31 07:30:00+00:00,1784.0,9846.0,0.0,0.0,0.0,190.0,5575.0,152.0,4.0,3324.0,2541.0
2021-01-31 08:00:00+00:00,1624.0,10323.0,0.0,0.0,0.0,202.0,5572.0,166.0,146.0,3475.0,2678.0
2021-01-31 08:30:00+00:00,1563.0,10760.0,0.0,0.0,0.0,203.0,5567.0,158.0,496.0,3590.0,2694.0
2021-01-31 09:00:00+00:00,1543.0,11846.0,0.0,0.0,0.0,269.0,5576.0,153.0,808.0,3616.0,2827.0
2021-01-31 09:30:00+00:00,1608.0,13021.0,0.0,0.0,0.0,288.0,5572.0,154.0,1020.0,3711.0,2830.0
2021-01-31 10:00:00+00:00,1759.0,13705.0,19.0,0.0,0.0,318.0,5573.0,158.0,1190.0,3779.0,2932.0
2021-01-31 10:30:00+00:00,1670.0,14466.0,177.0,0.0,0.0,319.0,5567.0,173.0,1340.0,3752.0,2943.0
2021-01-31 11:00:00+00:00,1791.0,15056.0,232.0,0.0,0.0,315.0,5563.0,162.0,1350.0,3840.0,3039.0
2021-01-31 11:30:00+00:00,1814.0,16325.0,242.0,0.0,0.0,297.0,5562.0,167.0,1493.0,3945.0,2993.0
2021-01-31 12:00:00+00:00,1812.0,17049.0,451.0,0.0,0.0,288.0,5563.0,177.0,1276.0,4127.0,2977.0
2021-01-31 12:30:00+00:00,1794.0,17510.0,500.0,0.0,177.0,264.0,5565.0,182.0,1342.0,4033.0,2937.0
2021-01-31 13:00:00+00:00,1798.0,17915.0,501.0,0.0,326.0,280.0,5569.0,206.0,1040.0,4090.0,2966.0
2021-01-31 13:30:00+00:00,1801.0,18150.0,500.0,0.0,0.0,287.0,5573.0,206.0,1272.0,4024.0,2907.0
2021-01-31 14:00:00+00:00,1801.0,18123.0,499.0,0.0,0.0,227.0,5571.0,158.0,898.0,4054.0,2855.0
2021-01-31 14:30:00+00:00,1788.0,18202.0,497.0,0.0,0.0,226.0,5570.0,156.0,930.0,4121.0,2896.0
2021-01-31 15:00:00+00:00,1723.0,18567.0,511.0,0.0,0.0,226.0,5570.0,160.0,606.0,4447.0,2802.0
2021-01-31 15:30:00+00:00,1789.0,19020.0,586.0,0.0,0.0,226.0,5562.0,160.0,590.0,4618.0,2777.0
2021-01-31 16:00:00+00:00,1709.0,19423.0,735.0,0.0,0.0,302.0,5562.0,161.0,335.0,4749.0,2806.0
2021-01-31 16:30:00+00:00,1759.0,20003.0,822.0,0.0,244.0,404.0,5565.0,220.0,187.0,4901.0,2834.0
2021-01-31 17:00:00+00:00,1723.0,20452.0,947.0,0.0,991.0,546.0,5563.0,326.0,94.0,4940.0,2915.0
2021-01-31 17:30:00+00:00,1611.0,20515.0,1000.0,0.0,1496.0,606.0,5563.0,430.0,3.0,5033.0,2951.0
2021-01-31 18:00:00+00:00,1712.0,20725.0,990.0,0.0,899.0,553.0,5566.0,415.0,2.0,5069.0,2888.0
2021-01-31 18:30:00+00:00,1738.0,20263.0,988.0,0.0,662.0,539.0,5560.0,283.0,0.0,5115.0,2857.0
2021-01-31 19:00:00+00:00,1809.0,19536.0,838.0,0.0,152.0,484.0,5559.0,159.0,0.0,5134.0,2787.0
2021-01-31 19:30:00+00:00,1805.0,18119.0,713.0,0.0,0.0,465.0,5563.0,157.0,0.0,5010.0,2752.0
2021-01-31 20:00:00+00:00,1664.0,17426.0,598.0,0.0,0.0,361.0,5560.0,155.0,0.0,4895.0,2638.0
2021-01-31 20:30:00+00:00,1766.0,16267.0,796.0,0.0,0.0,237.0,5560.0,156.0,0.0,4840.0,2567.0
2021-01-31 21:00:00+00:00,1793.0,15333.0,494.0,0.0,0.0,200.0,5565.0,156.0,0.0,4710.0,2470.0
2021-01-31 21:30:00+00:00,1791.0,13961.0,474.0,0.0,0.0,197.0,5563.0,152.0,0.0,4472.0,2511.0
2021-01-31 22:00:00+00:00,1793.0,12666.0,593.0,0.0,69.0,151.0,5566.0,151.0,0.0,4154.0,2459.0
2021-01-31 22:30:00+00:00,1793.0,11804.0,469.0,0.0,0.0,157.0,5563.0,154.0,0.0,4042.0,2355.0
2021-01-31 23:00:00+00:00,1802.0,11078.0,461.0,0.0,0.0,156.0,5572.0,152.0,0.0,3872.0,2272.0
2021-01-31 23:30:00+00:00,1793.0,10483.0,465.0,0.0,0.0,155.0,5567.0,151.0,0.0,3668.0,2188.0
2021-02-01 00:00:00+00:00,1794.0,10243.0,464.0,0.0,0.0,138.0,5563.0,154.0,0.0,3514.0,2076.0
2021-02-01 00:30:00+00:00,1793.0,10738.0,501.0,0.0,0.0,138.0,5558.0,154.0,0.0,3447.0,1985.0
2021-02-01 01:00:00+00:00,1788.0,10759.0,656.0,0.0,284.0,138.0,5566.0,243.0,0.0,3362.0,1871.0
2021-02-01 01:30:00+00:00,1792.0,10469.0,711.0,0.0,297.0,170.0,5561.0,332.0,0.0,3194.0,1757.0
2021-02-01 02:00:00+00:00,1789.0,10413.0,723.0,0.0,297.0,188.0,5564.0,343.0,0.0,2935.0,1587.0
2021-02-01 02:30:00+00:00,1789.0,10319.0,692.0,0.0,297.0,188.0,5563.0,342.0,0.0,2765.0,1544.0
2021-02-01 03:00:00+00:00,1796.0,10461.0,687.0,0.0,297.0,467.0,5559.0,341.0,0.0,2723.0,1465.0
2021-02-01 03:30:00+00:00,1799.0,10667.0,945.0,0.0,297.0,189.0,5561.0,354.0,0.0,2531.0,1476.0
2021-02-01 04:00:00+00:00,1790.0,10823.0,988.0,0.0,55.0,189.0,5561.0,343.0,0.0,2388.0,1395.0
2021-02-01 04:30:00+00:00,1795.0,11150.0,1060.0,0.0,0.0,189.0,5562.0,342.0,0.0,2337.0,1321.0
2021-02-01 05:00:00+00:00,1796.0,11404.0,1135.0,0.0,0.0,204.0,5566.0,196.0,0.0,2218.0,1257.0
2021-02-01 05:30:00+00:00,1815.0,11690.0,1256.0,0.0,0.0,147.0,5564.0,152.0,0.0,2183.0,1294.0
2021-02-01 06:00:00+00:00,1834.0,13258.0,1416.0,0.0,27.0,181.0,5560.0,171.0,0.0,2166.0,1236.0
2021-02-01 06:30:00+00:00,1856.0,15387.0,1902.0,0.0,0.0,188.0,5568.0,149.0,0.0,2172.0,1277.0
2021-02-01 07:00:00+00:00,1888.0,18083.0,2178.0,0.0,131.0,185.0,5223.0,165.0,13.0,3058.0,1860.0
2021-02-01 07:30:00+00:00,1910.0,20368.0,2200.0,0.0,0.0,165.0,5226.0,196.0,9.0,2223.0,1212.0
2021-02-01 08:00:00+00:00,1938.0,21221.0,2178.0,0.0,0.0,180.0,5224.0,335.0,154.0,2176.0,1225.0
2021-02-01 08:30:00+00:00,2136.0,22469.0,2186.0,0.0,245.0,185.0,5226.0,408.0,291.0,2202.0,1261.0
2021-02-01 09:00:00+00:00,2064.0,22816.0,2206.0,0.0,661.0,218.0,5225.0,521.0,574.0,2168.0,1260.0
2021-02-01 09:30:00+00:00,2066.0,22999.0,2199.0,0.0,1087.0,219.0,5226.0,487.0,963.0,1996.0,1228.0
2021-02-01 10:00:00+00:00,2063.0,23088.0,2276.0,0.0,1237.0,223.0,5228.0,463.0,1207.0,1778.0,1100.0
2021-02-01 10:30:00+00:00,2128.0,23315.0,2279.0,0.0,1088.0,221.0,5214.0,477.0,1450.0,1635.0,1084.0
2021-02-01 11:00:00+00:00,2349.0,23353.0,2273.0,0.0,937.0,233.0,5216.0,498.0,1643.0,1512.0,1023.0
2021-02-01 11:30:00+00:00,2433.0,23294.0,2281.0,0.0,1076.0,233.0,5224.0,510.0,1902.0,1338.0,1019.0
2021-02-01 12:00:00+00:00,2455.0,23335.0,2275.0,0.0,1388.0,281.0,5216.0,466.0,1944.0,1243.0,1028.0
2021-02-01 12:30:00+00:00,2457.0,23496.0,2288.0,0.0,936.0,282.0,5218.0,482.0,2045.0,1252.0,1017.0
2021-02-01 13:00:00+00:00,2459.0,23238.0,2046.0,0.0,719.0,319.0,5221.0,447.0,1859.0,1326.0,1050.0
2021-02-01 13:30:00+00:00,2457.0,23009.0,1943.0,0.0,1025.0,313.0,5217.0,412.0,1897.0,1282.0,1089.0
2021-02-01 14:00:00+00:00,2455.0,23284.0,1971.0,0.0,937.0,318.0,5213.0,399.0,1555.0,44.0,481.0
2021-02-01 14:30:00+00:00,2454.0,23119.0,2119.0,0.0,519.0,301.0,5220.0,356.0,1100.0,44.0,481.0
2021-02-01 15:00:00+00:00,2447.0,23084.0,1974.0,0.0,828.0,330.0,5220.0,356.0,791.0,1215.0,1205.0
2021-02-01 15:30:00+00:00,2455.0,22989.0,2018.0,0.0,1612.0,369.0,5230.0,302.0,455.0,1157.0,1290.0
2021-02-01 16:00:00+00:00,2454.0,22959.0,2034.0,0.0,1633.0,432.0,5240.0,440.0,135.0,1149.0,1495.0
2021-02-01 16:30:00+00:00,2459.0,22981.0,2160.0,0.0,1564.0,627.0,5222.0,433.0,5.0,1129.0,1606.0
2021-02-01 17:00:00+00:00,2476.0,23397.0,2298.0,0.0,2034.0,775.0,5215.0,493.0,1.0,959.0,1809.0
2021-02-01 17:30:00+00:00,2483.0,23410.0,2299.0,0.0,2112.0,834.0,5213.0,560.0,0.0,988.0,2021.0
2021-02-01 18:00:00+00:00,2447.0,23223.0,2191.0,0.0,1814.0,832.0,5221.0,550.0,7.0,1170.0,2320.0
2021-02-01 18:30:00+00:00,2484.0,22891.0,1926.0,0.0,1893.0,791.0,5211.0,432.0,0.0,1171.0,2472.0
2021-02-01 19:00:00+00:00,2524.0,22680.0,2190.0,0.0,860.0,420.0,5215.0,376.0,2.0,1168.0,2702.0
2021-02-01 19:30:00+00:00,2520.0,22019.0,2115.0,0.0,273.0,372.0,5208.0,261.0,0.0,1183.0,2759.0
2021-02-01 20:00:00+00:00,2516.0,21051.0,2195.0,0.0,73.0,250.0,5215.0,187.0,0.0,1242.0,2965.0
2021-02-01 20:30:00+00:00,2515.0,19933.0,2137.0,0.0,0.0,181.0,5212.0,164.0,0.0,1265.0,3058.0
2021-02-01 21:00:00+00:00,2515.0,18126.0,2066.0,0.0,136.0,156.0,5209.0,165.0,0.0,1302.0,3253.0
2021-02-01 21:30:00+00:00,2484.0,16403.0,1892.0,0.0,0.0,137.0,5219.0,150.0,0.0,1337.0,3404.0
2021-02-01 22:00:00+00:00,2337.0,15064.0,1430.0,0.0,0.0,137.0,5212.0,146.0,0.0,1354.0,3782.0
2021-02-01 22:30:00+00:00,2280.0,13164.0,1102.0,0.0,0.0,136.0,5215.0,146.0,0.0,1348.0,3949.0
2021-02-01 23:00:00+00:00,2007.0,11892.0,790.0,0.0,0.0,133.0,5222.0,146.0,0.0,1289.0,4133.0
2021-02-01 23:30:00+00:00,1391.0,10821.0,383.0,0.0,0.0,132.0,5222.0,146.0,0.0,16.0,1277.0
2021-02-02 00:00:00+00:00,1077.0,10452.0,199.0,0.0,0.0,129.0,5214.0,149.0,0.0,1459.0,4410.0
2021-02-02 00:30:00+00:00,1072.0,10533.0,0.0,0.0,0.0,129.0,5219.0,148.0,2.0,1626.0,4562.0
2021-02-02 01:00:00+00:00,1103.0,10309.0,0.0,0.0,0.0,144.0,5235.0,146.0,0.0,1899.0,4700.0
2021-02-02 01:30:00+00:00,1107.0,9445.0,0.0,0.0,0.0,143.0,5220.0,154.0,0.0,2044.0,4806.0
2021-02-02 02:00:00+00:00,1101.0,8339.0,0.0,0.0,0.0,141.0,5219.0,146.0,0.0,2690.0,4961.0
2021-02-02 02:30:00+00:00,1098.0,8518.0,0.0,0.0,0.0,141.0,5214.0,167.0,0.0,2620.0,4995.0
2021-02-02 03:00:00+00:00,1095.0,8274.0,0.0,0.0,0.0,141.0,5223.0,146.0,0.0,2725.0,5437.0
2021-02-02 03:30:00+00:00,1106.0,7516.0,0.0,0.0,0.0,141.0,5217.0,147.0,0.0,3071.0,5567.0
2021-02-02 04:00:00+00:00,1103.0,7187.0,0.0,0.0,0.0,141.0,5211.0,150.0,0.0,3332.0,5846.0
2021-02-02 04:30:00+00:00,1103.0,6338.0,0.0,0.0,0.0,141.0,5214.0,149.0,0.0,113.0,2043.0
2021-02-02 05:00:00+00:00,1107.0,6563.0,34.0,0.0,0.0,141.0,5212.0,147.0,0.0,4251.0,6012.0
2021-02-02 05:30:00+00:00,1050.0,6571.0,54.0,0.0,0.0,157.0,5216.0,146.0,0.0,4713.0,5975.0
2021-02-02 06:00:00+00:00,1091.0,7219.0,113.0,0.0,0.0,173.0,5216.0,151.0,0.0,4937.0,6146.0
2021-02-02 06:30:00+00:00,1122.0,8879.0,191.0,0.0,0.0,176.0,5215.0,148.0,0.0,5104.0,6443.0
2021-02-02 07:00:00+00:00,1148.0,9727.0,382.0,0.0,0.0,192.0,5212.0,160.0,0.0,5118.0,6692.0
2021-02-02 07:30:00+00:00,1167.0,11498.0,669.0,0.0,43.0,193.0,5212.0,164.0,1.0,5150.0,6698.0
2021-02-02 08:00:00+00:00,1202.0,13052.0,887.0,0.0,0.0,198.0,5221.0,147.0,33.0,5243.0,6593.0
2021-02-02 08:30:00+00:00,1228.0,14397.0,915.0,0.0,0.0,221.0,5217.0,149.0,170.0,5106.0,6594.0
2021-02-02 09:00:00+00:00,1321.0,14965.0,1074.0,0.0,214.0,232.0,5212.0,168.0,452.0,5177.0,6463.0
2021-02-02 09:30:00+00:00,1543.0,15348.0,1140.0,0.0,0.0,233.0,5226.0,181.0,811.0,5146.0,6482.0
2021-02-02 10:00:00+00:00,1744.0,15076.0,1130.0,0.0,0.0,211.0,5216.0,152.0,1150.0,5028.0,6455.0
2021-02-02 10:30:00+00:00,1733.0,15035.0,1149.0,0.0,0.0,216.0,5215.0,179.0,1410.0,4983.0,6442.0
2021-02-02 11:00:00+00:00,1743.0,14727.0,1227.0,0.0,0.0,218.0,5218.0,182.0,1560.0,4751.0,6473.0
2021-02-02 11:30:00+00:00,1740.0,15705.0,1345.0,0.0,0.0,233.0,5211.0,154.0,1660.0,4135.0,6527.0
2021-02-02 12:00:00+00:00,1745.0,15810.0,1541.0,0.0,0.0,233.0,5220.0,150.0,1740.0,4065.0,6600.0
2021-02-02 12:30:00+00:00,1743.0,16030.0,1603.0,0.0,0.0,233.0,5217.0,151.0,1860.0,138.0,2257.0
2021-02-02 13:00:00+00:00,1747.0,15315.0,1567.0,0.0,0.0,255.0,5223.0,149.0,1800.0,4456.0,6867.0
2021-02-02 13:30:00+00:00,1734.0,15434.0,1572.0,0.0,0.0,260.0,5217.0,149.0,1580.0,4187.0,6853.0
2021-02-02 14:00:00+00:00,1700.0,15028.0,1564.0,0.0,0.0,198.0,5227.0,150.0,1380.0,4624.0,6901.0
2021-02-02 14:30:00+00:00,1608.0,14989.0,1378.0,0.0,0.0,192.0,5217.0,166.0,978.0,4564.0,6960.0
2021-02-02 15:00:00+00:00,1647.0,15529.0,1344.0,0.0,0.0,197.0,5219.0,173.0,619.0,4390.0,7049.0
2021-02-02 15:30:00+00:00,1647.0,15471.0,1337.0,0.0,0.0,231.0,5222.0,189.0,335.0,125.0,2387.0
2021-02-02 16:00:00+00:00,1676.0,15778.0,1492.0,0.0,0.0,298.0,5220.0,276.0,105.0,4495.0,6969.0
2021-02-02 16:30:00+00:00,1705.0,16500.0,1308.0,0.0,280.0,395.0,5224.0,349.0,8.0,4248.0,7116.0
2021-02-02 17:00:00+00:00,1705.0,16864.0,1314.0,0.0,1302.0,510.0,5221.0,369.0,0.0,4287.0,7229.0
2021-02-02 17:30:00+00:00,1703.0,17504.0,1483.0,0.0,1293.0,553.0,5218.0,387.0,0.0,4528.0,7376.0
2021-02-02 18:00:00+00:00,1704.0,16986.0,1259.0,0.0,1287.0,461.0,5225.0,493.0,0.0,4722.0,7504.0
2021-02-02 18:30:00+00:00,1709.0,16904.0,1329.0,0.0,294.0,428.0,5195.0,335.0,0.0,4972.0,7436.0
2021-02-02 19:00:00+00:00,1709.0,15708.0,1253.0,0.0,209.0,428.0,5200.0,261.0,0.0,5124.0,7613.0
2021-02-02 19:30:00+00:00,1671.0,14475.0,1261.0,0.0,0.0,410.0,5191.0,175.0,0.0,5263.0,7633.0
2021-02-02 20:00:00+00:00,1565.0,13767.0,913.0,0.0,0.0,249.0,5199.0,148.0,0.0,5343.0,7691.0
2021-02-02 20:30:00+00:00,1502.0,12276.0,708.0,0.0,0.0,216.0,5197.0,157.0,0.0,5304.0,7711.0
2021-02-02 21:00:00+00:00,1528.0,10463.0,511.0,0.0,139.0,191.0,5197.0,154.0,0.0,5424.0,7744.0
2021-02-02 21:30:00+00:00,1466.0,8816.0,504.0,0.0,29.0,145.0,5199.0,156.0,0.0,5352.0,7393.0
2021-02-02 22:00:00+00:00,1467.0,7224.0,512.0,0.0,0.0,144.0,5199.0,147.0,0.0,5303.0,7377.0
2021-02-02 22:30:00+00:00,1464.0,5474.0,539.0,0.0,210.0,143.0,5195.0,145.0,0.0,5357.0,7519.0
2021-02-02 23:00:00+00:00,1462.0,4937.0,617.0,0.0,0.0,143.0,5190.0,153.0,0.0,5306.0,7374.0
2021-02-02 23:30:00+00:00,1462.0,4156.0,531.0,0.0,0.0,141.0,5198.0,150.0,0.0,5262.0,7391.0
2021-02-03 00:00:00+00:00,1543.0,4235.0,540.0,0.0,0.0,143.0,5174.0,144.0,0.0,5362.0,7422.0
2021-02-03 00:30:00+00:00,1519.0,4403.0,614.0,0.0,0.0,142.0,5169.0,202.0,0.0,5150.0,7458.0
2021-02-03 01:00:00+00:00,1682.0,5207.0,601.0,0.0,0.0,142.0,5172.0,162.0,0.0,4659.0,7358.0
2021-02-03 01:30:00+00:00,1670.0,5440.0,618.0,0.0,0.0,143.0,5174.0,233.0,0.0,4243.0,7287.0
2021-02-03 02:00:00+00:00,1653.0,5145.0,612.0,0.0,0.0,142.0,5171.0,164.0,0.0,4521.0,7198.0
2021-02-03 02:30:00+00:00,1639.0,5032.0,618.0,0.0,0.0,141.0,5171.0,155.0,0.0,4384.0,7196.0
2021-02-03 03:00:00+00:00,1682.0,5057.0,620.0,0.0,0.0,141.0,5177.0,147.0,0.0,4446.0,6991.0
2021-02-03 03:30:00+00:00,1658.0,5019.0,620.0,0.0,0.0,141.0,5176.0,150.0,0.0,4430.0,6960.0
2021-02-03 04:00:00+00:00,1449.0,4900.0,619.0,0.0,0.0,140.0,5175.0,156.0,0.0,4581.0,6901.0
2021-02-03 04:30:00+00:00,1720.0,5219.0,620.0,0.0,0.0,140.0,5170.0,148.0,0.0,4092.0,6968.0
2021-02-03 05:00:00+00:00,1788.0,5532.0,620.0,0.0,0.0,140.0,5176.0,145.0,0.0,3840.0,6863.0
2021-02-03 05:30:00+00:00,1637.0,5854.0,663.0,0.0,0.0,140.0,5171.0,146.0,0.0,3508.0,6796.0
2021-02-03 06:00:00+00:00,1983.0,7194.0,741.0,0.0,0.0,180.0,5170.0,159.0,0.0,3124.0,6670.0
2021-02-03 06:30:00+00:00,2466.0,8685.0,976.0,0.0,0.0,180.0,5169.0,148.0,0.0,2917.0,6668.0
2021-02-03 07:00:00+00:00,2833.0,10833.0,1255.0,0.0,118.0,179.0,5170.0,150.0,0.0,2665.0,6699.0
2021-02-03 07:30:00+00:00,2914.0,13154.0,1665.0,0.0,170.0,179.0,5171.0,147.0,0.0,2564.0,6673.0
2021-02-03 08:00:00+00:00,2898.0,14672.0,2009.0,0.0,52.0,195.0,5171.0,253.0,20.0,2521.0,6630.0
2021-02-03 08:30:00+00:00,2904.0,15460.0,2299.0,0.0,0.0,206.0,5174.0,466.0,119.0,2305.0,6728.0
2021-02-03 09:00:00+00:00,2920.0,16217.0,2489.0,0.0,496.0,189.0,5175.0,524.0,297.0,2105.0,6607.0
2021-02-03 09:30:00+00:00,2878.0,16494.0,2569.0,0.0,301.0,188.0,5173.0,494.0,611.0,2031.0,6640.0
2021-02-03 10:00:00+00:00,2898.0,16621.0,2696.0,0.0,418.0,201.0,5170.0,493.0,968.0,1727.0,6717.0
2021-02-03 10:30:00+00:00,2903.0,16491.0,2707.0,0.0,488.0,174.0,5175.0,491.0,1400.0,1527.0,6737.0
2021-02-03 11:00:00+00:00,2904.0,16199.0,2839.0,0.0,359.0,174.0,5186.0,406.0,1740.0,1556.0,6786.0
2021-02-03 11:30:00+00:00,2886.0,16292.0,2810.0,0.0,0.0,168.0,5180.0,393.0,1930.0,1581.0,6696.0
2021-02-03 12:00:00+00:00,2905.0,16450.0,2811.0,0.0,0.0,197.0,5171.0,352.0,2070.0,1634.0,6812.0
2021-02-03 12:30:00+00:00,2904.0,16399.0,2729.0,0.0,0.0,219.0,5173.0,234.0,2160.0,1801.0,6743.0
2021-02-03 13:00:00+00:00,2901.0,16197.0,2433.0,0.0,0.0,204.0,5166.0,150.0,1930.0,1934.0,6765.0
2021-02-03 13:30:00+00:00,2871.0,15328.0,2072.0,0.0,0.0,203.0,5171.0,149.0,1750.0,2193.0,6905.0
2021-02-03 14:00:00+00:00,2896.0,15485.0,2014.0,0.0,0.0,163.0,5167.0,158.0,1540.0,2224.0,6856.0
2021-02-03 14:30:00+00:00,2885.0,15456.0,1964.0,0.0,9.0,168.0,5169.0,150.0,1400.0,2278.0,6768.0
2021-02-03 15:00:00+00:00,2895.0,15580.0,1915.0,0.0,0.0,181.0,5172.0,149.0,1110.0,2317.0,6621.0
2021-02-03 15:30:00+00:00,2915.0,15805.0,1923.0,0.0,0.0,203.0,5171.0,153.0,766.0,106.0,2168.0
2021-02-03 16:00:00+00:00,2940.0,15847.0,2041.0,0.0,0.0,248.0,5175.0,277.0,368.0,2623.0,6450.0
2021-02-03 16:30:00+00:00,2939.0,16151.0,2394.0,0.0,149.0,441.0,5175.0,310.0,82.0,2761.0,6262.0
2021-02-03 17:00:00+00:00,2947.0,17562.0,2751.0,0.0,321.0,446.0,5173.0,335.0,2.0,2989.0,6157.0
2021-02-03 17:30:00+00:00,2944.0,18007.0,2758.0,0.0,864.0,426.0,5174.0,370.0,0.0,3199.0,6196.0
2021-02-03 18:00:00+00:00,2925.0,18126.0,2759.0,0.0,993.0,390.0,5180.0,364.0,2.0,133.0,1997.0
2021-02-03 18:30:00+00:00,2911.0,17719.0,2638.0,0.0,354.0,368.0,5175.0,317.0,0.0,3739.0,6044.0
2021-02-03 19:00:00+00:00,2925.0,17035.0,2100.0,0.0,185.0,384.0,5175.0,225.0,1.0,4014.0,5987.0
2021-02-03 19:30:00+00:00,2778.0,15867.0,1598.0,0.0,212.0,376.0,5170.0,176.0,0.0,4010.0,5931.0
2021-02-03 20:00:00+00:00,2317.0,15117.0,1256.0,0.0,182.0,315.0,5163.0,172.0,1.0,4052.0,5934.0
2021-02-03 20:30:00+00:00,2319.0,14233.0,807.0,0.0,328.0,300.0,5164.0,152.0,0.0,4010.0,5888.0
2021-02-03 21:00:00+00:00,2314.0,13279.0,623.0,0.0,263.0,254.0,5164.0,151.0,0.0,3804.0,5922.0
2021-02-03 21:30:00+00:00,2323.0,11712.0,625.0,0.0,286.0,214.0,5162.0,161.0,0.0,3667.0,5833.0
2021-02-03 22:00:00+00:00,2236.0,10257.0,626.0,0.0,138.0,174.0,5167.0,150.0,0.0,3797.0,5782.0
2021-02-03 22:30:00+00:00,2230.0,9063.0,672.0,0.0,0.0,193.0,5168.0,148.0,0.0,3528.0,5882.0
2021-02-03 23:00:00+00:00,1925.0,8004.0,710.0,0.0,217.0,176.0,5169.0,149.0,0.0,3335.0,5870.0
2021-02-03 23:30:00+00:00,1833.0,6947.0,718.0,0.0,0.0,176.0,5170.0,151.0,0.0,3450.0,5723.0
2021-02-04 00:00:00+00:00,1968.0,6406.0,715.0,0.0,110.0,135.0,5169.0,145.0,0.0,3385.0,5723.0
2021-02-04 00:30:00+00:00,2156.0,6587.0,711.0,0.0,373.0,124.0,5166.0,192.0,0.0,3204.0,5794.0
2021-02-04 01:00:00+00:00,2161.0,6563.0,681.0,0.0,689.0,123.0,5171.0,281.0,0.0,3019.0,5722.0
2021-02-04 01:30:00+00:00,2183.0,6440.0,709.0,0.0,438.0,136.0,5172.0,276.0,0.0,2993.0,5682.0
2021-02-04 02:00:00+00:00,2220.0,6476.0,654.0,0.0,352.0,121.0,5175.0,205.0,0.0,2685.0,5693.0
2021-02-04 02:30:00+00:00,2207.0,6389.0,670.0,0.0,348.0,120.0,5176.0,251.0,0.0,2446.0,5694.0
2021-02-04 03:00:00+00:00,2150.0,6766.0,715.0,0.0,127.0,137.0,5177.0,215.0,0.0,2494.0,5618.0
2021-02-04 03:30:00+00:00,2138.0,6741.0,599.0,0.0,186.0,140.0,5172.0,174.0,0.0,2372.0,5485.0
2021-02-04 04:00:00+00:00,2123.0,6679.0,656.0,0.0,148.0,140.0,5175.0,251.0,0.0,2230.0,5533.0
2021-02-04 04:30:00+00:00,2145.0,6827.0,638.0,0.0,0.0,140.0,5172.0,216.0,0.0,1934.0,5624.0
2021-02-04 05:00:00+00:00,2154.0,6879.0,408.0,0.0,39.0,140.0,5169.0,227.0,0.0,1803.0,5611.0
2021-02-04 05:30:00+00:00,2141.0,7399.0,406.0,0.0,0.0,139.0,5169.0,229.0,0.0,1731.0,5682.0
2021-02-04 06:00:00+00:00,2267.0,8607.0,408.0,0.0,0.0,146.0,5172.0,146.0,0.0,1734.0,5810.0
2021-02-04 06:30:00+00:00,2602.0,10521.0,343.0,0.0,0.0,155.0,5168.0,147.0,0.0,1701.0,5842.0
2021-02-04 07:00:00+00:00,2985.0,12496.0,271.0,0.0,195.0,157.0,5165.0,148.0,0.0,1610.0,5993.0
2021-02-04 07:30:00+00:00,2951.0,14305.0,271.0,0.0,0.0,156.0,5166.0,322.0,7.0,1701.0,6056.0
2021-02-04 08:00:00+00:00,2892.0,15722.0,275.0,0.0,316.0,175.0,5163.0,374.0,109.0,1726.0,6025.0
2021-02-04 08:30:00+00:00,2810.0,17549.0,272.0,0.0,0.0,174.0,5178.0,367.0,349.0,1850.0,6064.0
2021-02-04 09:00:00+00:00,2935.0,17974.0,288.0,0.0,0.0,154.0,5163.0,353.0,581.0,2001.0,6126.0
2021-02-04 09:30:00+00:00,2900.0,18531.0,309.0,0.0,0.0,168.0,5170.0,199.0,849.0,1981.0,6151.0
2021-02-04 10:00:00+00:00,2904.0,18672.0,314.0,0.0,0.0,152.0,5171.0,196.0,1130.0,1864.0,6249.0
2021-02-04 10:30:00+00:00,2913.0,18677.0,312.0,0.0,0.0,151.0,5174.0,280.0,1210.0,42.0,1878.0
2021-02-04 11:00:00+00:00,2909.0,18756.0,313.0,0.0,151.0,168.0,5175.0,313.0,1190.0,1779.0,6137.0
2021-02-04 11:30:00+00:00,2906.0,18998.0,316.0,0.0,0.0,180.0,5180.0,330.0,1220.0,1889.0,6063.0
2021-02-04 12:00:00+00:00,2910.0,19169.0,312.0,0.0,244.0,195.0,5181.0,413.0,1250.0,1737.0,6164.0
2021-02-04 12:30:00+00:00,2906.0,19327.0,315.0,0.0,325.0,194.0,5177.0,519.0,1240.0,1796.0,6147.0
2021-02-04 13:00:00+00:00,2904.0,19277.0,314.0,0.0,151.0,202.0,5172.0,498.0,1270.0,1982.0,6148.0
2021-02-04 13:30:00+00:00,2902.0,19061.0,314.0,0.0,189.0,207.0,5163.0,350.0,1150.0,1953.0,6063.0
2021-02-04 14:00:00+00:00,2889.0,19139.0,291.0,0.0,1.0,235.0,5157.0,275.0,1020.0,2032.0,6023.0
2021-02-04 14:30:00+00:00,2904.0,19101.0,316.0,0.0,0.0,255.0,5166.0,254.0,829.0,2098.0,6026.0
2021-02-04 15:00:00+00:00,2752.0,19106.0,405.0,0.0,0.0,264.0,5167.0,153.0,549.0,2275.0,5947.0
2021-02-04 15:30:00+00:00,2623.0,19170.0,643.0,0.0,0.0,279.0,5174.0,152.0,345.0,2412.0,5929.0
2021-02-04 16:00:00+00:00,2885.0,18963.0,776.0,0.0,0.0,298.0,5171.0,266.0,137.0,3063.0,5658.0
2021-02-04 16:30:00+00:00,2886.0,19564.0,769.0,0.0,131.0,333.0,5166.0,297.0,24.0,3249.0,5654.0
2021-02-04 17:00:00+00:00,2975.0,19443.0,775.0,0.0,1022.0,453.0,5165.0,294.0,2.0,3650.0,5783.0
2021-02-04 17:30:00+00:00,2974.0,20286.0,773.0,0.0,1137.0,409.0,5164.0,373.0,3.0,3834.0,5849.0
2021-02-04 18:00:00+00:00,2970.0,19920.0,772.0,0.0,1136.0,416.0,5163.0,350.0,0.0,4016.0,5785.0
2021-02-04 18:30:00+00:00,2890.0,19797.0,780.0,0.0,93.0,395.0,5169.0,308.0,0.0,4213.0,5741.0
2021-02-04 19:00:00+00:00,2892.0,18908.0,773.0,0.0,0.0,367.0,5173.0,238.0,0.0,4155.0,5815.0
2021-02-04 19:30:00+00:00,2595.0,17796.0,770.0,0.0,167.0,363.0,5157.0,203.0,0.0,3978.0,5703.0
2021-02-04 20:00:00+00:00,2351.0,16534.0,818.0,0.0,103.0,287.0,5161.0,157.0,0.0,4049.0,5673.0
2021-02-04 20:30:00+00:00,2376.0,15080.0,791.0,0.0,269.0,199.0,5159.0,157.0,0.0,4080.0,5749.0
2021-02-04 21:00:00+00:00,2398.0,14087.0,547.0,0.0,269.0,172.0,5161.0,165.0,0.0,4036.0,5781.0
2021-02-04 21:30:00+00:00,2390.0,12776.0,312.0,0.0,0.0,171.0,5164.0,180.0,0.0,4015.0,5741.0
2021-02-04 22:00:00+00:00,2406.0,10934.0,315.0,0.0,192.0,155.0,5165.0,177.0,0.0,4070.0,5798.0
2021-02-04 22:30:00+00:00,2420.0,9493.0,314.0,0.0,538.0,173.0,5153.0,146.0,0.0,3888.0,5669.0
2021-02-04 23:00:00+00:00,2316.0,9146.0,315.0,0.0,0.0,173.0,5155.0,145.0,0.0,3809.0,5819.0
2021-02-04 23:30:00+00:00,2267.0,8000.0,315.0,0.0,0.0,175.0,5155.0,149.0,0.0,3616.0,5803.0
2021-02-05 00:00:00+00:00,2322.0,7668.0,319.0,0.0,148.0,175.0,5153.0,164.0,0.0,3327.0,5645.0
2021-02-05 00:30:00+00:00,2306.0,7549.0,355.0,0.0,272.0,186.0,5160.0,219.0,2.0,3227.0,5604.0
2021-02-05 01:00:00+00:00,2298.0,7679.0,417.0,0.0,179.0,189.0,5157.0,222.0,1.0,3224.0,5615.0
2021-02-05 01:30:00+00:00,2224.0,7539.0,416.0,0.0,0.0,189.0,5159.0,219.0,0.0,3059.0,5689.0
2021-02-05 02:00:00+00:00,2207.0,7383.0,416.0,0.0,0.0,162.0,5162.0,146.0,3.0,2966.0,5697.0
2021-02-05 02:30:00+00:00,2335.0,7589.0,411.0,0.0,0.0,159.0,5164.0,145.0,1.0,92.0,1758.0
2021-02-05 03:00:00+00:00,2252.0,7667.0,412.0,0.0,0.0,180.0,5167.0,146.0,0.0,2751.0,5657.0
2021-02-05 03:30:00+00:00,2128.0,7509.0,413.0,0.0,0.0,180.0,5165.0,147.0,0.0,2537.0,5744.0
2021-02-05 04:00:00+00:00,2036.0,7176.0,413.0,0.0,0.0,179.0,5164.0,148.0,0.0,2842.0,5786.0
2021-02-05 04:30:00+00:00,1807.0,7106.0,467.0,0.0,0.0,179.0,5165.0,156.0,0.0,2923.0,5756.0
2021-02-05 05:00:00+00:00,1920.0,6924.0,550.0,0.0,0.0,195.0,5163.0,147.0,0.0,3038.0,5900.0
2021-02-05 05:30:00+00:00,1835.0,7626.0,621.0,0.0,0.0,197.0,5158.0,148.0,0.0,2922.0,5829.0
2021-02-05 06:00:00+00:00,2078.0,8148.0,761.0,0.0,0.0,220.0,5165.0,149.0,0.0,73.0,1780.0
2021-02-05 06:30:00+00:00,2663.0,9382.0,1288.0,0.0,0.0,235.0,5150.0,150.0,0.0,2660.0,5838.0
2021-02-05 07:00:00+00:00,2992.0,11497.0,1526.0,0.0,0.0,258.0,5162.0,150.0,0.0,2626.0,5914.0
2021-02-05 07:30:00+00:00,3037.0,13452.0,1543.0,0.0,0.0,242.0,5154.0,150.0,10.0,2597.0,5961.0
2021-02-05 08:00:00+00:00,3047.0,14571.0,1545.0,0.0,0.0,239.0,5152.0,149.0,168.0,2711.0,5969.0
2021-02-05 08:30:00+00:00,3023.0,15683.0,1549.0,0.0,0.0,213.0,5155.0,296.0,510.0,2723.0,6085.0
2021-02-05 09:00:00+00:00,2987.0,16101.0,1539.0,0.0,0.0,235.0,5150.0,294.0,1090.0,2692.0,6117.0
2021-02-05 09:30:00+00:00,3006.0,16022.0,1593.0,0.0,0.0,268.0,5159.0,164.0,1640.0,2595.0,6092.0
2021-02-05 10:00:00+00:00,3018.0,15996.0,1605.0,0.0,0.0,240.0,5154.0,173.0,1970.0,2534.0,5978.0
2021-02-05 10:30:00+00:00,3016.0,16110.0,1608.0,0.0,0.0,239.0,5170.0,151.0,2420.0,2409.0,5916.0
2021-02-05 11:00:00+00:00,3054.0,16140.0,1605.0,0.0,0.0,252.0,5158.0,149.0,2600.0,2309.0,5959.0
2021-02-05 11:30:00+00:00,3028.0,15677.0,1560.0,0.0,0.0,256.0,5151.0,152.0,2820.0,2264.0,5934.0
2021-02-05 12:00:00+00:00,3026.0,15932.0,1556.0,0.0,0.0,256.0,5157.0,157.0,2910.0,2183.0,5874.0
2021-02-05 12:30:00+00:00,3030.0,16247.0,1579.0,0.0,0.0,240.0,5172.0,216.0,2870.0,2134.0,5829.0
2021-02-05 13:00:00+00:00,2994.0,16405.0,1487.0,0.0,0.0,226.0,5158.0,163.0,2660.0,2100.0,5736.0
2021-02-05 13:30:00+00:00,2991.0,16530.0,1386.0,0.0,0.0,216.0,5169.0,156.0,2320.0,1909.0,5614.0
2021-02-05 14:00:00+00:00,2994.0,16596.0,1242.0,0.0,0.0,180.0,5152.0,169.0,1920.0,1904.0,5475.0
2021-02-05 14:30:00+00:00,3033.0,16873.0,1163.0,0.0,0.0,168.0,5154.0,167.0,1520.0,1902.0,5381.0
2021-02-05 15:00:00+00:00,3074.0,17020.0,1208.0,0.0,0.0,169.0,5155.0,165.0,1140.0,29.0,1730.0
2021-02-05 15:30:00+00:00,3098.0,17650.0,1252.0,0.0,0.0,167.0,5156.0,152.0,665.0,1881.0,5380.0
2021-02-05 16:00:00+00:00,3099.0,17887.0,1228.0,0.0,0.0,300.0,5155.0,275.0,297.0,1857.0,5416.0
2021-02-05 16:30:00+00:00,3116.0,18277.0,1569.0,0.0,293.0,327.0,5152.0,361.0,49.0,1845.0,5492.0
2021-02-05 17:00:00+00:00,3111.0,19091.0,1499.0,0.0,751.0,398.0,5156.0,465.0,1.0,1792.0,5443.0
2021-02-05 17:30:00+00:00,3109.0,20081.0,1503.0,0.0,1320.0,508.0,5153.0,459.0,0.0,1881.0,5438.0
2021-02-05 18:00:00+00:00,3108.0,20123.0,1503.0,0.0,1477.0,561.0,5151.0,511.0,0.0,1862.0,5454.0
2021-02-05 18:30:00+00:00,3102.0,19948.0,1481.0,0.0,1197.0,370.0,5159.0,404.0,0.0,1882.0,5405.0
2021-02-05 19:00:00+00:00,3097.0,19822.0,1486.0,0.0,358.0,390.0,5159.0,292.0,0.0,1863.0,5426.0
2021-02-05 19:30:00+00:00,2798.0,19144.0,1482.0,0.0,0.0,431.0,5153.0,208.0,0.0,1953.0,5409.0
2021-02-05 20:00:00+00:00,2470.0,18136.0,1489.0,0.0,0.0,293.0,5156.0,183.0,0.0,1970.0,5372.0
2021-02-05 20:30:00+00:00,2474.0,16848.0,1486.0,0.0,138.0,282.0,5147.0,157.0,0.0,1910.0,5346.0
2021-02-05 21:00:00+00:00,2478.0,15425.0,1402.0,0.0,92.0,280.0,5157.0,152.0,0.0,1995.0,5331.0
2021-02-05 21:30:00+00:00,2477.0,14098.0,1220.0,0.0,0.0,283.0,5157.0,154.0,0.0,1968.0,5232.0
2021-02-05 22:00:00+00:00,2467.0,12745.0,1043.0,0.0,0.0,233.0,5150.0,153.0,0.0,1986.0,5077.0
2021-02-05 22:30:00+00:00,2121.0,11804.0,417.0,0.0,0.0,274.0,5148.0,157.0,0.0,2051.0,5106.0
2021-02-05 23:00:00+00:00,1495.0,11284.0,413.0,0.0,186.0,274.0,5159.0,163.0,0.0,2117.0,5126.0
2021-02-05 23:30:00+00:00,1036.0,10529.0,415.0,0.0,30.0,234.0,5155.0,151.0,0.0,2073.0,5131.0
2021-02-06 00:00:00+00:00,1041.0,9759.0,416.0,0.0,0.0,218.0,5162.0,150.0,0.0,2345.0,5161.0
2021-02-06 00:30:00+00:00,1040.0,9475.0,415.0,0.0,0.0,213.0,5151.0,186.0,3.0,2440.0,5035.0
2021-02-06 01:00:00+00:00,1035.0,9925.0,415.0,0.0,0.0,198.0,5161.0,194.0,1.0,2403.0,4983.0
2021-02-06 01:30:00+00:00,1040.0,9217.0,415.0,0.0,0.0,197.0,5160.0,168.0,0.0,2648.0,5002.0
2021-02-06 02:00:00+00:00,1036.0,8087.0,417.0,0.0,0.0,192.0,5157.0,177.0,2.0,2780.0,5088.0
2021-02-06 02:30:00+00:00,1036.0,7398.0,417.0,0.0,0.0,192.0,5157.0,180.0,2.0,2723.0,5199.0
2021-02-06 03:00:00+00:00,1039.0,7314.0,417.0,0.0,0.0,193.0,5155.0,156.0,0.0,2879.0,5131.0
2021-02-06 03:30:00+00:00,1037.0,7167.0,418.0,0.0,0.0,192.0,5159.0,152.0,1.0,2899.0,5330.0
2021-02-06 04:00:00+00:00,1043.0,6221.0,418.0,0.0,0.0,209.0,5153.0,164.0,3.0,3147.0,5297.0
2021-02-06 04:30:00+00:00,1044.0,6247.0,417.0,0.0,0.0,209.0,5155.0,170.0,1.0,41.0,1620.0
2021-02-06 05:00:00+00:00,1052.0,5908.0,444.0,0.0,0.0,226.0,5161.0,147.0,0.0,3270.0,5293.0
2021-02-06 05:30:00+00:00,1058.0,5918.0,486.0,0.0,0.0,226.0,5152.0,152.0,0.0,3420.0,5196.0
2021-02-06 06:00:00+00:00,1059.0,6909.0,542.0,0.0,0.0,233.0,5157.0,162.0,0.0,3401.0,5202.0
2021-02-06 06:30:00+00:00,1061.0,7671.0,632.0,0.0,0.0,240.0,5157.0,150.0,0.0,3408.0,5157.0
2021-02-06 07:00:00+00:00,1059.0,8144.0,686.0,0.0,0.0,261.0,5149.0,272.0,0.0,3667.0,5203.0
2021-02-06 07:30:00+00:00,1059.0,8837.0,682.0,0.0,0.0,261.0,5148.0,280.0,8.0,3705.0,5192.0
2021-02-06 08:00:00+00:00,1060.0,9277.0,683.0,0.0,0.0,262.0,5153.0,280.0,153.0,70.0,1791.0
2021-02-06 08:30:00+00:00,1059.0,10625.0,680.0,0.0,0.0,253.0,5158.0,280.0,432.0,3721.0,5206.0
2021-02-06 09:00:00+00:00,1040.0,12178.0,683.0,0.0,31.0,250.0,5156.0,157.0,860.0,3436.0,5382.0
2021-02-06 09:30:00+00:00,1045.0,12536.0,679.0,0.0,0.0,251.0,5160.0,310.0,1160.0,3631.0,5394.0
2021-02-06 10:00:00+00:00,1056.0,12600.0,684.0,0.0,349.0,261.0,5160.0,330.0,1430.0,3745.0,5593.0
2021-02-06 10:30:00+00:00,1056.0,12754.0,685.0,0.0,0.0,258.0,5153.0,395.0,1800.0,3740.0,5586.0
2021-02-06 11:00:00+00:00,1058.0,12436.0,686.0,0.0,78.0,253.0,5155.0,416.0,2150.0,3620.0,5689.0
2021-02-06 11:30:00+00:00,1059.0,12286.0,687.0,0.0,374.0,240.0,5149.0,343.0,2390.0,3741.0,5675.0
2021-02-06 12:00:00+00:00,1049.0,11771.0,684.0,0.0,898.0,239.0,5153.0,294.0,2510.0,4222.0,5759.0
2021-02-06 12:30:00+00:00,1044.0,12624.0,684.0,0.0,332.0,253.0,5155.0,269.0,2420.0,4263.0,5695.0
2021-02-06 13:00:00+00:00,1052.0,12396.0,685.0,0.0,0.0,237.0,5151.0,220.0,2180.0,4544.0,5745.0
2021-02-06 13:30:00+00:00,1056.0,11956.0,685.0,0.0,89.0,238.0,5153.0,169.0,1840.0,4670.0,5723.0
2021-02-06 14:00:00+00:00,1053.0,11863.0,684.0,0.0,0.0,203.0,5150.0,159.0,1500.0,4835.0,5838.0
2021-02-06 14:30:00+00:00,1051.0,11264.0,689.0,0.0,0.0,204.0,5159.0,165.0,1150.0,5082.0,5770.0
2021-02-06 15:00:00+00:00,1065.0,11097.0,685.0,0.0,386.0,218.0,5145.0,156.0,861.0,5353.0,5841.0
2021-02-06 15:30:00+00:00,1071.0,11574.0,685.0,0.0,0.0,212.0,5153.0,155.0,534.0,5548.0,5835.0
2021-02-06 16:00:00+00:00,1079.0,12387.0,686.0,0.0,0.0,334.0,5148.0,158.0,240.0,5711.0,5834.0
2021-02-06 16:30:00+00:00,1088.0,13390.0,683.0,0.0,0.0,335.0,5153.0,167.0,53.0,5745.0,5974.0
2021-02-06 17:00:00+00:00,1110.0,13905.0,680.0,0.0,686.0,344.0,5152.0,330.0,1.0,5778.0,6076.0
2021-02-06 17:30:00+00:00,1110.0,14704.0,684.0,0.0,1333.0,346.0,5151.0,437.0,2.0,5831.0,6212.0
2021-02-06 18:00:00+00:00,1116.0,14704.0,681.0,0.0,1130.0,346.0,5158.0,433.0,0.0,5991.0,6326.0
2021-02-06 18:30:00+00:00,1115.0,14401.0,691.0,0.0,824.0,346.0,5156.0,358.0,0.0,6000.0,6238.0
2021-02-06 19:00:00+00:00,1120.0,14028.0,685.0,0.0,43.0,326.0,5155.0,155.0,0.0,6135.0,6433.0
2021-02-06 19:30:00+00:00,1120.0,12604.0,683.0,0.0,0.0,310.0,5158.0,152.0,0.0,6302.0,6509.0
2021-02-06 20:00:00+00:00,1118.0,10991.0,598.0,0.0,0.0,231.0,5153.0,155.0,0.0,6347.0,6706.0
2021-02-06 20:30:00+00:00,1118.0,9760.0,536.0,0.0,267.0,214.0,5150.0,154.0,0.0,6263.0,6627.0
2021-02-06 21:00:00+00:00,1120.0,8934.0,585.0,0.0,169.0,205.0,5149.0,156.0,1.0,6180.0,6656.0
2021-02-06 21:30:00+00:00,1118.0,7870.0,611.0,0.0,0.0,203.0,5148.0,153.0,0.0,6278.0,6465.0
2021-02-06 22:00:00+00:00,1114.0,7003.0,542.0,0.0,0.0,152.0,5154.0,151.0,0.0,6287.0,6371.0
2021-02-06 22:30:00+00:00,1120.0,5533.0,543.0,0.0,0.0,163.0,5153.0,150.0,0.0,6339.0,6410.0
2021-02-06 23:00:00+00:00,1107.0,5155.0,644.0,0.0,59.0,164.0,5148.0,166.0,0.0,6382.0,6411.0
2021-02-06 23:30:00+00:00,1103.0,4685.0,720.0,0.0,0.0,163.0,5152.0,149.0,0.0,6365.0,6348.0
2021-02-07 00:00:00+00:00,1106.0,4172.0,717.0,0.0,0.0,163.0,5150.0,151.0,0.0,6214.0,6343.0
2021-02-07 00:30:00+00:00,1099.0,4338.0,721.0,0.0,0.0,163.0,5148.0,157.0,0.0,218.0,2686.0
2021-02-07 01:00:00+00:00,1084.0,4965.0,717.0,0.0,0.0,162.0,5142.0,150.0,1.0,6196.0,6416.0
2021-02-07 01:30:00+00:00,1090.0,4408.0,710.0,0.0,0.0,162.0,5138.0,152.0,1.0,6316.0,6293.0
2021-02-07 02:00:00+00:00,1088.0,3873.0,719.0,0.0,0.0,162.0,5147.0,150.0,2.0,6313.0,6293.0
2021-02-07 02:30:00+00:00,1086.0,3544.0,657.0,0.0,0.0,162.0,5160.0,149.0,2.0,219.0,2713.0
2021-02-07 03:00:00+00:00,995.0,3596.0,721.0,0.0,0.0,162.0,5160.0,178.0,0.0,6334.0,6422.0
2021-02-07 03:30:00+00:00,994.0,3449.0,713.0,0.0,0.0,162.0,5161.0,150.0,0.0,6348.0,6389.0
2021-02-07 04:00:00+00:00,1079.0,3205.0,682.0,0.0,0.0,162.0,5160.0,170.0,2.0,216.0,2677.0
2021-02-07 04:30:00+00:00,1163.0,3172.0,576.0,0.0,0.0,162.0,5159.0,157.0,0.0,6376.0,6251.0
2021-02-07 05:00:00+00:00,1175.0,3285.0,655.0,0.0,0.0,178.0,5163.0,150.0,0.0,6444.0,6273.0
2021-02-07 05:30:00+00:00,1231.0,3275.0,684.0,0.0,0.0,178.0,5163.0,151.0,0.0,6430.0,6293.0
2021-02-07 06:00:00+00:00,1331.0,3327.0,684.0,0.0,0.0,182.0,5155.0,153.0,0.0,6414.0,6263.0
2021-02-07 06:30:00+00:00,1527.0,3568.0,541.0,0.0,0.0,194.0,5157.0,150.0,0.0,6419.0,6242.0
2021-02-07 07:00:00+00:00,1510.0,3657.0,683.0,0.0,0.0,212.0,5157.0,163.0,0.0,6428.0,6174.0
2021-02-07 07:30:00+00:00,1420.0,4079.0,413.0,0.0,0.0,213.0,5153.0,168.0,1.0,6399.0,6223.0
2021-02-07 08:00:00+00:00,1422.0,4203.0,414.0,0.0,0.0,213.0,5156.0,151.0,37.0,215.0,2712.0
2021-02-07 08:30:00+00:00,1433.0,4861.0,411.0,0.0,0.0,213.0,5156.0,150.0,180.0,6290.0,6176.0
2021-02-07 09:00:00+00:00,1479.0,5846.0,413.0,0.0,0.0,219.0,5157.0,152.0,382.0,6305.0,6350.0
2021-02-07 09:30:00+00:00,1696.0,6685.0,352.0,0.0,9.0,220.0,5153.0,166.0,612.0,221.0,2783.0
2021-02-07 10:00:00+00:00,1746.0,8169.0,314.0,0.0,0.0,252.0,5157.0,154.0,866.0,6241.0,6426.0
2021-02-07 10:30:00+00:00,1746.0,8605.0,312.0,0.0,0.0,266.0,5151.0,252.0,1210.0,6287.0,6493.0
2021-02-07 11:00:00+00:00,1753.0,8852.0,313.0,0.0,0.0,274.0,5148.0,270.0,1560.0,6297.0,6848.0
2021-02-07 11:30:00+00:00,1747.0,9668.0,315.0,0.0,0.0,247.0,5151.0,220.0,1660.0,6273.0,6850.0
2021-02-07 12:00:00+00:00,1748.0,10399.0,315.0,0.0,0.0,224.0,5143.0,165.0,1640.0,6386.0,6838.0
2021-02-07 12:30:00+00:00,1643.0,10983.0,314.0,0.0,229.0,238.0,5147.0,258.0,1730.0,6294.0,6881.0
2021-02-07 13:00:00+00:00,1589.0,11163.0,316.0,0.0,0.0,263.0,5146.0,322.0,1540.0,6387.0,6978.0
2021-02-07 13:30:00+00:00,1692.0,10930.0,317.0,0.0,267.0,261.0,5145.0,286.0,1300.0,6335.0,6875.0
2021-02-07 14:00:00+00:00,1681.0,11096.0,318.0,0.0,0.0,254.0,5145.0,196.0,1100.0,6317.0,6712.0
2021-02-07 14:30:00+00:00,1562.0,11335.0,317.0,0.0,0.0,253.0,5140.0,157.0,809.0,6420.0,6669.0
2021-02-07 15:00:00+00:00,1546.0,11661.0,317.0,0.0,277.0,277.0,5146.0,155.0,540.0,6408.0,6450.0
2021-02-07 15:30:00+00:00,1661.0,12241.0,419.0,0.0,0.0,277.0,5145.0,159.0,330.0,6386.0,6511.0
2021-02-07 16:00:00+00:00,1591.0,13511.0,416.0,0.0,494.0,357.0,5145.0,154.0,131.0,6391.0,6080.0
2021-02-07 16:30:00+00:00,1668.0,14261.0,411.0,0.0,514.0,359.0,5152.0,193.0,25.0,6392.0,6092.0
2021-02-07 17:00:00+00:00,1742.0,14859.0,414.0,0.0,750.0,362.0,5146.0,387.0,0.0,6368.0,5915.0
2021-02-07 17:30:00+00:00,1752.0,15934.0,318.0,0.0,1046.0,365.0,5149.0,524.0,0.0,6358.0,5963.0
2021-02-07 18:00:00+00:00,1762.0,15562.0,314.0,0.0,1048.0,351.0,5152.0,415.0,0.0,6397.0,5932.0
2021-02-07 18:30:00+00:00,1763.0,15094.0,315.0,0.0,977.0,350.0,5151.0,220.0,0.0,6379.0,5961.0
2021-02-07 19:00:00+00:00,1744.0,14644.0,315.0,0.0,599.0,287.0,5150.0,153.0,0.0,6371.0,5874.0
2021-02-07 19:30:00+00:00,1707.0,12908.0,313.0,0.0,223.0,274.0,5151.0,153.0,0.0,6386.0,5963.0
2021-02-07 20:00:00+00:00,1719.0,11882.0,312.0,0.0,0.0,218.0,5148.0,151.0,0.0,6383.0,6173.0
2021-02-07 20:30:00+00:00,1755.0,10316.0,377.0,0.0,184.0,211.0,5149.0,148.0,0.0,6381.0,6225.0
2021-02-07 21:00:00+00:00,1790.0,9174.0,415.0,0.0,275.0,185.0,5145.0,155.0,0.0,218.0,2717.0
2021-02-07 21:30:00+00:00,1754.0,7387.0,411.0,0.0,150.0,166.0,5153.0,148.0,0.0,6313.0,6054.0
2021-02-07 22:00:00+00:00,1616.0,6563.0,413.0,0.0,149.0,134.0,5144.0,155.0,0.0,6214.0,5904.0
2021-02-07 22:30:00+00:00,1403.0,5688.0,415.0,0.0,0.0,111.0,5149.0,161.0,0.0,6243.0,5880.0
2021-02-07 23:00:00+00:00,1472.0,4759.0,414.0,0.0,0.0,110.0,5146.0,146.0,0.0,6271.0,5901.0
2021-02-07 23:30:00+00:00,1489.0,3855.0,414.0,0.0,0.0,110.0,5146.0,146.0,0.0,6299.0,5792.0
2021-02-08 00:00:00+00:00,1409.0,3863.0,392.0,0.0,87.0,110.0,5146.0,148.0,0.0,6004.0,5428.0
2021-02-08 00:30:00+00:00,1678.0,3882.0,401.0,0.0,52.0,109.0,5147.0,150.0,1.0,6212.0,5417.0
2021-02-08 01:00:00+00:00,1835.0,3520.0,411.0,0.0,297.0,170.0,5145.0,290.0,2.0,6179.0,5386.0
2021-02-08 01:30:00+00:00,1774.0,3226.0,406.0,0.0,415.0,170.0,5144.0,350.0,1.0,6142.0,5193.0
2021-02-08 02:00:00+00:00,1751.0,3208.0,411.0,0.0,297.0,268.0,5146.0,335.0,0.0,6183.0,5202.0
2021-02-08 02:30:00+00:00,1739.0,3490.0,415.0,0.0,356.0,269.0,5149.0,334.0,2.0,5935.0,5145.0
2021-02-08 03:00:00+00:00,1768.0,3692.0,409.0,0.0,238.0,269.0,5144.0,370.0,2.0,6042.0,5059.0
2021-02-08 03:30:00+00:00,1801.0,4068.0,416.0,0.0,0.0,248.0,5155.0,337.0,0.0,6016.0,4945.0
2021-02-08 04:00:00+00:00,1820.0,4097.0,393.0,0.0,0.0,171.0,5148.0,314.0,2.0,205.0,2378.0
2021-02-08 04:30:00+00:00,1861.0,4007.0,315.0,0.0,0.0,109.0,5148.0,164.0,0.0,5964.0,4810.0
2021-02-08 05:00:00+00:00,1692.0,4172.0,276.0,0.0,0.0,109.0,5152.0,151.0,0.0,6084.0,4811.0
2021-02-08 05:30:00+00:00,1844.0,4923.0,274.0,0.0,0.0,121.0,5148.0,164.0,1.0,6176.0,4610.0
2021-02-08 06:00:00+00:00,1943.0,6026.0,294.0,0.0,0.0,126.0,5154.0,177.0,0.0,6186.0,4833.0
2021-02-08 06:30:00+00:00,2068.0,8029.0,413.0,0.0,0.0,142.0,5151.0,147.0,1.0,6015.0,4812.0
2021-02-08 07:00:00+00:00,2411.0,11242.0,415.0,0.0,109.0,159.0,5149.0,155.0,0.0,6269.0,4823.0
2021-02-08 07:30:00+00:00,2336.0,14693.0,413.0,0.0,0.0,162.0,5154.0,153.0,6.0,5995.0,4666.0
2021-02-08 08:00:00+00:00,2427.0,15839.0,415.0,0.0,0.0,194.0,5152.0,167.0,130.0,208.0,2361.0
2021-02-08 08:30:00+00:00,2523.0,17102.0,415.0,0.0,300.0,224.0,5144.0,179.0,414.0,6100.0,4754.0
2021-02-08 09:00:00+00:00,,,,,,,,,778.0,6183.0,5089.0
2021-02-08 09:30:00+00:00,2511.0,17682.0,414.0,0.0,150.0,263.0,5141.0,160.0,1160.0,6214.0,5108.0
2021-02-08 10:00:00+00:00,2517.0,18317.0,415.0,0.0,0.0,257.0,5145.0,155.0,1560.0,216.0,2598.0
2021-02-08 10:30:00+00:00,2511.0,18305.0,417.0,0.0,0.0,235.0,5135.0,152.0,1940.0,6053.0,5485.0
2021-02-08 11:00:00+00:00,2494.0,18041.0,413.0,0.0,0.0,231.0,5147.0,151.0,2250.0,6292.0,5559.0
2021-02-08 11:30:00+00:00,2497.0,17721.0,410.0,0.0,0.0,222.0,5140.0,151.0,2270.0,213.0,2798.0
2021-02-08 12:00:00+00:00,2504.0,17629.0,414.0,0.0,60.0,221.0,5142.0,150.0,2250.0,6262.0,5976.0
2021-02-08 12:30:00+00:00,2503.0,17713.0,413.0,0.0,0.0,218.0,5137.0,155.0,2200.0,6322.0,5988.0
2021-02-08 13:00:00+00:00,2503.0,17939.0,414.0,0.0,352.0,198.0,5156.0,189.0,1970.0,6357.0,6053.0
2021-02-08 13:30:00+00:00,2499.0,18081.0,392.0,0.0,0.0,203.0,5144.0,245.0,2000.0,6366.0,6067.0
2021-02-08 14:00:00+00:00,2501.0,18109.0,396.0,0.0,123.0,203.0,5141.0,257.0,1690.0,6230.0,5896.0
2021-02-08 14:30:00+00:00,2502.0,18239.0,449.0,0.0,27.0,226.0,5111.0,225.0,1460.0,6171.0,6066.0
2021-02-08 15:00:00+00:00,2501.0,18485.0,587.0,0.0,0.0,226.0,5078.0,237.0,965.0,6325.0,5861.0
2021-02-08 15:30:00+00:00,2464.0,18463.0,823.0,0.0,382.0,226.0,5082.0,338.0,600.0,6175.0,5658.0
2021-02-08 16:00:00+00:00,2502.0,18975.0,1115.0,0.0,0.0,315.0,5079.0,431.0,275.0,6322.0,5169.0
2021-02-08 16:30:00+00:00,2507.0,18826.0,1312.0,0.0,437.0,320.0,5086.0,467.0,53.0,6259.0,5087.0
2021-02-08 17:00:00+00:00,2504.0,18271.0,1401.0,0.0,1205.0,417.0,5128.0,504.0,1.0,6181.0,4844.0
2021-02-08 17:30:00+00:00,2505.0,19654.0,1412.0,0.0,1259.0,423.0,5144.0,532.0,1.0,6012.0,4784.0
2021-02-08 18:00:00+00:00,2507.0,19835.0,1411.0,0.0,1674.0,389.0,5147.0,475.0,0.0,5996.0,4576.0
2021-02-08 18:30:00+00:00,2505.0,19722.0,1413.0,0.0,1010.0,388.0,5152.0,420.0,1.0,5942.0,4438.0
2021-02-08 19:00:00+00:00,2499.0,19671.0,1330.0,0.0,439.0,390.0,5147.0,336.0,0.0,5924.0,4214.0
2021-02-08 19:30:00+00:00,2498.0,19242.0,1411.0,0.0,108.0,381.0,5149.0,209.0,1.0,5767.0,4388.0
2021-02-08 20:00:00+00:00,2501.0,18498.0,879.0,0.0,203.0,235.0,5142.0,152.0,0.0,5730.0,4285.0
2021-02-08 20:30:00+00:00,2499.0,16636.0,866.0,0.0,0.0,195.0,5152.0,154.0,0.0,202.0,2094.0
2021-02-08 21:00:00+00:00,2500.0,15370.0,642.0,0.0,200.0,133.0,5147.0,171.0,0.0,5652.0,4133.0
2021-02-08 21:30:00+00:00,2489.0,14031.0,412.0,0.0,159.0,112.0,5159.0,151.0,0.0,5612.0,3992.0
2021-02-08 22:00:00+00:00,2476.0,13242.0,413.0,0.0,99.0,80.0,5149.0,151.0,0.0,5572.0,3907.0
2021-02-08 22:30:00+00:00,2492.0,11658.0,415.0,0.0,70.0,76.0,5147.0,170.0,0.0,5449.0,4022.0
2021-02-08 23:00:00+00:00,2248.0,9737.0,415.0,0.0,27.0,77.0,5142.0,150.0,0.0,5363.0,3779.0
2021-02-08 23:30:00+00:00,2244.0,8330.0,416.0,0.0,0.0,77.0,5148.0,157.0,0.0,5175.0,3650.0
2021-02-09 00:00:00+00:00,2245.0,8265.0,415.0,0.0,0.0,77.0,5145.0,149.0,0.0,5193.0,3363.0
2021-02-09 00:30:00+00:00,2256.0,8691.0,410.0,0.0,0.0,77.0,5147.0,196.0,0.0,5289.0,3151.0
2021-02-09 01:00:00+00:00,2255.0,8971.0,414.0,0.0,0.0,78.0,5145.0,168.0,1.0,5053.0,3147.0
2021-02-09 01:30:00+00:00,2252.0,8717.0,408.0,0.0,0.0,78.0,5147.0,152.0,2.0,5025.0,3118.0
2021-02-09 02:00:00+00:00,2255.0,8597.0,414.0,0.0,0.0,78.0,5149.0,149.0,0.0,5030.0,3055.0
2021-02-09 02:30:00+00:00,2257.0,8720.0,414.0,0.0,0.0,78.0,5138.0,151.0,1.0,4995.0,3083.0
2021-02-09 03:00:00+00:00,2258.0,8807.0,416.0,0.0,0.0,78.0,5141.0,149.0,2.0,4876.0,2926.0
2021-02-09 03:30:00+00:00,2410.0,8749.0,415.0,0.0,0.0,78.0,5148.0,148.0,0.0,4865.0,2819.0
2021-02-09 04:00:00+00:00,2466.0,9026.0,416.0,0.0,0.0,78.0,5147.0,148.0,2.0,4805.0,2743.0
2021-02-09 04:30:00+00:00,2435.0,8730.0,416.0,0.0,0.0,78.0,5150.0,148.0,0.0,4812.0,2727.0
2021-02-09 05:00:00+00:00,2485.0,9172.0,447.0,0.0,0.0,78.0,5146.0,159.0,0.0,4595.0,2680.0
2021-02-09 05:30:00+00:00,2484.0,9533.0,507.0,0.0,0.0,94.0,5142.0,151.0,0.0,4643.0,2798.0
2021-02-09 06:00:00+00:00,2454.0,10682.0,550.0,0.0,47.0,109.0,5150.0,171.0,0.0,4649.0,2772.0
2021-02-09 06:30:00+00:00,2375.0,12873.0,854.0,0.0,182.0,111.0,5153.0,149.0,0.0,4670.0,2762.0
2021-02-09 07:00:00+00:00,2308.0,16793.0,1143.0,0.0,110.0,136.0,5146.0,153.0,0.0,4741.0,2871.0
2021-02-09 07:30:00+00:00,2472.0,18923.0,1352.0,0.0,268.0,136.0,5146.0,153.0,12.0,4588.0,2797.0
2021-02-09 08:00:00+00:00,2486.0,19009.0,1664.0,0.0,300.0,159.0,5143.0,154.0,177.0,4649.0,2801.0
2021-02-09 08:30:00+00:00,2509.0,20130.0,1842.0,0.0,299.0,158.0,5140.0,156.0,506.0,4787.0,2858.0
2021-02-09 09:00:00+00:00,2506.0,20096.0,2066.0,0.0,67.0,195.0,5143.0,157.0,938.0,4745.0,3029.0
2021-02-09 09:30:00+00:00,2505.0,19964.0,2220.0,0.0,0.0,196.0,5146.0,158.0,1400.0,4869.0,3032.0
2021-02-09 10:00:00+00:00,2315.0,19671.0,2291.0,0.0,0.0,211.0,5144.0,155.0,1760.0,4927.0,3184.0
2021-02-09 10:30:00+00:00,2432.0,19483.0,2274.0,0.0,91.0,208.0,5139.0,154.0,2080.0,4859.0,3208.0
2021-02-09 11:00:00+00:00,2500.0,20118.0,2303.0,0.0,150.0,176.0,5143.0,157.0,2270.0,4779.0,3364.0
2021-02-09 11:30:00+00:00,2502.0,20349.0,2302.0,0.0,0.0,177.0,5140.0,167.0,2110.0,186.0,1914.0
2021-02-09 12:00:00+00:00,2502.0,20607.0,2308.0,0.0,533.0,178.0,5144.0,368.0,2100.0,4306.0,3396.0
2021-02-09 12:30:00+00:00,2501.0,20697.0,2307.0,0.0,542.0,180.0,5144.0,461.0,1880.0,4451.0,3388.0
2021-02-09 13:00:00+00:00,2472.0,20883.0,2310.0,0.0,876.0,153.0,5140.0,460.0,1880.0,4214.0,3320.0
2021-02-09 13:30:00+00:00,2494.0,21340.0,2305.0,0.0,395.0,161.0,5145.0,498.0,1820.0,4295.0,3310.0
2021-02-09 14:00:00+00:00,2349.0,20857.0,2286.0,0.0,681.0,162.0,5144.0,342.0,1850.0,4457.0,3436.0
2021-02-09 14:30:00+00:00,2121.0,20937.0,2207.0,0.0,483.0,166.0,5148.0,328.0,1640.0,4632.0,3353.0
2021-02-09 15:00:00+00:00,2083.0,21483.0,2055.0,0.0,217.0,187.0,5137.0,379.0,1320.0,4564.0,3376.0
2021-02-09 15:30:00+00:00,1970.0,21562.0,2033.0,0.0,317.0,193.0,5149.0,406.0,809.0,4974.0,3297.0
2021-02-09 16:00:00+00:00,2155.0,21702.0,2015.0,0.0,208.0,292.0,5141.0,437.0,411.0,5046.0,3016.0
2021-02-09 16:30:00+00:00,2079.0,21637.0,2076.0,0.0,444.0,312.0,5143.0,468.0,83.0,5086.0,3160.0
2021-02-09 17:00:00+00:00,1985.0,21159.0,2008.0,0.0,768.0,335.0,5152.0,478.0,1.0,5532.0,3102.0
2021-02-09 17:30:00+00:00,1989.0,21549.0,1864.0,0.0,1441.0,340.0,5145.0,525.0,3.0,5595.0,3030.0
2021-02-09 18:00:00+00:00,2158.0,21695.0,1873.0,0.0,1264.0,339.0,5145.0,548.0,4.0,5668.0,3061.0
2021-02-09 18:30:00+00:00,2124.0,21482.0,1931.0,0.0,1168.0,315.0,5148.0,441.0,3.0,5556.0,3145.0
2021-02-09 19:00:00+00:00,2267.0,21539.0,1947.0,0.0,902.0,356.0,5144.0,368.0,0.0,5576.0,3094.0
2021-02-09 19:30:00+00:00,2482.0,20849.0,2202.0,0.0,30.0,358.0,5142.0,224.0,0.0,5725.0,3126.0
2021-02-09 20:00:00+00:00,2487.0,19537.0,2212.0,0.0,0.0,131.0,5146.0,154.0,1.0,5569.0,3192.0
2021-02-09 20:30:00+00:00,2493.0,18045.0,2210.0,0.0,173.0,124.0,5143.0,163.0,2.0,5516.0,3064.0
2021-02-09 21:00:00+00:00,2490.0,16634.0,2188.0,0.0,0.0,102.0,5144.0,173.0,2.0,5574.0,2971.0
2021-02-09 21:30:00+00:00,2490.0,15203.0,1668.0,0.0,0.0,95.0,5162.0,167.0,0.0,5892.0,2942.0
2021-02-09 22:00:00+00:00,2490.0,12977.0,1687.0,0.0,203.0,83.0,5147.0,191.0,0.0,5654.0,2958.0
2021-02-09 22:30:00+00:00,2490.0,11603.0,1672.0,0.0,0.0,79.0,5147.0,149.0,0.0,5760.0,2913.0
2021-02-09 23:00:00+00:00,2435.0,9637.0,1468.0,0.0,131.0,97.0,5140.0,170.0,0.0,5733.0,2859.0
2021-02-09 23:30:00+00:00,2382.0,8359.0,1485.0,0.0,0.0,97.0,5137.0,175.0,0.0,5610.0,2844.0
2021-02-10 00:00:00+00:00,2434.0,8831.0,1432.0,0.0,0.0,97.0,5147.0,177.0,0.0,5679.0,2709.0
2021-02-10 00:30:00+00:00,2448.0,9288.0,1447.0,0.0,0.0,97.0,5141.0,182.0,2.0,5475.0,2581.0
2021-02-10 01:00:00+00:00,2445.0,9645.0,1416.0,0.0,0.0,97.0,5136.0,204.0,1.0,5251.0,2626.0
2021-02-10 01:30:00+00:00,2438.0,9691.0,1477.0,0.0,0.0,96.0,5141.0,149.0,0.0,5353.0,2547.0
2021-02-10 02:00:00+00:00,2432.0,9184.0,1469.0,0.0,0.0,96.0,5140.0,149.0,2.0,168.0,1399.0
2021-02-10 02:30:00+00:00,2455.0,8762.0,1486.0,0.0,0.0,96.0,5138.0,174.0,0.0,3556.0,2093.0
2021-02-10 03:00:00+00:00,2409.0,9220.0,1480.0,0.0,0.0,96.0,5140.0,154.0,0.0,5207.0,2495.0
2021-02-10 03:30:00+00:00,2423.0,9329.0,1471.0,0.0,0.0,96.0,5140.0,152.0,0.0,5096.0,2496.0
2021-02-10 04:00:00+00:00,2436.0,9383.0,1480.0,0.0,0.0,96.0,5142.0,158.0,0.0,5312.0,2472.0
2021-02-10 04:30:00+00:00,2403.0,9539.0,1471.0,0.0,0.0,96.0,5138.0,148.0,0.0,5446.0,2521.0
2021-02-10 05:00:00+00:00,2407.0,9968.0,1494.0,0.0,0.0,119.0,5139.0,155.0,0.0,5581.0,2461.0
2021-02-10 05:30:00+00:00,2498.0,11188.0,1540.0,0.0,0.0,136.0,5142.0,150.0,0.0,5458.0,2542.0
2021-02-10 06:00:00+00:00,2460.0,13559.0,2029.0,0.0,0.0,150.0,5141.0,124.0,0.0,5384.0,2518.0
2021-02-10 06:30:00+00:00,2692.0,16029.0,2575.0,0.0,0.0,152.0,5142.0,124.0,0.0,5097.0,2418.0
2021-02-10 07:00:00+00:00,2839.0,18032.0,2669.0,0.0,299.0,188.0,5138.0,135.0,0.0,4978.0,2396.0
2021-02-10 07:30:00+00:00,2835.0,19762.0,2592.0,0.0,449.0,168.0,5142.0,242.0,45.0,5153.0,2303.0
2021-02-10 08:00:00+00:00,2857.0,20065.0,2988.0,0.0,450.0,154.0,5140.0,306.0,384.0,4976.0,2231.0
2021-02-10 08:30:00+00:00,2872.0,21199.0,2932.0,0.0,742.0,137.0,5144.0,324.0,962.0,4742.0,2177.0
2021-02-10 09:00:00+00:00,2899.0,21184.0,3148.0,0.0,315.0,196.0,5142.0,378.0,1630.0,4605.0,2224.0
2021-02-10 09:30:00+00:00,2894.0,21556.0,3249.0,0.0,301.0,289.0,5138.0,438.0,2290.0,3961.0,2143.0
2021-02-10 10:00:00+00:00,2912.0,21567.0,3284.0,0.0,301.0,309.0,5143.0,326.0,2730.0,3704.0,2146.0
2021-02-10 10:30:00+00:00,2917.0,21687.0,3205.0,0.0,301.0,298.0,5133.0,397.0,3440.0,3529.0,2195.0
2021-02-10 11:00:00+00:00,2912.0,21701.0,3248.0,0.0,151.0,274.0,5126.0,376.0,3740.0,3102.0,2293.0
2021-02-10 11:30:00+00:00,2901.0,21448.0,3216.0,0.0,299.0,264.0,5143.0,199.0,3840.0,2983.0,2270.0
2021-02-10 12:00:00+00:00,2928.0,21501.0,3260.0,0.0,610.0,270.0,5130.0,324.0,3540.0,2557.0,2270.0
2021-02-10 12:30:00+00:00,2944.0,21607.0,3360.0,0.0,472.0,267.0,5135.0,482.0,3500.0,2537.0,2198.0
2021-02-10 13:00:00+00:00,2955.0,21665.0,3356.0,0.0,703.0,188.0,5130.0,407.0,3390.0,2393.0,2131.0
2021-02-10 13:30:00+00:00,2957.0,21346.0,3290.0,0.0,627.0,143.0,5130.0,391.0,3220.0,2299.0,2112.0
2021-02-10 14:00:00+00:00,2960.0,20909.0,3356.0,0.0,217.0,156.0,5136.0,315.0,2830.0,2525.0,2103.0
2021-02-10 14:30:00+00:00,2737.0,20823.0,3116.0,0.0,719.0,142.0,5131.0,311.0,2400.0,2392.0,2023.0
2021-02-10 15:00:00+00:00,2921.0,20676.0,3336.0,0.0,519.0,240.0,5138.0,216.0,1910.0,2354.0,1919.0
2021-02-10 15:30:00+00:00,2811.0,20714.0,3350.0,0.0,692.0,288.0,5140.0,233.0,1400.0,2743.0,1887.0
2021-02-10 16:00:00+00:00,2910.0,20750.0,3258.0,0.0,1039.0,398.0,5129.0,480.0,741.0,2495.0,1707.0
2021-02-10 16:30:00+00:00,2967.0,20931.0,2986.0,0.0,1522.0,556.0,5143.0,532.0,161.0,2842.0,1615.0
2021-02-10 17:00:00+00:00,2992.0,21668.0,2948.0,0.0,1929.0,779.0,5135.0,568.0,6.0,2557.0,1478.0
2021-02-10 17:30:00+00:00,2999.0,21727.0,3325.0,0.0,2104.0,840.0,5136.0,619.0,1.0,2824.0,1467.0
2021-02-10 18:00:00+00:00,2975.0,21725.0,3357.0,0.0,2111.0,756.0,5141.0,602.0,2.0,2730.0,1466.0
2021-02-10 18:30:00+00:00,2965.0,21937.0,3028.0,0.0,2111.0,742.0,5141.0,573.0,0.0,2532.0,1462.0
2021-02-10 19:00:00+00:00,2955.0,22081.0,3001.0,0.0,1467.0,422.0,5144.0,440.0,0.0,2777.0,1525.0
2021-02-10 19:30:00+00:00,2965.0,22224.0,2857.0,0.0,828.0,333.0,5144.0,360.0,0.0,2846.0,1509.0
2021-02-10 20:00:00+00:00,2968.0,21714.0,2920.0,0.0,403.0,230.0,5144.0,291.0,1.0,3064.0,1558.0
2021-02-10 20:30:00+00:00,2973.0,20833.0,3131.0,0.0,0.0,164.0,5147.0,196.0,1.0,3295.0,1555.0
2021-02-10 21:00:00+00:00,2440.0,19461.0,2675.0,0.0,558.0,252.0,5144.0,178.0,1.0,2785.0,1734.0
2021-02-10 21:30:00+00:00,2226.0,18226.0,2321.0,0.0,0.0,493.0,5140.0,141.0,0.0,2840.0,1797.0
2021-02-10 22:00:00+00:00,2223.0,17510.0,1872.0,0.0,0.0,140.0,5139.0,157.0,0.0,2721.0,1841.0
2021-02-10 22:30:00+00:00,2157.0,15933.0,1508.0,0.0,190.0,217.0,5146.0,152.0,0.0,2986.0,1954.0
2021-02-10 23:00:00+00:00,2189.0,15083.0,1275.0,0.0,335.0,107.0,5142.0,127.0,0.0,2820.0,1881.0
2021-02-10 23:30:00+00:00,2143.0,14576.0,1046.0,0.0,35.0,103.0,5145.0,129.0,0.0,3301.0,1890.0
2021-02-11 00:00:00+00:00,2134.0,13923.0,1047.0,0.0,0.0,103.0,5135.0,120.0,0.0,2952.0,1862.0
2021-02-11 00:30:00+00:00,2231.0,14196.0,1046.0,0.0,0.0,103.0,5138.0,174.0,0.0,2856.0,1869.0
2021-02-11 01:00:00+00:00,2166.0,14201.0,1044.0,0.0,0.0,89.0,5140.0,137.0,2.0,2760.0,1898.0
2021-02-11 01:30:00+00:00,2302.0,13395.0,1036.0,0.0,0.0,84.0,5135.0,127.0,2.0,2729.0,1884.0
2021-02-11 02:00:00+00:00,2541.0,13133.0,1041.0,0.0,0.0,85.0,5135.0,132.0,0.0,2629.0,1912.0
2021-02-11 02:30:00+00:00,2486.0,13022.0,1047.0,0.0,0.0,85.0,5134.0,140.0,2.0,2580.0,1946.0
2021-02-11 03:00:00+00:00,2567.0,13368.0,1030.0,0.0,0.0,85.0,5137.0,135.0,1.0,2352.0,1987.0
2021-02-11 03:30:00+00:00,2848.0,13053.0,963.0,0.0,0.0,83.0,5136.0,126.0,0.0,2344.0,2003.0
2021-02-11 04:00:00+00:00,2729.0,13396.0,972.0,0.0,0.0,83.0,5134.0,149.0,2.0,2140.0,2013.0
2021-02-11 04:30:00+00:00,2728.0,13483.0,1074.0,0.0,0.0,83.0,5137.0,140.0,0.0,2020.0,2041.0
2021-02-11 05:00:00+00:00,2729.0,14933.0,1292.0,0.0,0.0,88.0,5143.0,146.0,0.0,1845.0,2143.0
2021-02-11 05:30:00+00:00,2718.0,15874.0,1405.0,0.0,0.0,88.0,5142.0,122.0,0.0,1898.0,2182.0
2021-02-11 06:00:00+00:00,2704.0,17439.0,1803.0,0.0,0.0,95.0,5151.0,155.0,0.0,1881.0,2213.0
2021-02-11 06:30:00+00:00,2702.0,18746.0,2203.0,0.0,0.0,104.0,5140.0,258.0,0.0,1867.0,2293.0
2021-02-11 07:00:00+00:00,2666.0,19644.0,2141.0,0.0,33.0,250.0,5148.0,137.0,0.0,1895.0,2376.0
2021-02-11 07:30:00+00:00,2668.0,20209.0,2191.0,0.0,289.0,388.0,5148.0,178.0,43.0,2002.0,2367.0
2021-02-11 08:00:00+00:00,2666.0,20324.0,2236.0,0.0,685.0,398.0,5141.0,260.0,419.0,2153.0,2475.0
2021-02-11 08:30:00+00:00,2668.0,20737.0,2400.0,0.0,857.0,411.0,5141.0,264.0,1010.0,2193.0,2511.0
2021-02-11 09:00:00+00:00,2670.0,21365.0,2561.0,0.0,625.0,362.0,5146.0,350.0,1740.0,2283.0,2637.0
2021-02-11 09:30:00+00:00,2663.0,21494.0,2734.0,0.0,299.0,336.0,5143.0,346.0,2260.0,2300.0,2630.0
2021-02-11 10:00:00+00:00,2680.0,21298.0,2754.0,0.0,62.0,254.0,5140.0,298.0,2660.0,2329.0,2796.0
2021-02-11 10:30:00+00:00,2718.0,21170.0,2708.0,0.0,63.0,236.0,5140.0,157.0,2810.0,2291.0,2852.0
2021-02-11 11:00:00+00:00,2737.0,21204.0,2730.0,0.0,151.0,211.0,5144.0,131.0,2840.0,2273.0,3078.0
2021-02-11 11:30:00+00:00,2818.0,21323.0,2732.0,0.0,151.0,199.0,5141.0,138.0,3090.0,2189.0,3177.0
2021-02-11 12:00:00+00:00,2743.0,21029.0,2606.0,0.0,80.0,190.0,5134.0,143.0,3310.0,1971.0,3467.0
2021-02-11 12:30:00+00:00,2857.0,20951.0,2533.0,0.0,223.0,195.0,5135.0,132.0,3360.0,1832.0,3588.0
2021-02-11 13:00:00+00:00,2850.0,21611.0,2515.0,0.0,0.0,153.0,5138.0,129.0,3360.0,1784.0,3689.0
2021-02-11 13:30:00+00:00,2850.0,21223.0,2457.0,0.0,0.0,139.0,5142.0,122.0,3120.0,1778.0,3806.0
2021-02-11 14:00:00+00:00,2783.0,21359.0,2671.0,0.0,0.0,138.0,5140.0,125.0,2850.0,1732.0,3879.0
2021-02-11 14:30:00+00:00,2854.0,21131.0,2732.0,0.0,0.0,139.0,5143.0,124.0,2490.0,1751.0,3887.0
2021-02-11 15:00:00+00:00,2833.0,21117.0,2740.0,0.0,0.0,168.0,5135.0,128.0,1900.0,1706.0,3937.0
2021-02-11 15:30:00+00:00,2830.0,21167.0,2670.0,0.0,300.0,192.0,5133.0,131.0,1230.0,1784.0,3994.0
2021-02-11 16:00:00+00:00,2859.0,21344.0,2997.0,0.0,0.0,261.0,5138.0,374.0,587.0,1904.0,4053.0
2021-02-11 16:30:00+00:00,2859.0,21342.0,3009.0,0.0,599.0,347.0,5132.0,475.0,131.0,2032.0,4188.0
2021-02-11 17:00:00+00:00,2869.0,21251.0,2675.0,0.0,922.0,402.0,5136.0,531.0,2.0,2124.0,4182.0
2021-02-11 17:30:00+00:00,2866.0,21800.0,2751.0,0.0,1200.0,707.0,5135.0,584.0,1.0,2223.0,4129.0
2021-02-11 18:00:00+00:00,2889.0,21884.0,2654.0,0.0,1396.0,638.0,5134.0,576.0,1.0,2440.0,4236.0
2021-02-11 18:30:00+00:00,2896.0,21625.0,2619.0,0.0,943.0,421.0,5133.0,480.0,3.0,2607.0,4344.0
2021-02-11 19:00:00+00:00,2844.0,21681.0,2630.0,0.0,654.0,239.0,5133.0,386.0,0.0,2771.0,4396.0
2021-02-11 19:30:00+00:00,2868.0,20951.0,2636.0,0.0,0.0,230.0,5140.0,296.0,0.0,2986.0,4405.0
2021-02-11 20:00:00+00:00,2890.0,19343.0,2174.0,0.0,101.0,154.0,5135.0,129.0,0.0,3188.0,4472.0
2021-02-11 20:30:00+00:00,2902.0,17647.0,1864.0,0.0,118.0,108.0,5133.0,139.0,0.0,3295.0,4456.0
2021-02-11 21:00:00+00:00,2782.0,16288.0,1202.0,0.0,104.0,101.0,5141.0,144.0,0.0,3376.0,4503.0
2021-02-11 21:30:00+00:00,2801.0,14759.0,847.0,0.0,121.0,78.0,5135.0,121.0,0.0,3643.0,4667.0
2021-02-11 22:00:00+00:00,2899.0,12574.0,861.0,0.0,150.0,78.0,5144.0,120.0,0.0,3615.0,4793.0
2021-02-11 22:30:00+00:00,2828.0,10491.0,865.0,0.0,0.0,77.0,5142.0,120.0,0.0,3684.0,4852.0
2021-02-11 23:00:00+00:00,2831.0,8448.0,861.0,0.0,0.0,67.0,5144.0,139.0,1.0,3732.0,4960.0
2021-02-11 23:30:00+00:00,2883.0,6820.0,805.0,0.0,0.0,78.0,5135.0,129.0,0.0,3846.0,4949.0
2021-02-12 00:00:00+00:00,2872.0,6178.0,754.0,0.0,0.0,78.0,5140.0,128.0,0.0,4183.0,5075.0
2021-02-12 00:30:00+00:00,2868.0,6409.0,600.0,0.0,0.0,78.0,5142.0,121.0,1.0,4280.0,5197.0
2021-02-12 01:00:00+00:00,2873.0,6472.0,756.0,0.0,0.0,78.0,5138.0,126.0,0.0,4305.0,5394.0
2021-02-12 01:30:00+00:00,2878.0,6653.0,872.0,0.0,0.0,77.0,5143.0,120.0,2.0,4313.0,5495.0
2021-02-12 02:00:00+00:00,2872.0,6224.0,878.0,0.0,0.0,77.0,5140.0,119.0,2.0,4385.0,5574.0
2021-02-12 02:30:00+00:00,2878.0,5897.0,790.0,0.0,0.0,77.0,5130.0,131.0,0.0,4529.0,5507.0
2021-02-12 03:00:00+00:00,2878.0,5847.0,794.0,0.0,0.0,77.0,5141.0,125.0,1.0,4648.0,5564.0
2021-02-12 03:30:00+00:00,2877.0,5415.0,799.0,0.0,0.0,77.0,5137.0,120.0,2.0,4729.0,5673.0
2021-02-12 04:00:00+00:00,2878.0,5478.0,753.0,0.0,0.0,76.0,5141.0,129.0,0.0,4827.0,5856.0
2021-02-12 04:30:00+00:00,2876.0,5445.0,687.0,0.0,0.0,76.0,5136.0,121.0,0.0,4894.0,5882.0
2021-02-12 05:00:00+00:00,2627.0,6464.0,673.0,0.0,0.0,99.0,5131.0,128.0,0.0,5142.0,5885.0
2021-02-12 05:30:00+00:00,2613.0,6274.0,1019.0,0.0,0.0,99.0,5131.0,112.0,1.0,5442.0,5884.0
2021-02-12 06:00:00+00:00,2631.0,8802.0,1168.0,0.0,0.0,105.0,5122.0,135.0,0.0,5638.0,5982.0
2021-02-12 06:30:00+00:00,2579.0,11349.0,1324.0,0.0,0.0,115.0,5136.0,123.0,0.0,5722.0,6182.0
2021-02-12 07:00:00+00:00,2570.0,13943.0,1588.0,0.0,0.0,173.0,5144.0,133.0,0.0,5882.0,6234.0
2021-02-12 07:30:00+00:00,2563.0,15786.0,1540.0,0.0,141.0,209.0,5142.0,128.0,28.0,5915.0,6203.0
2021-02-12 08:00:00+00:00,2637.0,16714.0,1522.0,0.0,1.0,252.0,5137.0,128.0,270.0,6081.0,6296.0
2021-02-12 08:30:00+00:00,2649.0,17476.0,1733.0,0.0,148.0,272.0,5140.0,127.0,751.0,6110.0,6294.0
2021-02-12 09:00:00+00:00,2650.0,17260.0,1717.0,0.0,141.0,272.0,5133.0,123.0,1400.0,6207.0,6383.0
2021-02-12 09:30:00+00:00,2650.0,17305.0,1419.0,0.0,0.0,273.0,5143.0,124.0,2060.0,6209.0,6327.0
2021-02-12 10:00:00+00:00,2753.0,16767.0,1379.0,0.0,170.0,270.0,5146.0,124.0,2780.0,6228.0,6467.0
2021-02-12 10:30:00+00:00,2787.0,16328.0,1370.0,0.0,148.0,267.0,5137.0,124.0,3430.0,6220.0,6398.0
2021-02-12 11:00:00+00:00,2858.0,16039.0,1573.0,0.0,148.0,148.0,5141.0,124.0,3900.0,6296.0,6614.0
2021-02-12 11:30:00+00:00,2929.0,15760.0,1427.0,0.0,148.0,134.0,5135.0,125.0,4180.0,6313.0,6639.0
2021-02-12 12:00:00+00:00,2916.0,15651.0,1417.0,0.0,148.0,134.0,5130.0,125.0,4360.0,6270.0,6787.0
2021-02-12 12:30:00+00:00,2930.0,15386.0,1431.0,0.0,148.0,140.0,5132.0,161.0,4460.0,6283.0,6781.0
2021-02-12 13:00:00+00:00,2937.0,14804.0,1481.0,0.0,349.0,126.0,5134.0,145.0,4270.0,6285.0,6674.0
2021-02-12 13:30:00+00:00,2771.0,14718.0,1470.0,0.0,148.0,127.0,5135.0,131.0,4110.0,6234.0,6617.0
2021-02-12 14:00:00+00:00,2682.0,14341.0,1461.0,0.0,0.0,127.0,5136.0,146.0,3820.0,6147.0,6811.0
2021-02-12 14:30:00+00:00,2669.0,14453.0,1466.0,0.0,0.0,126.0,5142.0,127.0,3150.0,6215.0,6808.0
2021-02-12 15:00:00+00:00,2660.0,14255.0,1477.0,0.0,0.0,150.0,5130.0,118.0,2350.0,6217.0,6857.0
2021-02-12 15:30:00+00:00,2647.0,14456.0,1479.0,0.0,0.0,149.0,5138.0,117.0,1560.0,6209.0,6901.0
2021-02-12 16:00:00+00:00,2821.0,14850.0,1280.0,0.0,33.0,185.0,5131.0,211.0,898.0,6216.0,6665.0
2021-02-12 16:30:00+00:00,2887.0,15506.0,1241.0,0.0,599.0,208.0,5133.0,292.0,257.0,6263.0,6720.0
2021-02-12 17:00:00+00:00,2896.0,15813.0,1227.0,0.0,631.0,296.0,5134.0,380.0,13.0,6274.0,6623.0
2021-02-12 17:30:00+00:00,2912.0,17291.0,1261.0,0.0,964.0,297.0,5129.0,410.0,5.0,6245.0,6751.0
2021-02-12 18:00:00+00:00,2907.0,17299.0,1478.0,0.0,907.0,300.0,5136.0,394.0,4.0,6292.0,6792.0
2021-02-12 18:30:00+00:00,2913.0,17047.0,1496.0,0.0,599.0,299.0,5141.0,381.0,0.0,6267.0,6841.0
2021-02-12 19:00:00+00:00,2631.0,16793.0,1318.0,0.0,600.0,238.0,5133.0,314.0,0.0,6254.0,7031.0
2021-02-12 19:30:00+00:00,2270.0,16194.0,1014.0,0.0,301.0,186.0,5140.0,198.0,0.0,6280.0,7129.0
2021-02-12 20:00:00+00:00,2271.0,14205.0,1027.0,0.0,129.0,118.0,5139.0,122.0,0.0,6242.0,7243.0
2021-02-12 20:30:00+00:00,2270.0,11707.0,1031.0,0.0,301.0,108.0,5130.0,147.0,0.0,6236.0,7354.0
2021-02-12 21:00:00+00:00,2268.0,10170.0,1033.0,0.0,301.0,108.0,5135.0,166.0,0.0,6235.0,7510.0
2021-02-12 21:30:00+00:00,2520.0,8747.0,1026.0,0.0,0.0,107.0,5135.0,147.0,0.0,6253.0,7349.0
2021-02-12 22:00:00+00:00,2821.0,7781.0,842.0,0.0,0.0,108.0,5139.0,152.0,0.0,6302.0,7270.0
2021-02-12 22:30:00+00:00,2721.0,6633.0,650.0,0.0,0.0,90.0,5139.0,135.0,0.0,6341.0,7206.0
2021-02-12 23:00:00+00:00,2238.0,6148.0,665.0,0.0,109.0,89.0,5140.0,147.0,0.0,6336.0,7249.0
2021-02-12 23:30:00+00:00,2234.0,5481.0,648.0,0.0,30.0,89.0,5141.0,112.0,0.0,6347.0,7135.0
2021-02-13 00:00:00+00:00,2222.0,4990.0,535.0,0.0,0.0,90.0,5149.0,112.0,0.0,6332.0,7054.0
2021-02-13 00:30:00+00:00,2235.0,5002.0,570.0,0.0,0.0,90.0,5138.0,127.0,0.0,6337.0,6980.0
2021-02-13 01:00:00+00:00,2193.0,5028.0,533.0,0.0,0.0,91.0,5142.0,117.0,0.0,6358.0,7059.0
2021-02-13 01:30:00+00:00,2234.0,4399.0,539.0,0.0,0.0,91.0,5138.0,122.0,0.0,6403.0,7132.0
2021-02-13 02:00:00+00:00,2230.0,4507.0,541.0,0.0,0.0,90.0,5143.0,114.0,0.0,6393.0,7291.0
2021-02-13 02:30:00+00:00,2228.0,4358.0,564.0,0.0,0.0,91.0,5140.0,121.0,0.0,6394.0,7306.0
2021-02-13 03:00:00+00:00,2240.0,4461.0,655.0,0.0,0.0,90.0,5133.0,129.0,0.0,6366.0,7257.0
2021-02-13 03:30:00+00:00,2235.0,4426.0,673.0,0.0,0.0,78.0,5136.0,118.0,0.0,6370.0,7269.0
2021-02-13 04:00:00+00:00,2232.0,4679.0,678.0,0.0,0.0,77.0,5138.0,119.0,0.0,6379.0,7195.0
2021-02-13 04:30:00+00:00,2231.0,4817.0,730.0,0.0,0.0,77.0,5138.0,129.0,0.0,6393.0,7082.0
2021-02-13 05:00:00+00:00,2190.0,4518.0,716.0,0.0,0.0,77.0,5137.0,113.0,0.0,6417.0,7131.0
2021-02-13 05:30:00+00:00,2210.0,4422.0,644.0,0.0,0.0,77.0,5139.0,113.0,0.0,6397.0,7210.0
2021-02-13 06:00:00+00:00,2207.0,4923.0,704.0,0.0,0.0,127.0,5131.0,122.0,0.0,6393.0,7201.0
2021-02-13 06:30:00+00:00,2206.0,5671.0,679.0,0.0,0.0,129.0,5139.0,113.0,0.0,6393.0,7180.0
2021-02-13 07:00:00+00:00,2225.0,6389.0,672.0,0.0,0.0,129.0,5136.0,113.0,4.0,6405.0,7239.0
2021-02-13 07:30:00+00:00,2225.0,6698.0,673.0,0.0,0.0,129.0,5141.0,121.0,100.0,6405.0,7337.0
2021-02-13 08:00:00+00:00,2252.0,6552.0,618.0,0.0,180.0,146.0,5134.0,123.0,448.0,6409.0,7342.0
2021-02-13 08:30:00+00:00,2252.0,7715.0,698.0,0.0,100.0,145.0,5145.0,120.0,915.0,6417.0,7392.0
2021-02-13 09:00:00+00:00,2252.0,7481.0,709.0,0.0,221.0,137.0,5141.0,124.0,1330.0,6480.0,7591.0
2021-02-13 09:30:00+00:00,2255.0,7817.0,713.0,0.0,149.0,153.0,5138.0,122.0,1740.0,6514.0,7694.0
2021-02-13 10:00:00+00:00,2229.0,7796.0,716.0,0.0,300.0,196.0,5141.0,129.0,2190.0,6516.0,7847.0
2021-02-13 10:30:00+00:00,2231.0,8005.0,718.0,0.0,149.0,189.0,5131.0,124.0,2800.0,6498.0,7881.0
2021-02-13 11:00:00+00:00,2237.0,8276.0,716.0,0.0,0.0,182.0,5134.0,123.0,2980.0,6537.0,8002.0
2021-02-13 11:30:00+00:00,2234.0,8268.0,679.0,0.0,0.0,181.0,5129.0,139.0,3100.0,6518.0,7996.0
2021-02-13 12:00:00+00:00,2233.0,8438.0,675.0,0.0,351.0,172.0,5134.0,142.0,3160.0,6529.0,7895.0
2021-02-13 12:30:00+00:00,2231.0,8711.0,672.0,0.0,301.0,172.0,5131.0,127.0,3020.0,6507.0,7873.0
2021-02-13 13:00:00+00:00,2230.0,9045.0,678.0,0.0,89.0,166.0,5122.0,139.0,2640.0,6437.0,7702.0
2021-02-13 13:30:00+00:00,2252.0,9381.0,673.0,0.0,0.0,153.0,5126.0,126.0,2120.0,6429.0,7645.0
2021-02-13 14:00:00+00:00,2259.0,9484.0,675.0,0.0,61.0,138.0,5123.0,132.0,1640.0,6440.0,7556.0
2021-02-13 14:30:00+00:00,2271.0,9781.0,676.0,0.0,73.0,132.0,5123.0,136.0,1210.0,6447.0,7598.0
2021-02-13 15:00:00+00:00,2286.0,10531.0,679.0,0.0,92.0,132.0,5133.0,125.0,873.0,6395.0,7731.0
2021-02-13 15:30:00+00:00,2288.0,10450.0,830.0,0.0,601.0,138.0,5121.0,125.0,496.0,6387.0,7618.0
2021-02-13 16:00:00+00:00,2304.0,11301.0,1013.0,0.0,419.0,169.0,5125.0,127.0,208.0,6354.0,7359.0
2021-02-13 16:30:00+00:00,2308.0,11860.0,1156.0,0.0,673.0,209.0,5126.0,137.0,38.0,6382.0,7325.0
2021-02-13 17:00:00+00:00,2304.0,12538.0,1152.0,0.0,1492.0,289.0,5123.0,248.0,3.0,6401.0,7371.0
2021-02-13 17:30:00+00:00,2303.0,13988.0,1149.0,0.0,1562.0,402.0,5116.0,284.0,4.0,6423.0,7273.0
2021-02-13 18:00:00+00:00,2301.0,14665.0,1151.0,0.0,1314.0,551.0,5123.0,292.0,0.0,6427.0,7204.0
2021-02-13 18:30:00+00:00,2284.0,14111.0,1140.0,0.0,1314.0,315.0,5127.0,323.0,0.0,6493.0,7129.0
2021-02-13 19:00:00+00:00,2276.0,12993.0,1146.0,0.0,1036.0,254.0,5128.0,248.0,0.0,6494.0,7194.0
2021-02-13 19:30:00+00:00,2277.0,11829.0,1147.0,0.0,625.0,252.0,5118.0,196.0,0.0,6418.0,7147.0
2021-02-13 20:00:00+00:00,2273.0,10970.0,1142.0,0.0,0.0,159.0,5128.0,149.0,0.0,6442.0,7354.0
2021-02-13 20:30:00+00:00,2274.0,9409.0,1129.0,0.0,146.0,136.0,5124.0,137.0,0.0,6455.0,7291.0
2021-02-13 21:00:00+00:00,2266.0,8754.0,870.0,0.0,124.0,114.0,5130.0,144.0,0.0,6476.0,7060.0
2021-02-13 21:30:00+00:00,2261.0,7340.0,871.0,0.0,162.0,114.0,5122.0,151.0,0.0,6507.0,7012.0
2021-02-13 22:00:00+00:00,2263.0,6307.0,955.0,0.0,72.0,113.0,5129.0,123.0,0.0,6546.0,7134.0
2021-02-13 22:30:00+00:00,2256.0,4921.0,799.0,0.0,0.0,106.0,5128.0,124.0,0.0,6551.0,7180.0
2021-02-13 23:00:00+00:00,2125.0,5002.0,785.0,0.0,131.0,82.0,5135.0,127.0,0.0,6495.0,6961.0
2021-02-13 23:30:00+00:00,2265.0,4242.0,765.0,0.0,0.0,78.0,5133.0,119.0,0.0,6431.0,7113.0
2021-02-14 00:00:00+00:00,2281.0,3916.0,764.0,0.0,0.0,78.0,5130.0,89.0,0.0,6384.0,6833.0
2021-02-14 00:30:00+00:00,2268.0,4079.0,799.0,0.0,0.0,78.0,5135.0,87.0,0.0,6529.0,6820.0
2021-02-14 01:00:00+00:00,2279.0,4392.0,902.0,0.0,0.0,78.0,5130.0,103.0,0.0,6538.0,6907.0
2021-02-14 01:30:00+00:00,2281.0,4440.0,848.0,0.0,0.0,78.0,5115.0,86.0,0.0,6531.0,6858.0
2021-02-14 02:00:00+00:00,2274.0,4370.0,849.0,0.0,0.0,78.0,5132.0,79.0,0.0,6430.0,6957.0
2021-02-14 02:30:00+00:00,2278.0,4520.0,883.0,0.0,0.0,78.0,5133.0,80.0,2.0,6440.0,6693.0
2021-02-14 03:00:00+00:00,2267.0,4182.0,926.0,0.0,0.0,78.0,5129.0,95.0,0.0,6501.0,6814.0
2021-02-14 03:30:00+00:00,2284.0,4065.0,833.0,0.0,0.0,78.0,5130.0,80.0,0.0,6492.0,6765.0
2021-02-14 04:00:00+00:00,2069.0,4019.0,764.0,0.0,0.0,78.0,5125.0,95.0,2.0,6471.0,6804.0
2021-02-14 04:30:00+00:00,2285.0,3947.0,832.0,0.0,0.0,78.0,5127.0,80.0,0.0,6445.0,6918.0
2021-02-14 05:00:00+00:00,2290.0,4213.0,806.0,0.0,0.0,96.0,5122.0,84.0,0.0,6489.0,6816.0
2021-02-14 05:30:00+00:00,2289.0,4332.0,857.0,0.0,0.0,96.0,5125.0,90.0,0.0,6517.0,6874.0
2021-02-14 06:00:00+00:00,2116.0,3988.0,761.0,0.0,0.0,97.0,5122.0,88.0,0.0,6492.0,6749.0
2021-02-14 06:30:00+00:00,2228.0,4148.0,845.0,0.0,0.0,97.0,5123.0,80.0,0.0,6528.0,6727.0
2021-02-14 07:00:00+00:00,2284.0,4189.0,785.0,0.0,0.0,148.0,5125.0,81.0,0.0,6550.0,6668.0
2021-02-14 07:30:00+00:00,2255.0,4411.0,777.0,0.0,0.0,148.0,5126.0,81.0,12.0,6509.0,6731.0
2021-02-14 08:00:00+00:00,2276.0,4261.0,769.0,0.0,0.0,148.0,5123.0,83.0,71.0,6462.0,6793.0
2021-02-14 08:30:00+00:00,2302.0,5402.0,923.0,0.0,105.0,148.0,5130.0,85.0,184.0,6471.0,6865.0
2021-02-14 09:00:00+00:00,2289.0,5230.0,1074.0,0.0,0.0,142.0,5130.0,77.0,337.0,6510.0,7022.0
2021-02-14 09:30:00+00:00,2294.0,5758.0,977.0,0.0,0.0,122.0,5134.0,110.0,521.0,6490.0,7099.0
2021-02-14 10:00:00+00:00,2288.0,6205.0,965.0,0.0,180.0,184.0,5135.0,83.0,688.0,6469.0,7208.0
2021-02-14 10:30:00+00:00,2300.0,7074.0,901.0,0.0,0.0,197.0,5137.0,87.0,907.0,6465.0,7272.0
2021-02-14 11:00:00+00:00,2290.0,7741.0,906.0,0.0,0.0,177.0,5139.0,83.0,993.0,6444.0,7388.0
2021-02-14 11:30:00+00:00,2297.0,8385.0,920.0,0.0,0.0,182.0,5133.0,83.0,972.0,6435.0,7486.0
2021-02-14 12:00:00+00:00,2301.0,8658.0,991.0,0.0,83.0,192.0,5134.0,96.0,909.0,6450.0,7751.0
2021-02-14 12:30:00+00:00,2300.0,9046.0,1103.0,0.0,0.0,191.0,5132.0,123.0,785.0,6415.0,7769.0
2021-02-14 13:00:00+00:00,2299.0,9388.0,1144.0,0.0,0.0,202.0,5136.0,248.0,686.0,6403.0,7741.0
2021-02-14 13:30:00+00:00,2295.0,9533.0,1107.0,0.0,0.0,195.0,5138.0,231.0,602.0,6396.0,7773.0
2021-02-14 14:00:00+00:00,2294.0,9182.0,1084.0,0.0,0.0,152.0,5135.0,206.0,507.0,6404.0,7910.0
2021-02-14 14:30:00+00:00,2289.0,9487.0,938.0,0.0,300.0,130.0,5128.0,86.0,385.0,6396.0,7938.0
2021-02-14 15:00:00+00:00,2288.0,9912.0,962.0,0.0,0.0,115.0,5128.0,93.0,268.0,6401.0,7941.0
2021-02-14 15:30:00+00:00,2287.0,9897.0,935.0,0.0,0.0,114.0,5136.0,87.0,162.0,6408.0,7977.0
2021-02-14 16:00:00+00:00,2304.0,10481.0,861.0,0.0,0.0,114.0,5139.0,92.0,73.0,6350.0,8004.0
2021-02-14 16:30:00+00:00,2301.0,10891.0,972.0,0.0,334.0,165.0,5135.0,133.0,12.0,6354.0,7948.0
2021-02-14 17:00:00+00:00,2306.0,11632.0,1051.0,0.0,716.0,345.0,5138.0,251.0,2.0,6390.0,7798.0
2021-02-14 17:30:00+00:00,2300.0,12545.0,1071.0,0.0,1134.0,382.0,5138.0,239.0,0.0,6398.0,7687.0
2021-02-14 18:00:00+00:00,2297.0,12966.0,1030.0,0.0,1032.0,393.0,5141.0,275.0,0.0,6410.0,7526.0
2021-02-14 18:30:00+00:00,2302.0,12784.0,1017.0,0.0,762.0,388.0,5139.0,148.0,0.0,6446.0,7379.0
2021-02-14 19:00:00+00:00,2301.0,11428.0,949.0,0.0,751.0,339.0,5141.0,91.0,0.0,6454.0,7072.0
2021-02-14 19:30:00+00:00,2300.0,10161.0,1039.0,0.0,520.0,326.0,5142.0,86.0,2.0,6454.0,6976.0
2021-02-14 20:00:00+00:00,2292.0,9892.0,782.0,0.0,31.0,221.0,5140.0,109.0,0.0,6356.0,6841.0
2021-02-14 20:30:00+00:00,2290.0,9021.0,549.0,0.0,311.0,197.0,5134.0,92.0,1.0,6192.0,6740.0
2021-02-14 21:00:00+00:00,2291.0,8455.0,809.0,0.0,306.0,181.0,5139.0,109.0,1.0,6133.0,6373.0
2021-02-14 21:30:00+00:00,2289.0,7585.0,813.0,0.0,0.0,189.0,5143.0,136.0,0.0,6202.0,6059.0
2021-02-14 22:00:00+00:00,2289.0,7004.0,813.0,0.0,239.0,184.0,5140.0,111.0,0.0,6110.0,5633.0
2021-02-14 22:30:00+00:00,2281.0,6264.0,712.0,0.0,0.0,181.0,5144.0,254.0,0.0,6038.0,5546.0
2021-02-14 23:00:00+00:00,2284.0,5208.0,712.0,0.0,269.0,155.0,5140.0,186.0,0.0,6064.0,5362.0
2021-02-14 23:30:00+00:00,2282.0,4300.0,709.0,0.0,35.0,152.0,5139.0,85.0,0.0,5909.0,5335.0
2021-02-15 00:00:00+00:00,2300.0,4403.0,713.0,0.0,20.0,153.0,5142.0,112.0,0.0,5775.0,4844.0
2021-02-15 00:30:00+00:00,2345.0,4745.0,711.0,0.0,89.0,153.0,5148.0,212.0,1.0,5788.0,4822.0
2021-02-15 01:00:00+00:00,2371.0,4619.0,709.0,0.0,133.0,153.0,5165.0,167.0,3.0,5816.0,4679.0
2021-02-15 01:30:00+00:00,2400.0,5057.0,711.0,0.0,0.0,166.0,5171.0,249.0,1.0,5718.0,4471.0
2021-02-15 02:00:00+00:00,2550.0,4546.0,718.0,0.0,0.0,151.0,5180.0,192.0,0.0,5625.0,4223.0
2021-02-15 02:30:00+00:00,2786.0,4650.0,631.0,0.0,0.0,151.0,5188.0,116.0,1.0,181.0,1767.0
2021-02-15 03:00:00+00:00,2899.0,4670.0,705.0,0.0,0.0,151.0,5185.0,111.0,2.0,5495.0,4256.0
2021-02-15 03:30:00+00:00,2931.0,4381.0,714.0,0.0,0.0,163.0,5182.0,272.0,0.0,5352.0,4142.0
2021-02-15 04:00:00+00:00,2933.0,4712.0,719.0,0.0,62.0,170.0,5185.0,177.0,0.0,5097.0,4109.0
2021-02-15 04:30:00+00:00,2933.0,4726.0,738.0,0.0,297.0,175.0,5190.0,269.0,0.0,5054.0,4434.0
2021-02-15 05:00:00+00:00,2930.0,4417.0,763.0,0.0,149.0,175.0,5183.0,213.0,0.0,4895.0,4351.0
2021-02-15 05:30:00+00:00,2922.0,4771.0,791.0,0.0,60.0,176.0,5189.0,84.0,0.0,4502.0,4232.0
2021-02-15 06:00:00+00:00,2927.0,6300.0,810.0,0.0,0.0,194.0,5184.0,96.0,0.0,4343.0,4128.0
2021-02-15 06:30:00+00:00,2936.0,8583.0,832.0,0.0,0.0,186.0,5185.0,410.0,0.0,4191.0,3729.0
2021-02-15 07:00:00+00:00,2940.0,10785.0,975.0,0.0,0.0,233.0,5184.0,424.0,0.0,4294.0,3927.0
2021-02-15 07:30:00+00:00,2936.0,12635.0,1214.0,0.0,0.0,239.0,5189.0,261.0,20.0,4147.0,4046.0
2021-02-15 08:00:00+00:00,2943.0,13761.0,1177.0,0.0,1.0,301.0,5181.0,119.0,163.0,4014.0,4226.0
2021-02-15 08:30:00+00:00,2915.0,14971.0,1220.0,0.0,39.0,314.0,5184.0,160.0,347.0,4057.0,4336.0
2021-02-15 09:00:00+00:00,2935.0,15408.0,1213.0,0.0,301.0,327.0,5183.0,166.0,592.0,3847.0,4527.0
2021-02-15 09:30:00+00:00,2938.0,16020.0,1218.0,0.0,224.0,337.0,5184.0,158.0,1020.0,3408.0,4807.0
2021-02-15 10:00:00+00:00,2949.0,15700.0,1216.0,0.0,317.0,334.0,5184.0,158.0,1470.0,3670.0,4792.0
2021-02-15 10:30:00+00:00,2973.0,15244.0,1213.0,0.0,0.0,331.0,5184.0,170.0,1930.0,4069.0,4838.0
2021-02-15 11:00:00+00:00,2973.0,14684.0,1220.0,0.0,355.0,334.0,5201.0,208.0,2280.0,3996.0,4910.0
2021-02-15 11:30:00+00:00,2978.0,14598.0,1214.0,0.0,0.0,319.0,5182.0,175.0,2610.0,4024.0,5034.0
2021-02-15 12:00:00+00:00,2975.0,14180.0,1207.0,0.0,0.0,284.0,5176.0,123.0,2840.0,4060.0,5097.0
2021-02-15 12:30:00+00:00,2970.0,14270.0,1206.0,0.0,0.0,294.0,5182.0,136.0,2810.0,3765.0,5198.0
2021-02-15 13:00:00+00:00,2979.0,14633.0,1207.0,0.0,89.0,295.0,5176.0,123.0,2790.0,3528.0,4975.0
2021-02-15 13:30:00+00:00,2969.0,13813.0,1207.0,0.0,0.0,298.0,5177.0,88.0,2750.0,3998.0,5038.0
2021-02-15 14:00:00+00:00,2980.0,13347.0,1198.0,0.0,68.0,296.0,5181.0,95.0,2380.0,3693.0,5014.0
2021-02-15 14:30:00+00:00,2941.0,14288.0,1195.0,0.0,0.0,309.0,5179.0,88.0,1870.0,3454.0,4704.0
2021-02-15 15:00:00+00:00,2927.0,14783.0,1164.0,0.0,0.0,310.0,5185.0,88.0,1550.0,3644.0,4498.0
2021-02-15 15:30:00+00:00,2944.0,15403.0,1181.0,0.0,238.0,315.0,5176.0,91.0,1040.0,3278.0,4213.0
2021-02-15 16:00:00+00:00,2976.0,15652.0,1182.0,0.0,0.0,375.0,5188.0,156.0,486.0,3369.0,4016.0
2021-02-15 16:30:00+00:00,2992.0,16041.0,1182.0,0.0,1253.0,413.0,5179.0,209.0,137.0,2860.0,3938.0
2021-02-15 17:00:00+00:00,2994.0,17382.0,1172.0,0.0,911.0,569.0,5186.0,317.0,6.0,3068.0,3632.0
2021-02-15 17:30:00+00:00,2981.0,17889.0,1158.0,0.0,1531.0,809.0,5176.0,393.0,2.0,3505.0,3661.0
2021-02-15 18:00:00+00:00,2994.0,17662.0,1216.0,0.0,1704.0,810.0,5186.0,463.0,3.0,3616.0,3783.0
2021-02-15 18:30:00+00:00,2998.0,17191.0,1279.0,0.0,1058.0,811.0,5180.0,409.0,0.0,3767.0,3843.0
2021-02-15 19:00:00+00:00,2919.0,16506.0,1278.0,0.0,749.0,504.0,5183.0,254.0,2.0,3415.0,4052.0
2021-02-15 19:30:00+00:00,2914.0,15999.0,1180.0,0.0,394.0,472.0,5176.0,190.0,0.0,3037.0,3896.0
2021-02-15 20:00:00+00:00,2977.0,15082.0,1136.0,0.0,209.0,438.0,5172.0,143.0,0.0,3225.0,3993.0
2021-02-15 20:30:00+00:00,2989.0,13516.0,1060.0,0.0,0.0,456.0,5178.0,136.0,0.0,3388.0,4105.0
2021-02-15 21:00:00+00:00,2982.0,11614.0,1021.0,0.0,0.0,394.0,5178.0,126.0,0.0,3690.0,4353.0
2021-02-15 21:30:00+00:00,2974.0,8916.0,913.0,0.0,0.0,391.0,5170.0,143.0,0.0,4107.0,4478.0
2021-02-15 22:00:00+00:00,2854.0,8297.0,853.0,0.0,275.0,348.0,5173.0,144.0,0.0,4246.0,4966.0
2021-02-15 22:30:00+00:00,2823.0,6916.0,841.0,0.0,0.0,355.0,5176.0,128.0,0.0,4105.0,5254.0
2021-02-15 23:00:00+00:00,2821.0,5948.0,844.0,0.0,0.0,352.0,5178.0,136.0,0.0,4559.0,5470.0
2021-02-15 23:30:00+00:00,2812.0,5483.0,835.0,0.0,0.0,347.0,5175.0,112.0,0.0,4791.0,5389.0
2021-02-16 00:00:00+00:00,2815.0,5737.0,875.0,0.0,0.0,348.0,5184.0,116.0,0.0,4801.0,5143.0
2021-02-16 00:30:00+00:00,2810.0,5552.0,940.0,0.0,90.0,348.0,5177.0,116.0,0.0,144.0,2401.0
2021-02-16 01:00:00+00:00,2816.0,5925.0,946.0,0.0,61.0,338.0,5173.0,141.0,0.0,5422.0,4787.0
2021-02-16 01:30:00+00:00,2797.0,5472.0,1006.0,0.0,0.0,310.0,5179.0,112.0,0.0,5938.0,4715.0
2021-02-16 02:00:00+00:00,2901.0,5745.0,1011.0,0.0,0.0,310.0,5174.0,144.0,0.0,5954.0,4778.0
2021-02-16 02:30:00+00:00,2898.0,6201.0,1091.0,0.0,0.0,309.0,5174.0,121.0,0.0,5993.0,4710.0
2021-02-16 03:00:00+00:00,2897.0,6674.0,1072.0,0.0,0.0,310.0,5185.0,112.0,0.0,5997.0,4818.0
2021-02-16 03:30:00+00:00,2903.0,6544.0,1033.0,0.0,0.0,315.0,5179.0,116.0,0.0,6025.0,4909.0
2021-02-16 04:00:00+00:00,2902.0,6170.0,973.0,0.0,0.0,313.0,5178.0,122.0,0.0,5953.0,4711.0
2021-02-16 04:30:00+00:00,2903.0,6861.0,974.0,0.0,0.0,311.0,5174.0,117.0,0.0,5965.0,4465.0
2021-02-16 05:00:00+00:00,2903.0,6467.0,998.0,0.0,0.0,312.0,5175.0,112.0,0.0,6008.0,4511.0
2021-02-16 05:30:00+00:00,2905.0,6626.0,1009.0,0.0,0.0,313.0,5170.0,112.0,0.0,6083.0,4465.0
2021-02-16 06:00:00+00:00,2935.0,6648.0,1003.0,0.0,26.0,344.0,5177.0,112.0,0.0,6087.0,4405.0
2021-02-16 06:30:00+00:00,2893.0,8133.0,1093.0,0.0,0.0,349.0,5172.0,112.0,0.0,6062.0,4548.0
2021-02-16 07:00:00+00:00,2929.0,9960.0,1151.0,0.0,10.0,421.0,5166.0,129.0,0.0,6075.0,4663.0
2021-02-16 07:30:00+00:00,2924.0,11251.0,1168.0,0.0,149.0,425.0,5181.0,114.0,11.0,6140.0,4782.0
2021-02-16 08:00:00+00:00,2928.0,11669.0,1173.0,0.0,470.0,428.0,5176.0,120.0,95.0,186.0,2492.0
2021-02-16 08:30:00+00:00,2957.0,12694.0,1166.0,0.0,162.0,401.0,5172.0,297.0,284.0,6189.0,4868.0
2021-02-16 09:00:00+00:00,2944.0,12619.0,1176.0,0.0,135.0,414.0,4954.0,246.0,533.0,6094.0,5259.0
2021-02-16 09:30:00+00:00,2916.0,12594.0,1174.0,0.0,301.0,403.0,4920.0,148.0,784.0,6010.0,5208.0
2021-02-16 10:00:00+00:00,2934.0,12501.0,1174.0,0.0,564.0,383.0,4922.0,241.0,1030.0,5848.0,5116.0
2021-02-16 10:30:00+00:00,2949.0,12608.0,1171.0,0.0,149.0,375.0,4918.0,253.0,1530.0,5634.0,2868.0
2021-02-16 11:00:00+00:00,2949.0,11800.0,1034.0,0.0,180.0,390.0,4926.0,218.0,1770.0,176.0,2530.0
2021-02-16 11:30:00+00:00,2954.0,11842.0,1007.0,0.0,198.0,391.0,4923.0,145.0,1738.0,172.0,2530.0
2021-02-16 12:00:00+00:00,2954.0,11435.0,1020.0,0.0,148.0,383.0,4924.0,147.0,1855.0,162.0,2592.0
2021-02-16 12:30:00+00:00,2954.0,11634.0,1172.0,0.0,372.0,386.0,4920.0,147.0,1915.0,5235.0,5627.0
2021-02-16 13:00:00+00:00,2944.0,11682.0,1327.0,0.0,148.0,400.0,4928.0,143.0,0.0,5527.0,5513.0
2021-02-16 13:30:00+00:00,2950.0,11221.0,1314.0,0.0,148.0,398.0,4924.0,143.0,1910.0,5492.0,5574.0
2021-02-16 14:00:00+00:00,2949.0,11785.0,1330.0,0.0,282.0,397.0,4915.0,145.0,1900.0,150.0,2497.0
2021-02-16 14:30:00+00:00,2951.0,11704.0,1367.0,0.0,148.0,397.0,4917.0,163.0,1690.0,5510.0,5292.0
2021-02-16 15:00:00+00:00,2918.0,12237.0,1351.0,0.0,440.0,398.0,4913.0,154.0,1340.0,5230.0,5044.0
2021-02-16 15:30:00+00:00,2915.0,12539.0,1354.0,0.0,487.0,408.0,4915.0,144.0,1030.0,5364.0,5326.0
2021-02-16 16:00:00+00:00,2905.0,13663.0,1354.0,0.0,602.0,405.0,4915.0,267.0,657.0,139.0,2134.0
2021-02-16 16:30:00+00:00,2914.0,15204.0,1345.0,0.0,339.0,436.0,4922.0,286.0,212.0,4663.0,5000.0
2021-02-16 17:00:00+00:00,2905.0,14848.0,1344.0,0.0,1391.0,466.0,4916.0,265.0,25.0,4561.0,4400.0
2021-02-16 17:30:00+00:00,2919.0,15849.0,1349.0,0.0,1110.0,509.0,4915.0,375.0,2.0,4929.0,4722.0
2021-02-16 18:00:00+00:00,2928.0,15894.0,1340.0,0.0,1244.0,522.0,4920.0,470.0,2.0,5377.0,4856.0
2021-02-16 18:30:00+00:00,2881.0,14586.0,1351.0,0.0,1535.0,495.0,4914.0,321.0,0.0,5665.0,4712.0
2021-02-16 19:00:00+00:00,2908.0,13575.0,1352.0,0.0,1424.0,515.0,4915.0,220.0,0.0,5906.0,4617.0
2021-02-16 19:30:00+00:00,2915.0,12866.0,1354.0,0.0,636.0,524.0,4915.0,188.0,1.0,5824.0,4468.0
2021-02-16 20:00:00+00:00,2905.0,11690.0,1315.0,0.0,636.0,500.0,4918.0,164.0,0.0,5548.0,4465.0
2021-02-16 20:30:00+00:00,2930.0,10111.0,1301.0,0.0,291.0,518.0,4919.0,161.0,1.0,153.0,1785.0
2021-02-16 21:00:00+00:00,2808.0,9073.0,1278.0,0.0,0.0,518.0,4916.0,148.0,1.0,5763.0,4459.0
2021-02-16 21:30:00+00:00,2812.0,7200.0,1195.0,0.0,0.0,461.0,4920.0,145.0,0.0,5751.0,4583.0
2021-02-16 22:00:00+00:00,2811.0,6442.0,1126.0,0.0,99.0,449.0,4916.0,149.0,0.0,5777.0,4625.0
2021-02-16 22:30:00+00:00,2787.0,4954.0,1322.0,0.0,63.0,439.0,4912.0,139.0,0.0,5784.0,4560.0
2021-02-16 23:00:00+00:00,2189.0,4647.0,1154.0,0.0,178.0,439.0,4917.0,149.0,0.0,5592.0,4420.0
2021-02-16 23:30:00+00:00,1824.0,4087.0,1129.0,0.0,82.0,442.0,4917.0,139.0,0.0,5418.0,4372.0
2021-02-17 00:00:00+00:00,1899.0,3846.0,1095.0,0.0,78.0,445.0,4916.0,164.0,0.0,5625.0,4599.0
2021-02-17 00:30:00+00:00,2165.0,4192.0,1141.0,0.0,0.0,445.0,4922.0,152.0,0.0,5447.0,4729.0
2021-02-17 01:00:00+00:00,2531.0,4393.0,1118.0,0.0,0.0,464.0,4916.0,139.0,0.0,5295.0,4828.0
2021-02-17 01:30:00+00:00,2513.0,4073.0,1115.0,0.0,0.0,475.0,4918.0,139.0,0.0,5468.0,4725.0
2021-02-17 02:00:00+00:00,2313.0,3767.0,1114.0,0.0,0.0,465.0,4923.0,139.0,0.0,5626.0,4975.0
2021-02-17 02:30:00+00:00,2180.0,3723.0,1114.0,0.0,0.0,468.0,4918.0,139.0,0.0,5326.0,4883.0
2021-02-17 03:00:00+00:00,2372.0,3798.0,1130.0,0.0,0.0,470.0,4927.0,160.0,0.0,5602.0,4723.0
2021-02-17 03:30:00+00:00,2252.0,3602.0,1102.0,0.0,0.0,470.0,4925.0,139.0,0.0,5588.0,4533.0
2021-02-17 04:00:00+00:00,2218.0,4059.0,1160.0,0.0,0.0,484.0,4924.0,139.0,0.0,5806.0,4387.0
2021-02-17 04:30:00+00:00,2226.0,4615.0,1258.0,0.0,0.0,486.0,4929.0,139.0,0.0,5719.0,4251.0
2021-02-17 05:00:00+00:00,2194.0,3981.0,1205.0,0.0,0.0,484.0,4925.0,141.0,0.0,5978.0,4531.0
2021-02-17 05:30:00+00:00,2178.0,3914.0,1239.0,0.0,0.0,483.0,4922.0,198.0,0.0,6163.0,4485.0
2021-02-17 06:00:00+00:00,2545.0,4535.0,1219.0,0.0,0.0,523.0,4925.0,259.0,0.0,6159.0,4774.0
2021-02-17 06:30:00+00:00,2846.0,5890.0,1275.0,0.0,0.0,508.0,4925.0,263.0,0.0,6263.0,4956.0
2021-02-17 07:00:00+00:00,2922.0,7211.0,1390.0,0.0,0.0,485.0,4909.0,222.0,1.0,190.0,2627.0
2021-02-17 07:30:00+00:00,2922.0,8755.0,1385.0,0.0,0.0,484.0,4912.0,141.0,39.0,6091.0,5108.0
2021-02-17 08:00:00+00:00,2918.0,9386.0,1367.0,0.0,0.0,506.0,4905.0,141.0,251.0,6033.0,4941.0
2021-02-17 08:30:00+00:00,2944.0,10176.0,1236.0,0.0,0.0,560.0,4913.0,141.0,656.0,6041.0,5098.0
2021-02-17 09:00:00+00:00,2927.0,10409.0,1395.0,0.0,0.0,545.0,4909.0,186.0,1120.0,6120.0,5277.0
2021-02-17 09:30:00+00:00,2904.0,10319.0,1397.0,0.0,0.0,553.0,4909.0,147.0,1570.0,5924.0,5276.0
2021-02-17 10:00:00+00:00,2901.0,10044.0,1120.0,0.0,38.0,494.0,4910.0,159.0,1900.0,5772.0,5259.0
2021-02-17 10:30:00+00:00,2712.0,10034.0,1094.0,0.0,0.0,526.0,4906.0,168.0,2010.0,5859.0,5203.0
2021-02-17 11:00:00+00:00,2843.0,9751.0,1135.0,0.0,58.0,524.0,4905.0,158.0,2200.0,5562.0,5446.0
2021-02-17 11:30:00+00:00,2717.0,9739.0,1395.0,0.0,0.0,497.0,4910.0,142.0,2230.0,5504.0,5343.0
2021-02-17 12:00:00+00:00,2718.0,10252.0,1391.0,0.0,52.0,512.0,4909.0,170.0,2190.0,5466.0,5360.0
2021-02-17 12:30:00+00:00,2813.0,10430.0,1422.0,0.0,52.0,483.0,4912.0,193.0,2705.0,5344.0,5355.0
2021-02-17 13:00:00+00:00,2757.0,10578.0,1445.0,0.0,52.0,485.0,4928.0,170.0,2523.0,5342.0,5273.0
2021-02-17 13:30:00+00:00,2394.0,9619.0,1470.0,0.0,155.0,459.0,4925.0,162.0,2378.0,189.0,2656.0
2021-02-17 14:00:00+00:00,2386.0,9497.0,1418.0,0.0,52.0,464.0,4924.0,156.0,1500.0,2664.0,4270.0
2021-02-17 14:30:00+00:00,2556.0,9515.0,1496.0,0.0,104.0,526.0,4924.0,142.0,1020.0,5718.0,5173.0
2021-02-17 15:00:00+00:00,2863.0,9965.0,1544.0,0.0,388.0,526.0,4924.0,158.0,744.0,5758.0,4916.0
2021-02-17 15:30:00+00:00,2862.0,10809.0,1731.0,0.0,487.0,525.0,4929.0,144.0,487.0,5749.0,4835.0
2021-02-17 16:00:00+00:00,2698.0,11347.0,1775.0,0.0,609.0,533.0,4929.0,211.0,206.0,5750.0,4860.0
2021-02-17 16:30:00+00:00,2623.0,12350.0,1734.0,0.0,488.0,534.0,4925.0,291.0,45.0,5621.0,5297.0
2021-02-17 17:00:00+00:00,2925.0,13020.0,1774.0,0.0,1323.0,542.0,4926.0,317.0,69.0,160.0,2415.0
2021-02-17 17:30:00+00:00,2990.0,14122.0,1784.0,0.0,1463.0,540.0,4924.0,396.0,0.0,5574.0,5683.0
2021-02-17 18:00:00+00:00,2990.0,14001.0,1805.0,0.0,1204.0,536.0,4923.0,512.0,0.0,5848.0,5787.0
2021-02-17 18:30:00+00:00,3014.0,13372.0,1519.0,0.0,1489.0,552.0,4927.0,355.0,0.0,5849.0,5641.0
2021-02-17 19:00:00+00:00,2941.0,12782.0,1484.0,0.0,994.0,547.0,4928.0,229.0,0.0,5910.0,5842.0
2021-02-17 19:30:00+00:00,2386.0,11988.0,1706.0,0.0,519.0,522.0,4927.0,156.0,0.0,6200.0,5813.0
2021-02-17 20:00:00+00:00,2182.0,10713.0,1675.0,0.0,519.0,521.0,4927.0,142.0,0.0,6012.0,5954.0
2021-02-17 20:30:00+00:00,2082.0,8941.0,1680.0,0.0,506.0,513.0,4926.0,140.0,0.0,6122.0,5754.0
2021-02-17 21:00:00+00:00,2091.0,8107.0,1387.0,0.0,733.0,516.0,4927.0,141.0,0.0,6293.0,5623.0
2021-02-17 21:30:00+00:00,2094.0,6670.0,1315.0,0.0,409.0,512.0,4863.0,147.0,0.0,6314.0,5628.0
2021-02-17 22:00:00+00:00,2349.0,5999.0,1287.0,0.0,386.0,478.0,4867.0,145.0,0.0,6284.0,5595.0
2021-02-17 22:30:00+00:00,2195.0,4784.0,1378.0,0.0,238.0,521.0,4864.0,139.0,0.0,6374.0,5350.0
2021-02-17 23:00:00+00:00,1773.0,4643.0,1288.0,0.0,356.0,511.0,4866.0,150.0,0.0,6381.0,5321.0
2021-02-17 23:30:00+00:00,1353.0,4725.0,629.0,0.0,107.0,512.0,4861.0,139.0,0.0,6342.0,5443.0
2021-02-18 00:00:00+00:00,1205.0,5090.0,664.0,0.0,0.0,514.0,4865.0,150.0,0.0,6397.0,5554.0
2021-02-18 00:30:00+00:00,1197.0,5221.0,709.0,0.0,0.0,514.0,4861.0,139.0,0.0,6396.0,5621.0
2021-02-18 01:00:00+00:00,1341.0,5347.0,725.0,0.0,0.0,515.0,4862.0,139.0,0.0,6482.0,5685.0
2021-02-18 01:30:00+00:00,1319.0,5131.0,718.0,0.0,0.0,518.0,4863.0,139.0,0.0,6456.0,5713.0
2021-02-18 02:00:00+00:00,1331.0,5211.0,701.0,0.0,0.0,537.0,4862.0,139.0,0.0,206.0,2958.0
2021-02-18 02:30:00+00:00,1543.0,5330.0,726.0,0.0,0.0,538.0,4859.0,140.0,0.0,206.0,2958.0
2021-02-18 03:00:00+00:00,2007.0,5166.0,675.0,0.0,0.0,560.0,4865.0,151.0,0.0,6510.0,5249.0
2021-02-18 03:30:00+00:00,2097.0,5173.0,784.0,0.0,0.0,519.0,4860.0,139.0,0.0,6506.0,5269.0
2021-02-18 04:00:00+00:00,2176.0,5115.0,800.0,0.0,0.0,520.0,4865.0,139.0,0.0,6512.0,5578.0
2021-02-18 04:30:00+00:00,2271.0,4942.0,830.0,0.0,0.0,522.0,4860.0,163.0,0.0,6454.0,5443.0
2021-02-18 05:00:00+00:00,1943.0,5177.0,683.0,0.0,0.0,522.0,4860.0,139.0,0.0,6290.0,5513.0
2021-02-18 05:30:00+00:00,2036.0,5538.0,726.0,0.0,100.0,524.0,4859.0,149.0,0.0,6347.0,5326.0
2021-02-18 06:00:00+00:00,2043.0,5931.0,840.0,0.0,149.0,538.0,4861.0,139.0,0.0,6384.0,5181.0
2021-02-18 06:30:00+00:00,2269.0,6540.0,1188.0,0.0,149.0,517.0,4861.0,148.0,0.0,6383.0,4898.0
2021-02-18 07:00:00+00:00,2491.0,7301.0,1376.0,0.0,823.0,526.0,4859.0,412.0,1.0,6406.0,4864.0
2021-02-18 07:30:00+00:00,2842.0,8880.0,1580.0,0.0,517.0,506.0,4858.0,483.0,41.0,5836.0,4903.0
2021-02-18 08:00:00+00:00,3007.0,9165.0,1604.0,0.0,366.0,505.0,4863.0,459.0,208.0,5705.0,4819.0
2021-02-18 08:30:00+00:00,2999.0,9160.0,1603.0,0.0,346.0,507.0,4858.0,445.0,426.0,5826.0,5492.0
2021-02-18 09:00:00+00:00,2985.0,8563.0,1694.0,0.0,177.0,514.0,4864.0,292.0,670.0,5938.0,5306.0
2021-02-18 09:30:00+00:00,2945.0,8607.0,1736.0,0.0,327.0,528.0,4858.0,232.0,1060.0,6013.0,5264.0
2021-02-18 10:00:00+00:00,2922.0,9679.0,1641.0,0.0,438.0,514.0,4857.0,176.0,1640.0,6062.0,4962.0
2021-02-18 10:30:00+00:00,2953.0,9489.0,1746.0,0.0,153.0,511.0,4858.0,347.0,2300.0,6177.0,5469.0
2021-02-18 11:00:00+00:00,2956.0,9376.0,1736.0,0.0,152.0,533.0,4862.0,186.0,2920.0,6300.0,5644.0
2021-02-18 11:30:00+00:00,2951.0,8945.0,1763.0,0.0,0.0,541.0,4863.0,144.0,3380.0,6292.0,5540.0
2021-02-18 12:00:00+00:00,2957.0,8956.0,1761.0,0.0,0.0,549.0,4868.0,143.0,3530.0,6248.0,5602.0
2021-02-18 12:30:00+00:00,2982.0,8490.0,1760.0,0.0,0.0,560.0,4863.0,143.0,3930.0,6116.0,5658.0
2021-02-18 13:00:00+00:00,2935.0,8152.0,1626.0,0.0,0.0,569.0,4871.0,143.0,3900.0,6076.0,5777.0
2021-02-18 13:30:00+00:00,2713.0,7984.0,1599.0,0.0,0.0,570.0,4866.0,145.0,3810.0,5945.0,5670.0
2021-02-18 14:00:00+00:00,2715.0,7741.0,1560.0,0.0,33.0,573.0,4867.0,152.0,3470.0,5851.0,5657.0
2021-02-18 14:30:00+00:00,2705.0,7471.0,1551.0,0.0,148.0,570.0,4874.0,143.0,3240.0,5976.0,5553.0
2021-02-18 15:00:00+00:00,2719.0,7546.0,1561.0,0.0,153.0,572.0,4862.0,149.0,2570.0,169.0,2849.0
2021-02-18 15:30:00+00:00,2951.0,8099.0,1550.0,0.0,238.0,581.0,4863.0,146.0,1850.0,5709.0,5470.0
2021-02-18 16:00:00+00:00,2968.0,9071.0,1564.0,0.0,238.0,577.0,4869.0,221.0,1120.0,5720.0,5324.0
2021-02-18 16:30:00+00:00,2969.0,10695.0,1559.0,0.0,386.0,566.0,4866.0,285.0,397.0,5800.0,5580.0
2021-02-18 17:00:00+00:00,2969.0,11676.0,1569.0,0.0,621.0,604.0,4866.0,309.0,30.0,5844.0,5475.0
2021-02-18 17:30:00+00:00,2975.0,12885.0,1578.0,0.0,943.0,613.0,4856.0,362.0,2.0,5936.0,5680.0
2021-02-18 18:00:00+00:00,2988.0,13548.0,1668.0,0.0,1167.0,607.0,4862.0,462.0,4.0,6007.0,5672.0
2021-02-18 18:30:00+00:00,2990.0,13368.0,1656.0,0.0,1086.0,603.0,4865.0,449.0,3.0,6118.0,5424.0
2021-02-18 19:00:00+00:00,2993.0,12288.0,1644.0,0.0,1156.0,602.0,4860.0,294.0,3.0,6185.0,5405.0
2021-02-18 19:30:00+00:00,2994.0,11084.0,1680.0,0.0,1210.0,605.0,4865.0,183.0,3.0,6250.0,5062.0
2021-02-18 20:00:00+00:00,2978.0,10891.0,1680.0,0.0,602.0,603.0,4863.0,141.0,4.0,6166.0,4870.0
2021-02-18 20:30:00+00:00,2979.0,9718.0,1685.0,0.0,561.0,600.0,4859.0,149.0,0.0,6136.0,4919.0
2021-02-18 21:00:00+00:00,2979.0,9014.0,1642.0,0.0,335.0,587.0,4867.0,141.0,0.0,6241.0,4489.0
2021-02-18 21:30:00+00:00,2980.0,7690.0,1673.0,0.0,189.0,583.0,4864.0,147.0,0.0,6183.0,4307.0
2021-02-18 22:00:00+00:00,2826.0,7095.0,1424.0,0.0,148.0,584.0,4863.0,145.0,0.0,6194.0,4277.0
2021-02-18 22:30:00+00:00,2351.0,6535.0,1282.0,0.0,94.0,564.0,4863.0,145.0,0.0,6021.0,4303.0
2021-02-18 23:00:00+00:00,2071.0,5965.0,821.0,0.0,0.0,557.0,4864.0,139.0,0.0,5771.0,4087.0
2021-02-18 23:30:00+00:00,1894.0,4942.0,660.0,0.0,0.0,556.0,4865.0,142.0,0.0,5626.0,4332.0
2021-02-19 00:00:00+00:00,1719.0,4780.0,385.0,0.0,0.0,551.0,4866.0,140.0,0.0,5367.0,4404.0
2021-02-19 00:30:00+00:00,1692.0,5038.0,385.0,0.0,0.0,551.0,4868.0,149.0,0.0,5328.0,4233.0
2021-02-19 01:00:00+00:00,1780.0,5054.0,379.0,0.0,0.0,523.0,4863.0,145.0,0.0,5393.0,4063.0
2021-02-19 01:30:00+00:00,1742.0,4756.0,375.0,0.0,0.0,522.0,4871.0,140.0,0.0,5238.0,4297.0
2021-02-19 02:00:00+00:00,1688.0,4814.0,382.0,0.0,0.0,526.0,4869.0,140.0,0.0,5091.0,4385.0
2021-02-19 02:30:00+00:00,1593.0,4669.0,379.0,0.0,0.0,528.0,4865.0,141.0,0.0,5270.0,4202.0
2021-02-19 03:00:00+00:00,1855.0,5640.0,379.0,0.0,0.0,530.0,4863.0,155.0,0.0,5240.0,4474.0
2021-02-19 03:30:00+00:00,1852.0,5430.0,382.0,0.0,0.0,523.0,4864.0,140.0,0.0,125.0,2115.0
2021-02-19 04:00:00+00:00,1667.0,5664.0,382.0,0.0,0.0,515.0,4869.0,173.0,0.0,5627.0,4566.0
2021-02-19 04:30:00+00:00,1585.0,6031.0,381.0,0.0,0.0,514.0,4869.0,142.0,0.0,5714.0,4474.0
2021-02-19 05:00:00+00:00,1416.0,6269.0,342.0,0.0,0.0,532.0,4863.0,145.0,0.0,5775.0,4634.0
2021-02-19 05:30:00+00:00,1642.0,6389.0,336.0,0.0,0.0,529.0,4870.0,139.0,0.0,6081.0,4755.0
2021-02-19 06:00:00+00:00,1580.0,5999.0,525.0,0.0,0.0,542.0,4866.0,140.0,0.0,6262.0,4871.0
2021-02-19 06:30:00+00:00,1545.0,6427.0,829.0,0.0,0.0,547.0,4862.0,176.0,0.0,6272.0,4700.0
2021-02-19 07:00:00+00:00,2093.0,6797.0,842.0,0.0,135.0,548.0,4867.0,141.0,8.0,6297.0,4794.0
2021-02-19 07:30:00+00:00,2268.0,7712.0,882.0,0.0,161.0,559.0,4866.0,142.0,51.0,6362.0,4759.0
2021-02-19 08:00:00+00:00,2271.0,8010.0,884.0,0.0,227.0,562.0,4862.0,143.0,162.0,6369.0,4983.0
2021-02-19 08:30:00+00:00,2272.0,9171.0,883.0,0.0,375.0,555.0,4865.0,143.0,308.0,6345.0,4987.0
2021-02-19 09:00:00+00:00,2250.0,9159.0,897.0,0.0,403.0,584.0,4865.0,156.0,458.0,6417.0,5314.0
2021-02-19 09:30:00+00:00,2255.0,9703.0,942.0,0.0,389.0,607.0,4864.0,167.0,650.0,6029.0,5432.0
2021-02-19 10:00:00+00:00,2255.0,9728.0,941.0,0.0,378.0,639.0,4859.0,165.0,783.0,6164.0,5707.0
2021-02-19 10:30:00+00:00,2268.0,9819.0,943.0,0.0,73.0,640.0,4865.0,158.0,912.0,6177.0,5749.0
2021-02-19 11:00:00+00:00,2264.0,9782.0,942.0,0.0,241.0,641.0,4869.0,201.0,1000.0,6151.0,5760.0
2021-02-19 11:30:00+00:00,2264.0,9259.0,940.0,0.0,335.0,764.0,4867.0,153.0,844.0,6064.0,5776.0
2021-02-19 12:00:00+00:00,2255.0,9287.0,940.0,0.0,438.0,764.0,4863.0,205.0,955.0,6097.0,5881.0
2021-02-19 12:30:00+00:00,2199.0,9351.0,942.0,0.0,611.0,764.0,4866.0,197.0,856.0,6082.0,5866.0
2021-02-19 13:00:00+00:00,2185.0,9685.0,943.0,0.0,392.0,764.0,4864.0,307.0,816.0,6005.0,5881.0
2021-02-19 13:30:00+00:00,2193.0,9498.0,941.0,0.0,84.0,746.0,4867.0,180.0,791.0,6332.0,5861.0
2021-02-19 14:00:00+00:00,2168.0,9203.0,941.0,0.0,118.0,734.0,4867.0,144.0,714.0,6449.0,5858.0
2021-02-19 14:30:00+00:00,2181.0,9179.0,942.0,0.0,238.0,746.0,4857.0,147.0,522.0,6447.0,5578.0
2021-02-19 15:00:00+00:00,2195.0,9102.0,937.0,0.0,238.0,765.0,4863.0,154.0,400.0,6380.0,5504.0
2021-02-19 15:30:00+00:00,2185.0,8957.0,937.0,0.0,337.0,764.0,4861.0,146.0,255.0,6466.0,5511.0
2021-02-19 16:00:00+00:00,2244.0,8988.0,940.0,0.0,337.0,852.0,4854.0,194.0,128.0,220.0,3494.0
2021-02-19 16:30:00+00:00,2235.0,9825.0,929.0,0.0,337.0,852.0,4857.0,259.0,39.0,6485.0,5285.0
2021-02-19 17:00:00+00:00,2231.0,10328.0,925.0,0.0,709.0,843.0,4862.0,329.0,4.0,6466.0,5323.0
2021-02-19 17:30:00+00:00,2316.0,10922.0,943.0,0.0,1434.0,858.0,4860.0,310.0,3.0,221.0,3412.0
2021-02-19 18:00:00+00:00,2312.0,11464.0,939.0,0.0,1526.0,862.0,4866.0,394.0,2.0,6395.0,5504.0
2021-02-19 18:30:00+00:00,2316.0,11207.0,929.0,0.0,1267.0,861.0,4859.0,369.0,0.0,6318.0,5621.0
2021-02-19 19:00:00+00:00,2314.0,10668.0,890.0,0.0,555.0,860.0,4865.0,291.0,0.0,6321.0,5720.0
2021-02-19 19:30:00+00:00,2311.0,9190.0,862.0,0.0,446.0,857.0,4859.0,202.0,1.0,6333.0,5639.0
2021-02-19 20:00:00+00:00,2327.0,7758.0,858.0,0.0,487.0,859.0,4863.0,241.0,0.0,6371.0,5593.0
2021-02-19 20:30:00+00:00,2111.0,6973.0,854.0,0.0,339.0,846.0,4860.0,156.0,0.0,6368.0,5577.0
2021-02-19 21:00:00+00:00,1665.0,6238.0,859.0,0.0,295.0,832.0,4863.0,175.0,0.0,6460.0,5456.0
2021-02-19 21:30:00+00:00,1663.0,5559.0,834.0,0.0,240.0,806.0,4862.0,144.0,0.0,6509.0,5347.0
2021-02-19 22:00:00+00:00,1660.0,4945.0,814.0,0.0,291.0,776.0,4847.0,142.0,0.0,6394.0,5228.0
2021-02-19 22:30:00+00:00,1672.0,4396.0,716.0,0.0,261.0,774.0,4845.0,140.0,0.0,6287.0,5190.0
2021-02-19 23:00:00+00:00,1639.0,4402.0,296.0,0.0,470.0,773.0,4822.0,144.0,0.0,5958.0,4973.0
2021-02-19 23:30:00+00:00,1350.0,4407.0,323.0,0.0,0.0,774.0,4811.0,154.0,0.0,5872.0,5076.0
2021-02-20 00:00:00+00:00,1022.0,4050.0,341.0,0.0,0.0,774.0,4804.0,153.0,0.0,5908.0,4912.0
2021-02-20 00:30:00+00:00,1023.0,4063.0,262.0,0.0,0.0,744.0,4789.0,155.0,2.0,5996.0,5050.0
2021-02-20 01:00:00+00:00,1019.0,3980.0,260.0,0.0,0.0,732.0,4766.0,152.0,1.0,5838.0,4958.0
2021-02-20 01:30:00+00:00,1019.0,3787.0,0.0,0.0,0.0,729.0,4763.0,153.0,0.0,5666.0,5174.0
2021-02-20 02:00:00+00:00,1041.0,4132.0,0.0,0.0,38.0,753.0,4751.0,152.0,0.0,5609.0,5016.0
2021-02-20 02:30:00+00:00,1030.0,4163.0,0.0,0.0,0.0,752.0,4735.0,154.0,0.0,5770.0,5132.0
2021-02-20 03:00:00+00:00,1045.0,4226.0,0.0,0.0,0.0,753.0,4716.0,146.0,0.0,5668.0,4843.0
2021-02-20 03:30:00+00:00,1052.0,4452.0,0.0,0.0,0.0,753.0,4710.0,142.0,0.0,5355.0,4738.0
2021-02-20 04:00:00+00:00,1052.0,4248.0,0.0,0.0,0.0,800.0,4686.0,154.0,0.0,192.0,2246.0
2021-02-20 04:30:00+00:00,1049.0,3842.0,0.0,0.0,109.0,801.0,4669.0,151.0,0.0,5808.0,4519.0
2021-02-20 05:00:00+00:00,1051.0,3547.0,0.0,0.0,149.0,799.0,4655.0,151.0,0.0,5836.0,4458.0
2021-02-20 05:30:00+00:00,1053.0,3527.0,0.0,0.0,155.0,734.0,4641.0,151.0,0.0,5873.0,4448.0
2021-02-20 06:00:00+00:00,1064.0,3824.0,0.0,0.0,161.0,744.0,4626.0,139.0,0.0,5870.0,4379.0
2021-02-20 06:30:00+00:00,1071.0,4163.0,98.0,0.0,338.0,761.0,4600.0,140.0,0.0,5808.0,4461.0
2021-02-20 07:00:00+00:00,1075.0,4020.0,260.0,0.0,342.0,793.0,4583.0,141.0,11.0,5947.0,4339.0
2021-02-20 07:30:00+00:00,1066.0,4240.0,350.0,0.0,0.0,852.0,4584.0,150.0,77.0,5923.0,4763.0
2021-02-20 08:00:00+00:00,1072.0,4525.0,267.0,0.0,0.0,764.0,4553.0,154.0,211.0,5992.0,4829.0
2021-02-20 08:30:00+00:00,1079.0,4959.0,267.0,0.0,118.0,764.0,4545.0,155.0,424.0,6039.0,4741.0
2021-02-20 09:00:00+00:00,1074.0,5625.0,280.0,0.0,317.0,764.0,4525.0,171.0,588.0,5928.0,4610.0
2021-02-20 09:30:00+00:00,1079.0,5999.0,312.0,0.0,354.0,763.0,4517.0,211.0,793.0,6057.0,4781.0
2021-02-20 10:00:00+00:00,1072.0,6100.0,399.0,0.0,59.0,756.0,4339.0,237.0,1120.0,6174.0,5222.0
2021-02-20 10:30:00+00:00,1079.0,6081.0,399.0,0.0,0.0,671.0,4295.0,238.0,1800.0,6147.0,5114.0
2021-02-20 11:00:00+00:00,1077.0,5876.0,400.0,0.0,0.0,672.0,4306.0,221.0,2190.0,6157.0,5557.0
2021-02-20 11:30:00+00:00,1071.0,5730.0,400.0,0.0,0.0,638.0,4299.0,215.0,2040.0,6062.0,5714.0
2021-02-20 12:00:00+00:00,1069.0,5996.0,405.0,0.0,0.0,628.0,4300.0,194.0,1860.0,6190.0,5791.0
2021-02-20 12:30:00+00:00,1072.0,6332.0,400.0,0.0,106.0,626.0,4293.0,194.0,1630.0,6015.0,5817.0
2021-02-20 13:00:00+00:00,1068.0,6806.0,398.0,0.0,297.0,627.0,4297.0,173.0,1610.0,6192.0,5415.0
2021-02-20 13:30:00+00:00,1054.0,6618.0,369.0,0.0,0.0,630.0,4300.0,185.0,1490.0,6198.0,5465.0
2021-02-20 14:00:00+00:00,1058.0,6073.0,353.0,0.0,127.0,660.0,4296.0,148.0,1360.0,6236.0,5473.0
2021-02-20 14:30:00+00:00,1062.0,6451.0,348.0,0.0,0.0,665.0,4301.0,146.0,1150.0,6428.0,5036.0
2021-02-20 15:00:00+00:00,1060.0,6697.0,349.0,0.0,118.0,664.0,4290.0,145.0,1000.0,6465.0,5261.0
2021-02-20 15:30:00+00:00,1053.0,6466.0,347.0,0.0,118.0,678.0,4292.0,144.0,688.0,6464.0,5294.0
2021-02-20 16:00:00+00:00,1053.0,6774.0,346.0,0.0,145.0,704.0,4293.0,145.0,392.0,6441.0,5331.0
2021-02-20 16:30:00+00:00,1059.0,7533.0,347.0,0.0,267.0,705.0,4296.0,163.0,138.0,6431.0,5300.0
2021-02-20 17:00:00+00:00,1071.0,8675.0,398.0,0.0,872.0,686.0,4296.0,189.0,8.0,240.0,3399.0
2021-02-20 17:30:00+00:00,1075.0,9752.0,398.0,0.0,1315.0,681.0,4296.0,320.0,0.0,6397.0,5308.0
2021-02-20 18:00:00+00:00,1082.0,10150.0,398.0,0.0,1626.0,726.0,4297.0,435.0,0.0,6428.0,5409.0
2021-02-20 18:30:00+00:00,1079.0,9863.0,385.0,0.0,1579.0,743.0,4302.0,408.0,0.0,6440.0,5384.0
2021-02-20 19:00:00+00:00,1061.0,9449.0,364.0,0.0,1114.0,693.0,4299.0,359.0,0.0,237.0,3482.0
2021-02-20 19:30:00+00:00,1057.0,9147.0,355.0,0.0,474.0,684.0,4298.0,296.0,0.0,6453.0,5251.0
2021-02-20 20:00:00+00:00,1040.0,8407.0,348.0,0.0,230.0,739.0,4295.0,203.0,0.0,6401.0,5131.0
2021-02-20 20:30:00+00:00,1047.0,7531.0,351.0,0.0,159.0,702.0,4305.0,154.0,0.0,6366.0,5074.0
2021-02-20 21:00:00+00:00,1047.0,7184.0,325.0,0.0,198.0,727.0,4293.0,155.0,0.0,6319.0,4758.0
2021-02-20 21:30:00+00:00,1044.0,6417.0,320.0,0.0,109.0,748.0,4300.0,143.0,0.0,6281.0,4593.0
2021-02-20 22:00:00+00:00,1095.0,6137.0,325.0,0.0,102.0,752.0,4301.0,147.0,0.0,6236.0,4302.0
2021-02-20 22:30:00+00:00,1144.0,5308.0,353.0,0.0,0.0,744.0,4301.0,139.0,0.0,6310.0,4290.0
2021-02-20 23:00:00+00:00,1347.0,4648.0,353.0,0.0,64.0,748.0,4299.0,140.0,0.0,6373.0,4178.0
2021-02-20 23:30:00+00:00,1344.0,4611.0,265.0,0.0,0.0,743.0,4296.0,140.0,0.0,197.0,2777.0
2021-02-21 00:00:00+00:00,1343.0,4889.0,0.0,0.0,0.0,759.0,4301.0,141.0,0.0,6276.0,3984.0
2021-02-21 00:30:00+00:00,1369.0,5073.0,0.0,0.0,36.0,760.0,4298.0,150.0,0.0,6119.0,4035.0
2021-02-21 01:00:00+00:00,1371.0,5209.0,0.0,0.0,88.0,764.0,4294.0,148.0,0.0,6064.0,3854.0
2021-02-21 01:30:00+00:00,1358.0,5010.0,0.0,0.0,0.0,774.0,4299.0,142.0,0.0,5992.0,3736.0
2021-02-21 02:00:00+00:00,1386.0,4874.0,0.0,0.0,0.0,768.0,4294.0,161.0,0.0,5860.0,3671.0
2021-02-21 02:30:00+00:00,1456.0,5102.0,0.0,0.0,0.0,748.0,4288.0,145.0,0.0,5642.0,3504.0
2021-02-21 03:00:00+00:00,1355.0,4956.0,0.0,0.0,0.0,749.0,4300.0,142.0,0.0,5623.0,3438.0
2021-02-21 03:30:00+00:00,1433.0,5013.0,0.0,0.0,0.0,741.0,4297.0,141.0,0.0,5357.0,3407.0
2021-02-21 04:00:00+00:00,1488.0,5200.0,0.0,0.0,0.0,742.0,4296.0,147.0,0.0,5586.0,3333.0
2021-02-21 04:30:00+00:00,1611.0,5554.0,0.0,0.0,0.0,741.0,4303.0,143.0,0.0,5272.0,3362.0
2021-02-21 05:00:00+00:00,1626.0,5616.0,0.0,0.0,0.0,775.0,4297.0,151.0,0.0,5041.0,3306.0
2021-02-21 05:30:00+00:00,1607.0,5746.0,0.0,0.0,0.0,753.0,4298.0,140.0,0.0,4836.0,3349.0
2021-02-21 06:00:00+00:00,1648.0,6059.0,0.0,0.0,0.0,789.0,4298.0,139.0,1.0,4559.0,3277.0
2021-02-21 06:30:00+00:00,1470.0,6381.0,0.0,0.0,0.0,792.0,4301.0,140.0,0.0,4707.0,3345.0
2021-02-21 07:00:00+00:00,1724.0,6181.0,0.0,0.0,0.0,768.0,4298.0,141.0,1.0,4250.0,3174.0
2021-02-21 07:30:00+00:00,1766.0,6288.0,0.0,0.0,0.0,768.0,4303.0,142.0,59.0,4395.0,3169.0
2021-02-21 08:00:00+00:00,1812.0,6834.0,0.0,0.0,146.0,772.0,4302.0,156.0,243.0,3881.0,3079.0
2021-02-21 08:30:00+00:00,1841.0,7699.0,0.0,0.0,286.0,758.0,4303.0,162.0,518.0,3768.0,3220.0
2021-02-21 09:00:00+00:00,2002.0,8402.0,0.0,0.0,149.0,759.0,4305.0,309.0,816.0,3684.0,3106.0
2021-02-21 09:30:00+00:00,2227.0,9015.0,0.0,0.0,691.0,764.0,4303.0,253.0,1080.0,3313.0,3115.0
2021-02-21 10:00:00+00:00,2351.0,9348.0,0.0,0.0,809.0,781.0,4305.0,408.0,1390.0,3259.0,3280.0
2021-02-21 10:30:00+00:00,2309.0,10210.0,0.0,0.0,772.0,783.0,4301.0,359.0,1800.0,3052.0,3305.0
2021-02-21 11:00:00+00:00,2327.0,11028.0,2.0,0.0,387.0,760.0,4304.0,269.0,1910.0,3163.0,3431.0
2021-02-21 11:30:00+00:00,2330.0,11870.0,42.0,0.0,297.0,759.0,4307.0,265.0,2250.0,3040.0,3709.0
2021-02-21 12:00:00+00:00,2331.0,12470.0,63.0,0.0,0.0,805.0,4296.0,151.0,2570.0,141.0,2014.0
2021-02-21 12:30:00+00:00,2324.0,12889.0,160.0,0.0,0.0,805.0,4301.0,169.0,2590.0,2422.0,4179.0
2021-02-21 13:00:00+00:00,2306.0,12802.0,232.0,0.0,0.0,799.0,4298.0,217.0,2460.0,2237.0,4064.0
2021-02-21 13:30:00+00:00,2310.0,12893.0,276.0,0.0,0.0,796.0,4301.0,184.0,2270.0,2105.0,3938.0
2021-02-21 14:00:00+00:00,2314.0,12896.0,276.0,0.0,0.0,795.0,4300.0,169.0,1950.0,2161.0,3923.0
2021-02-21 14:30:00+00:00,2313.0,13299.0,279.0,0.0,0.0,793.0,4295.0,145.0,1590.0,2068.0,4023.0
2021-02-21 15:00:00+00:00,2313.0,13757.0,272.0,0.0,102.0,801.0,4298.0,167.0,1300.0,1875.0,3791.0
2021-02-21 15:30:00+00:00,2321.0,14373.0,249.0,0.0,438.0,797.0,4292.0,160.0,928.0,1879.0,3677.0
2021-02-21 16:00:00+00:00,2326.0,15363.0,276.0,0.0,201.0,829.0,4295.0,334.0,522.0,1788.0,3267.0
2021-02-21 16:30:00+00:00,2327.0,16602.0,275.0,0.0,357.0,818.0,4296.0,462.0,215.0,2010.0,3744.0
2021-02-21 17:00:00+00:00,2327.0,17509.0,290.0,0.0,898.0,817.0,4294.0,451.0,26.0,2006.0,3907.0
2021-02-21 17:30:00+00:00,2328.0,18381.0,314.0,0.0,1431.0,798.0,4301.0,482.0,1.0,1949.0,3750.0
2021-02-21 18:00:00+00:00,2331.0,18544.0,297.0,0.0,1823.0,817.0,4296.0,591.0,1.0,2212.0,3755.0
2021-02-21 18:30:00+00:00,2330.0,18085.0,312.0,0.0,1673.0,873.0,4294.0,591.0,0.0,2226.0,3855.0
2021-02-21 19:00:00+00:00,2335.0,17815.0,276.0,0.0,591.0,873.0,4304.0,422.0,0.0,2337.0,3732.0
2021-02-21 19:30:00+00:00,2269.0,16943.0,275.0,0.0,415.0,873.0,4300.0,298.0,1.0,2275.0,3580.0
2021-02-21 20:00:00+00:00,2162.0,16079.0,274.0,0.0,415.0,890.0,4301.0,173.0,0.0,2340.0,3424.0
2021-02-21 20:30:00+00:00,2132.0,14938.0,275.0,0.0,415.0,960.0,4302.0,153.0,0.0,2329.0,3314.0
2021-02-21 21:00:00+00:00,2143.0,14175.0,274.0,0.0,478.0,959.0,4299.0,156.0,0.0,2471.0,3057.0
2021-02-21 21:30:00+00:00,2147.0,12730.0,276.0,0.0,415.0,958.0,4301.0,151.0,0.0,2427.0,2991.0
2021-02-21 22:00:00+00:00,2170.0,11690.0,275.0,0.0,495.0,901.0,4298.0,151.0,0.0,2239.0,2777.0
2021-02-21 22:30:00+00:00,2186.0,10770.0,275.0,0.0,267.0,942.0,4303.0,149.0,0.0,2278.0,2719.0
2021-02-21 23:00:00+00:00,2184.0,10415.0,275.0,0.0,66.0,940.0,4304.0,160.0,0.0,2206.0,2519.0
2021-02-21 23:30:00+00:00,2189.0,9449.0,274.0,0.0,0.0,939.0,4303.0,154.0,0.0,55.0,910.0
2021-02-22 00:00:00+00:00,2205.0,9428.0,364.0,0.0,0.0,941.0,4304.0,154.0,0.0,1772.0,2296.0
2021-02-22 00:30:00+00:00,2248.0,9521.0,376.0,0.0,149.0,940.0,4301.0,164.0,2.0,53.0,838.0
2021-02-22 01:00:00+00:00,2240.0,9837.0,373.0,0.0,149.0,940.0,4302.0,154.0,3.0,1568.0,2143.0
2021-02-22 01:30:00+00:00,2248.0,9506.0,377.0,0.0,204.0,910.0,4296.0,150.0,0.0,1660.0,1990.0
2021-02-22 02:00:00+00:00,2249.0,9436.0,381.0,0.0,0.0,899.0,4303.0,155.0,0.0,1768.0,1824.0
2021-02-22 02:30:00+00:00,2244.0,9406.0,338.0,0.0,0.0,938.0,4296.0,150.0,2.0,1885.0,1765.0
2021-02-22 03:00:00+00:00,2249.0,9326.0,370.0,0.0,0.0,898.0,4302.0,150.0,2.0,1854.0,1707.0
2021-02-22 03:30:00+00:00,2275.0,8631.0,375.0,0.0,0.0,897.0,4298.0,164.0,1.0,2028.0,1739.0
2021-02-22 04:00:00+00:00,2344.0,8586.0,350.0,0.0,0.0,897.0,4300.0,171.0,0.0,1830.0,1683.0
2021-02-22 04:30:00+00:00,2359.0,9200.0,388.0,0.0,99.0,937.0,4297.0,172.0,0.0,1532.0,1652.0
2021-02-22 05:00:00+00:00,2380.0,8955.0,427.0,0.0,114.0,901.0,4301.0,151.0,0.0,1573.0,1589.0
2021-02-22 05:30:00+00:00,2403.0,9133.0,457.0,0.0,0.0,900.0,4302.0,151.0,0.0,1685.0,1614.0
2021-02-22 06:00:00+00:00,2436.0,9959.0,487.0,0.0,0.0,949.0,4300.0,149.0,0.0,1768.0,1622.0
2021-02-22 06:30:00+00:00,2444.0,11784.0,601.0,0.0,0.0,951.0,4296.0,147.0,0.0,2049.0,1641.0
2021-02-22 07:00:00+00:00,2615.0,13654.0,682.0,0.0,0.0,950.0,4305.0,154.0,4.0,2315.0,1711.0
2021-02-22 07:30:00+00:00,2832.0,15261.0,747.0,0.0,0.0,948.0,4303.0,164.0,47.0,2287.0,1817.0
2021-02-22 08:00:00+00:00,2965.0,16592.0,763.0,0.0,0.0,950.0,4300.0,205.0,185.0,2222.0,2018.0
2021-02-22 08:30:00+00:00,2953.0,17471.0,819.0,0.0,426.0,950.0,4298.0,398.0,405.0,2290.0,2143.0
2021-02-22 09:00:00+00:00,2987.0,17851.0,855.0,0.0,382.0,940.0,4300.0,516.0,652.0,2203.0,2217.0
2021-02-22 09:30:00+00:00,2990.0,17648.0,862.0,0.0,286.0,935.0,4296.0,557.0,956.0,2565.0,2213.0
2021-02-22 10:00:00+00:00,2992.0,17926.0,816.0,0.0,267.0,905.0,4295.0,330.0,1360.0,2639.0,2371.0
2021-02-22 10:30:00+00:00,2991.0,17504.0,882.0,0.0,267.0,920.0,4299.0,251.0,1780.0,2520.0,2521.0
2021-02-22 11:00:00+00:00,2979.0,17569.0,918.0,0.0,267.0,916.0,4294.0,161.0,2210.0,2472.0,2748.0
2021-02-22 11:30:00+00:00,2981.0,17081.0,972.0,0.0,110.0,916.0,4293.0,152.0,2810.0,2485.0,2955.0
2021-02-22 12:00:00+00:00,2964.0,16145.0,1138.0,0.0,118.0,883.0,4291.0,165.0,3050.0,2596.0,3405.0
2021-02-22 12:30:00+00:00,2898.0,16000.0,1165.0,0.0,118.0,884.0,4288.0,158.0,3350.0,2418.0,3604.0
2021-02-22 13:00:00+00:00,2893.0,16007.0,1195.0,0.0,118.0,882.0,4294.0,164.0,3520.0,99.0,981.0
2021-02-22 13:30:00+00:00,2887.0,15078.0,1213.0,0.0,118.0,825.0,4289.0,163.0,3600.0,2033.0,3333.0
2021-02-22 14:00:00+00:00,2888.0,15003.0,1361.0,0.0,118.0,824.0,4294.0,160.0,3430.0,1903.0,3420.0
2021-02-22 14:30:00+00:00,2870.0,14966.0,1568.0,0.0,118.0,761.0,4294.0,157.0,3170.0,1639.0,3201.0
2021-02-22 15:00:00+00:00,2794.0,16341.0,1679.0,0.0,219.0,759.0,4292.0,145.0,2620.0,1522.0,3086.0
2021-02-22 15:30:00+00:00,2796.0,16797.0,1703.0,0.0,238.0,812.0,4296.0,151.0,2090.0,1358.0,3032.0
2021-02-22 16:00:00+00:00,2803.0,17038.0,1653.0,0.0,564.0,888.0,4285.0,223.0,1410.0,1190.0,2981.0
2021-02-22 16:30:00+00:00,2795.0,17781.0,1657.0,0.0,238.0,893.0,4292.0,314.0,609.0,1117.0,2940.0
2021-02-22 17:00:00+00:00,2796.0,18259.0,1797.0,0.0,762.0,896.0,4291.0,341.0,65.0,1167.0,3132.0
2021-02-22 17:30:00+00:00,2800.0,18539.0,1974.0,0.0,901.0,905.0,4296.0,487.0,3.0,1595.0,3237.0
2021-02-22 18:00:00+00:00,2881.0,18835.0,1966.0,0.0,1298.0,906.0,4292.0,512.0,0.0,1806.0,3297.0
2021-02-22 18:30:00+00:00,2878.0,18476.0,1816.0,0.0,1079.0,906.0,4299.0,521.0,3.0,2084.0,3406.0
2021-02-22 19:00:00+00:00,2873.0,18377.0,1372.0,0.0,590.0,772.0,4290.0,428.0,0.0,62.0,1187.0
2021-02-22 19:30:00+00:00,2878.0,17110.0,1396.0,0.0,238.0,774.0,4295.0,257.0,0.0,62.0,1187.0
2021-02-22 20:00:00+00:00,2877.0,16511.0,1105.0,0.0,283.0,774.0,4295.0,179.0,0.0,1693.0,4147.0
2021-02-22 20:30:00+00:00,2871.0,15051.0,927.0,0.0,223.0,786.0,4295.0,149.0,1.0,1688.0,4245.0
2021-02-22 21:00:00+00:00,2871.0,13916.0,865.0,0.0,328.0,786.0,4290.0,148.0,0.0,1518.0,3889.0
2021-02-22 21:30:00+00:00,2870.0,12896.0,805.0,0.0,50.0,786.0,4292.0,140.0,0.0,1428.0,4123.0
2021-02-22 22:00:00+00:00,2871.0,10481.0,813.0,0.0,0.0,786.0,4299.0,148.0,0.0,1522.0,4174.0
2021-02-22 22:30:00+00:00,2875.0,8690.0,794.0,0.0,0.0,825.0,4296.0,140.0,0.0,1797.0,3839.0
2021-02-22 23:00:00+00:00,2872.0,7952.0,330.0,0.0,312.0,827.0,4292.0,153.0,0.0,1988.0,3662.0
2021-02-22 23:30:00+00:00,2870.0,6939.0,333.0,0.0,0.0,785.0,4299.0,146.0,0.0,2061.0,3597.0
2021-02-23 00:00:00+00:00,2869.0,6856.0,330.0,0.0,107.0,723.0,4293.0,141.0,0.0,2412.0,3793.0
2021-02-23 00:30:00+00:00,2870.0,6850.0,332.0,0.0,150.0,724.0,4295.0,144.0,2.0,2529.0,3867.0
2021-02-23 01:00:00+00:00,2873.0,7023.0,324.0,0.0,0.0,706.0,4293.0,140.0,2.0,2728.0,4079.0
2021-02-23 01:30:00+00:00,2874.0,6247.0,334.0,0.0,0.0,707.0,4294.0,139.0,2.0,3052.0,4031.0
2021-02-23 02:00:00+00:00,2871.0,6317.0,336.0,0.0,117.0,690.0,4296.0,149.0,1.0,3050.0,4200.0
2021-02-23 02:30:00+00:00,2864.0,6403.0,322.0,0.0,0.0,690.0,4295.0,143.0,0.0,3209.0,4149.0
2021-02-23 03:00:00+00:00,2869.0,6961.0,327.0,0.0,0.0,690.0,4293.0,155.0,2.0,3326.0,4245.0
2021-02-23 03:30:00+00:00,2898.0,7017.0,326.0,0.0,0.0,690.0,4288.0,152.0,0.0,3268.0,4392.0
2021-02-23 04:00:00+00:00,2902.0,6931.0,339.0,0.0,0.0,707.0,4290.0,159.0,0.0,3220.0,4367.0
2021-02-23 04:30:00+00:00,2931.0,6849.0,334.0,0.0,0.0,706.0,4296.0,257.0,0.0,3387.0,4150.0
2021-02-23 05:00:00+00:00,2937.0,7163.0,336.0,0.0,0.0,908.0,4296.0,264.0,0.0,3463.0,4308.0
2021-02-23 05:30:00+00:00,2905.0,7378.0,333.0,0.0,281.0,884.0,4290.0,257.0,0.0,3602.0,4108.0
2021-02-23 06:00:00+00:00,2919.0,7252.0,333.0,0.0,109.0,880.0,4295.0,253.0,0.0,3831.0,4423.0
2021-02-23 06:30:00+00:00,2900.0,7592.0,332.0,0.0,0.0,721.0,4296.0,150.0,0.0,4352.0,4613.0
2021-02-23 07:00:00+00:00,2915.0,7040.0,329.0,0.0,207.0,721.0,4290.0,160.0,18.0,4527.0,4847.0
2021-02-23 07:30:00+00:00,2889.0,7835.0,333.0,0.0,0.0,720.0,4293.0,144.0,209.0,4883.0,4715.0
2021-02-23 08:00:00+00:00,2909.0,7934.0,334.0,0.0,119.0,721.0,4293.0,147.0,580.0,133.0,2945.0
2021-02-23 08:30:00+00:00,2904.0,8226.0,331.0,0.0,118.0,721.0,4288.0,147.0,1080.0,5710.0,5112.0
2021-02-23 09:00:00+00:00,2908.0,7820.0,334.0,0.0,118.0,719.0,4292.0,146.0,1750.0,5906.0,5481.0
2021-02-23 09:30:00+00:00,2905.0,7324.0,331.0,0.0,118.0,694.0,4288.0,142.0,2650.0,5907.0,5385.0
2021-02-23 10:00:00+00:00,2873.0,6530.0,331.0,0.0,13.0,674.0,4291.0,144.0,3310.0,5960.0,5712.0
2021-02-23 10:30:00+00:00,2891.0,5855.0,335.0,0.0,0.0,686.0,4293.0,106.0,3470.0,6120.0,5742.0
2021-02-23 11:00:00+00:00,2904.0,6330.0,328.0,0.0,46.0,684.0,4292.0,120.0,3460.0,6126.0,5832.0
2021-02-23 11:30:00+00:00,2897.0,6922.0,334.0,0.0,207.0,683.0,4291.0,111.0,3350.0,6074.0,5738.0
2021-02-23 12:00:00+00:00,2887.0,7911.0,2.0,0.0,118.0,699.0,4297.0,108.0,3360.0,6160.0,6180.0
2021-02-23 12:30:00+00:00,2890.0,8627.0,0.0,0.0,118.0,698.0,4294.0,113.0,3100.0,6163.0,6168.0
2021-02-23 13:00:00+00:00,2891.0,7873.0,0.0,0.0,207.0,694.0,4285.0,137.0,2750.0,6155.0,6284.0
2021-02-23 13:30:00+00:00,2881.0,7898.0,0.0,0.0,0.0,693.0,4295.0,115.0,2410.0,6148.0,6314.0
2021-02-23 14:00:00+00:00,2881.0,7473.0,0.0,0.0,0.0,695.0,4297.0,109.0,2090.0,6183.0,6438.0
2021-02-23 14:30:00+00:00,2808.0,7241.0,0.0,0.0,0.0,694.0,4295.0,107.0,1610.0,6267.0,6320.0
2021-02-23 15:00:00+00:00,2819.0,7004.0,0.0,0.0,0.0,709.0,4297.0,111.0,1260.0,232.0,3759.0
2021-02-23 15:30:00+00:00,2822.0,7561.0,0.0,0.0,83.0,707.0,4299.0,125.0,841.0,6319.0,6192.0
2021-02-23 16:00:00+00:00,2832.0,8422.0,0.0,0.0,0.0,739.0,4297.0,163.0,463.0,6308.0,6159.0
2021-02-23 16:30:00+00:00,2812.0,9765.0,0.0,0.0,0.0,746.0,4299.0,252.0,194.0,6316.0,6002.0
2021-02-23 17:00:00+00:00,2810.0,10545.0,0.0,0.0,325.0,741.0,4295.0,277.0,29.0,6308.0,5734.0
2021-02-23 17:30:00+00:00,2798.0,11345.0,0.0,0.0,1018.0,719.0,4300.0,297.0,2.0,6299.0,5730.0
2021-02-23 18:00:00+00:00,2776.0,12213.0,0.0,0.0,1299.0,728.0,4303.0,316.0,2.0,6327.0,5559.0
2021-02-23 18:30:00+00:00,2787.0,11973.0,0.0,0.0,1152.0,729.0,4300.0,277.0,0.0,6326.0,5477.0
2021-02-23 19:00:00+00:00,2758.0,11367.0,0.0,0.0,412.0,725.0,4309.0,268.0,2.0,6355.0,5402.0
2021-02-23 19:30:00+00:00,2815.0,10119.0,0.0,0.0,369.0,727.0,4301.0,142.0,0.0,6323.0,5465.0
2021-02-23 20:00:00+00:00,2822.0,9101.0,0.0,0.0,294.0,690.0,4301.0,123.0,1.0,6259.0,5597.0
2021-02-23 20:30:00+00:00,2794.0,7781.0,0.0,0.0,189.0,687.0,4306.0,112.0,1.0,6074.0,5818.0
2021-02-23 21:00:00+00:00,2772.0,7229.0,0.0,0.0,218.0,688.0,4304.0,128.0,1.0,232.0,3514.0
2021-02-23 21:30:00+00:00,2770.0,5732.0,0.0,0.0,47.0,632.0,4312.0,135.0,0.0,6052.0,5844.0
2021-02-23 22:00:00+00:00,2697.0,5453.0,0.0,0.0,250.0,617.0,4303.0,112.0,0.0,230.0,3510.0
2021-02-23 22:30:00+00:00,2726.0,4635.0,0.0,0.0,300.0,650.0,4308.0,99.0,0.0,6008.0,5621.0
2021-02-23 23:00:00+00:00,2640.0,4894.0,0.0,0.0,279.0,692.0,4307.0,121.0,0.0,6012.0,5464.0
2021-02-23 23:30:00+00:00,2753.0,4288.0,0.0,0.0,122.0,689.0,4306.0,101.0,0.0,6061.0,5438.0
2021-02-24 00:00:00+00:00,2759.0,4428.0,0.0,0.0,0.0,691.0,4308.0,133.0,0.0,5987.0,5487.0
2021-02-24 00:30:00+00:00,2759.0,5098.0,0.0,0.0,0.0,665.0,4310.0,100.0,2.0,5971.0,5508.0
2021-02-24 01:00:00+00:00,2759.0,5066.0,0.0,0.0,0.0,652.0,4306.0,123.0,2.0,5952.0,5502.0
2021-02-24 01:30:00+00:00,2764.0,4675.0,0.0,0.0,0.0,629.0,4304.0,105.0,1.0,5884.0,5548.0
2021-02-24 02:00:00+00:00,2849.0,4588.0,0.0,0.0,0.0,647.0,4310.0,101.0,0.0,5883.0,5567.0
2021-02-24 02:30:00+00:00,2869.0,4962.0,0.0,0.0,0.0,647.0,4298.0,140.0,0.0,5904.0,5335.0
2021-02-24 03:00:00+00:00,2871.0,4664.0,0.0,0.0,0.0,639.0,4304.0,117.0,0.0,5765.0,5319.0
2021-02-24 03:30:00+00:00,2874.0,4248.0,0.0,0.0,0.0,640.0,4304.0,100.0,0.0,5714.0,5363.0
2021-02-24 04:00:00+00:00,2892.0,4345.0,0.0,0.0,0.0,644.0,4305.0,138.0,0.0,5797.0,5187.0
2021-02-24 04:30:00+00:00,2901.0,4736.0,0.0,0.0,0.0,660.0,4312.0,125.0,0.0,5719.0,5176.0
2021-02-24 05:00:00+00:00,2906.0,4712.0,0.0,0.0,0.0,660.0,4307.0,123.0,0.0,5725.0,5145.0
2021-02-24 05:30:00+00:00,2916.0,4882.0,0.0,0.0,0.0,660.0,4311.0,100.0,0.0,5787.0,5258.0
2021-02-24 06:00:00+00:00,2913.0,4607.0,0.0,0.0,0.0,668.0,4310.0,100.0,0.0,5810.0,5139.0
2021-02-24 06:30:00+00:00,2905.0,5203.0,0.0,0.0,0.0,672.0,4311.0,100.0,0.0,5932.0,5134.0
2021-02-24 07:00:00+00:00,2922.0,5585.0,0.0,0.0,449.0,667.0,4304.0,103.0,8.0,6018.0,5005.0
2021-02-24 07:30:00+00:00,2924.0,7010.0,0.0,0.0,0.0,668.0,4314.0,103.0,140.0,5918.0,5101.0
2021-02-24 08:00:00+00:00,2913.0,8149.0,0.0,0.0,0.0,666.0,4310.0,181.0,449.0,5726.0,5175.0
2021-02-24 08:30:00+00:00,2921.0,8744.0,0.0,0.0,0.0,669.0,4311.0,102.0,980.0,5688.0,5381.0
2021-02-24 09:00:00+00:00,2932.0,8413.0,0.0,0.0,0.0,669.0,4311.0,104.0,1400.0,5852.0,5551.0
2021-02-24 09:30:00+00:00,2930.0,7938.0,0.0,0.0,0.0,670.0,4307.0,109.0,1670.0,5794.0,5570.0
2021-02-24 10:00:00+00:00,2931.0,8130.0,0.0,0.0,0.0,674.0,4310.0,104.0,1940.0,5576.0,5762.0
2021-02-24 10:30:00+00:00,2930.0,8305.0,0.0,0.0,0.0,685.0,4307.0,104.0,2210.0,184.0,2901.0
2021-02-24 11:00:00+00:00,2920.0,8237.0,0.0,0.0,0.0,687.0,4311.0,104.0,2270.0,5425.0,5925.0
2021-02-24 11:30:00+00:00,2854.0,8434.0,0.0,0.0,0.0,689.0,4317.0,104.0,2400.0,5352.0,6028.0
2021-02-24 12:00:00+00:00,2864.0,8688.0,0.0,0.0,100.0,695.0,4308.0,105.0,2410.0,5338.0,5954.0
2021-02-24 12:30:00+00:00,2878.0,9124.0,0.0,0.0,149.0,694.0,4314.0,105.0,2100.0,5297.0,5716.0
2021-02-24 13:00:00+00:00,2887.0,9245.0,0.0,0.0,188.0,696.0,4316.0,141.0,2020.0,5273.0,5666.0
2021-02-24 13:30:00+00:00,2882.0,9250.0,0.0,0.0,149.0,695.0,4309.0,141.0,1870.0,5266.0,5762.0
2021-02-24 14:00:00+00:00,2886.0,9108.0,0.0,0.0,149.0,693.0,4316.0,147.0,1570.0,5327.0,5716.0
2021-02-24 14:30:00+00:00,2887.0,9241.0,0.0,0.0,149.0,665.0,4307.0,113.0,1260.0,5338.0,5528.0
2021-02-24 15:00:00+00:00,2885.0,9838.0,0.0,0.0,149.0,665.0,4310.0,114.0,1080.0,5311.0,5297.0
2021-02-24 15:30:00+00:00,2888.0,10153.0,0.0,0.0,149.0,665.0,4318.0,119.0,725.0,5312.0,5416.0
2021-02-24 16:00:00+00:00,2884.0,11101.0,0.0,0.0,149.0,864.0,4311.0,241.0,419.0,5318.0,5318.0
2021-02-24 16:30:00+00:00,2914.0,12105.0,0.0,0.0,35.0,866.0,4308.0,210.0,158.0,5239.0,5392.0
2021-02-24 17:00:00+00:00,2911.0,12794.0,0.0,0.0,1000.0,874.0,4309.0,249.0,21.0,5061.0,5210.0
2021-02-24 17:30:00+00:00,2909.0,13994.0,0.0,0.0,1433.0,911.0,4315.0,395.0,0.0,5055.0,4978.0
2021-02-24 18:00:00+00:00,2909.0,14610.0,0.0,0.0,1525.0,928.0,4309.0,428.0,0.0,5132.0,5114.0
2021-02-24 18:30:00+00:00,2911.0,14086.0,0.0,0.0,1387.0,897.0,4314.0,436.0,0.0,5318.0,5032.0
2021-02-24 19:00:00+00:00,2919.0,13687.0,0.0,0.0,1054.0,896.0,4305.0,222.0,0.0,5386.0,4823.0
2021-02-24 19:30:00+00:00,2912.0,13282.0,0.0,0.0,100.0,726.0,4308.0,159.0,0.0,5404.0,4815.0
2021-02-24 20:00:00+00:00,2906.0,11935.0,0.0,0.0,0.0,717.0,4311.0,147.0,0.0,5364.0,4634.0
2021-02-24 20:30:00+00:00,2894.0,10271.0,0.0,0.0,0.0,713.0,4310.0,118.0,0.0,5209.0,4455.0
2021-02-24 21:00:00+00:00,2898.0,9438.0,0.0,0.0,0.0,712.0,4313.0,125.0,0.0,5370.0,4206.0
2021-02-24 21:30:00+00:00,2917.0,7537.0,0.0,0.0,2.0,713.0,4317.0,134.0,0.0,5559.0,4292.0
2021-02-24 22:00:00+00:00,2915.0,6599.0,0.0,0.0,301.0,712.0,4316.0,130.0,0.0,5675.0,4237.0
2021-02-24 22:30:00+00:00,2906.0,5811.0,0.0,0.0,0.0,671.0,4312.0,112.0,0.0,5603.0,4263.0
2021-02-24 23:00:00+00:00,2914.0,4798.0,0.0,0.0,0.0,670.0,4317.0,112.0,0.0,5626.0,4284.0
2021-02-24 23:30:00+00:00,2398.0,4045.0,0.0,0.0,0.0,660.0,4317.0,113.0,0.0,5822.0,4561.0
2021-02-25 00:00:00+00:00,2225.0,3744.0,0.0,0.0,0.0,643.0,4316.0,129.0,0.0,5889.0,4191.0
2021-02-25 00:30:00+00:00,2254.0,3662.0,0.0,0.0,52.0,643.0,4311.0,121.0,0.0,5797.0,4383.0
2021-02-25 01:00:00+00:00,2736.0,3131.0,0.0,0.0,0.0,628.0,4317.0,114.0,0.0,5711.0,4318.0
2021-02-25 01:30:00+00:00,2712.0,2931.0,0.0,0.0,0.0,623.0,4313.0,100.0,2.0,5582.0,4533.0
2021-02-25 02:00:00+00:00,2695.0,2912.0,0.0,0.0,0.0,623.0,4312.0,102.0,2.0,5476.0,4426.0
2021-02-25 02:30:00+00:00,2659.0,2890.0,0.0,0.0,0.0,622.0,4316.0,100.0,1.0,5465.0,4452.0
2021-02-25 03:00:00+00:00,2639.0,2979.0,0.0,0.0,0.0,623.0,4311.0,116.0,0.0,5324.0,4420.0
2021-02-25 03:30:00+00:00,2752.0,3242.0,0.0,0.0,0.0,621.0,4306.0,109.0,1.0,5112.0,4360.0
2021-02-25 04:00:00+00:00,2917.0,3682.0,27.0,0.0,0.0,607.0,4310.0,111.0,2.0,4706.0,4437.0
2021-02-25 04:30:00+00:00,2962.0,4109.0,97.0,0.0,0.0,607.0,4310.0,114.0,0.0,4194.0,4389.0
2021-02-25 05:00:00+00:00,2969.0,4156.0,157.0,0.0,0.0,620.0,4312.0,115.0,0.0,4150.0,4107.0
2021-02-25 05:30:00+00:00,2967.0,5041.0,213.0,0.0,162.0,620.0,4309.0,120.0,1.0,3984.0,3779.0
2021-02-25 06:00:00+00:00,2908.0,5519.0,400.0,0.0,476.0,676.0,4310.0,206.0,0.0,3935.0,3772.0
2021-02-25 06:30:00+00:00,2962.0,7155.0,684.0,0.0,267.0,641.0,4308.0,198.0,0.0,3731.0,4101.0
2021-02-25 07:00:00+00:00,2964.0,9751.0,655.0,0.0,43.0,639.0,4309.0,359.0,12.0,3486.0,4082.0
2021-02-25 07:30:00+00:00,2963.0,12104.0,705.0,0.0,151.0,639.0,4315.0,397.0,180.0,3477.0,4041.0
2021-02-25 08:00:00+00:00,2965.0,12858.0,701.0,0.0,9.0,657.0,4309.0,383.0,587.0,3311.0,4202.0
2021-02-25 08:30:00+00:00,2955.0,13262.0,701.0,0.0,0.0,631.0,4311.0,379.0,1080.0,3314.0,4631.0
2021-02-25 09:00:00+00:00,2911.0,13452.0,701.0,0.0,151.0,649.0,4311.0,379.0,1550.0,2891.0,4722.0
2021-02-25 09:30:00+00:00,2908.0,13535.0,701.0,0.0,0.0,645.0,4307.0,358.0,2140.0,2597.0,4908.0
2021-02-25 10:00:00+00:00,2965.0,13049.0,651.0,0.0,0.0,670.0,4312.0,355.0,2610.0,2379.0,5121.0
2021-02-25 10:30:00+00:00,2943.0,13055.0,670.0,0.0,0.0,666.0,4312.0,376.0,3240.0,2295.0,4889.0
2021-02-25 11:00:00+00:00,2959.0,12641.0,708.0,0.0,172.0,670.0,4305.0,149.0,3680.0,2426.0,4754.0
2021-02-25 11:30:00+00:00,2917.0,12418.0,820.0,0.0,0.0,668.0,4308.0,129.0,4050.0,2394.0,4907.0
2021-02-25 12:00:00+00:00,2911.0,12185.0,870.0,0.0,0.0,668.0,4314.0,116.0,4160.0,2382.0,4977.0
2021-02-25 12:30:00+00:00,2937.0,11834.0,901.0,0.0,0.0,654.0,4308.0,119.0,4180.0,2390.0,4948.0
2021-02-25 13:00:00+00:00,2935.0,11625.0,931.0,0.0,0.0,655.0,4311.0,114.0,4130.0,2240.0,4923.0
2021-02-25 13:30:00+00:00,2937.0,11802.0,1010.0,0.0,0.0,654.0,4314.0,113.0,3970.0,2228.0,4442.0
2021-02-25 14:00:00+00:00,2905.0,12116.0,1035.0,0.0,139.0,653.0,4309.0,116.0,3830.0,2244.0,4455.0
2021-02-25 14:30:00+00:00,2936.0,12705.0,1022.0,0.0,0.0,662.0,4311.0,114.0,3450.0,2144.0,4365.0
2021-02-25 15:00:00+00:00,2913.0,13345.0,1022.0,0.0,0.0,675.0,4312.0,113.0,2880.0,2107.0,4531.0
2021-02-25 15:30:00+00:00,2938.0,14193.0,1025.0,0.0,0.0,676.0,4316.0,119.0,2220.0,1893.0,4687.0
2021-02-25 16:00:00+00:00,2949.0,15438.0,1097.0,0.0,0.0,676.0,4319.0,186.0,1570.0,1916.0,4302.0
2021-02-25 16:30:00+00:00,2870.0,16853.0,1102.0,0.0,0.0,677.0,4303.0,233.0,861.0,1878.0,4550.0
2021-02-25 17:00:00+00:00,2749.0,18186.0,1102.0,0.0,127.0,786.0,4308.0,260.0,220.0,1803.0,4091.0
2021-02-25 17:30:00+00:00,2844.0,18977.0,976.0,0.0,449.0,861.0,4312.0,381.0,12.0,1836.0,4001.0
2021-02-25 18:00:00+00:00,2890.0,19717.0,927.0,0.0,1016.0,898.0,4312.0,451.0,2.0,1853.0,3745.0
2021-02-25 18:30:00+00:00,2913.0,19581.0,1092.0,0.0,1286.0,904.0,4308.0,447.0,0.0,1798.0,3596.0
2021-02-25 19:00:00+00:00,2951.0,19333.0,1101.0,0.0,676.0,904.0,4314.0,378.0,0.0,1930.0,3324.0
2021-02-25 19:30:00+00:00,2280.0,18857.0,1102.0,0.0,785.0,903.0,4305.0,238.0,0.0,2017.0,3385.0
2021-02-25 20:00:00+00:00,2295.0,18464.0,1102.0,0.0,0.0,894.0,4310.0,131.0,1.0,2211.0,3335.0
2021-02-25 20:30:00+00:00,2296.0,16492.0,1101.0,0.0,94.0,873.0,4301.0,148.0,0.0,2573.0,3441.0
2021-02-25 21:00:00+00:00,2313.0,15448.0,1103.0,0.0,0.0,857.0,4309.0,110.0,0.0,2871.0,3365.0
2021-02-25 21:30:00+00:00,2325.0,13287.0,1101.0,0.0,0.0,707.0,4308.0,120.0,0.0,3039.0,3272.0
2021-02-25 22:00:00+00:00,2296.0,12046.0,1008.0,0.0,252.0,667.0,4309.0,112.0,0.0,2963.0,3159.0
2021-02-25 22:30:00+00:00,2022.0,11532.0,460.0,0.0,0.0,701.0,4309.0,112.0,0.0,2836.0,3152.0
2021-02-25 23:00:00+00:00,1951.0,10823.0,2.0,0.0,83.0,701.0,4311.0,118.0,1.0,2749.0,3099.0
2021-02-25 23:30:00+00:00,1925.0,9595.0,0.0,0.0,0.0,701.0,4310.0,117.0,0.0,2765.0,3009.0
2021-02-26 00:00:00+00:00,1904.0,9450.0,0.0,0.0,0.0,699.0,4315.0,109.0,0.0,2834.0,2952.0
2021-02-26 00:30:00+00:00,1900.0,9946.0,0.0,0.0,0.0,699.0,4312.0,112.0,0.0,2810.0,2928.0
2021-02-26 01:00:00+00:00,1902.0,9954.0,0.0,0.0,0.0,699.0,4309.0,111.0,0.0,2735.0,2700.0
2021-02-26 01:30:00+00:00,1896.0,9677.0,0.0,0.0,0.0,683.0,4313.0,108.0,0.0,2603.0,2590.0
2021-02-26 02:00:00+00:00,1924.0,9799.0,0.0,0.0,0.0,682.0,4308.0,128.0,0.0,2395.0,2343.0
2021-02-26 02:30:00+00:00,2041.0,9932.0,0.0,0.0,0.0,681.0,4309.0,119.0,0.0,2078.0,2289.0
2021-02-26 03:00:00+00:00,2107.0,9823.0,0.0,0.0,0.0,682.0,4308.0,109.0,0.0,2118.0,2197.0
2021-02-26 03:30:00+00:00,2111.0,9764.0,0.0,0.0,0.0,682.0,4306.0,109.0,0.0,2004.0,2167.0
2021-02-26 04:00:00+00:00,2016.0,9750.0,0.0,0.0,0.0,684.0,4312.0,111.0,0.0,1906.0,2174.0
2021-02-26 04:30:00+00:00,1953.0,9890.0,0.0,0.0,0.0,662.0,4311.0,111.0,0.0,1851.0,2133.0
2021-02-26 05:00:00+00:00,1974.0,9947.0,0.0,0.0,0.0,661.0,4309.0,109.0,0.0,1722.0,2185.0
2021-02-26 05:30:00+00:00,2152.0,10495.0,0.0,0.0,0.0,661.0,4304.0,110.0,0.0,1684.0,2154.0
2021-02-26 06:00:00+00:00,2296.0,12185.0,0.0,0.0,0.0,726.0,4310.0,109.0,0.0,1703.0,2131.0
2021-02-26 06:30:00+00:00,2530.0,14317.0,0.0,0.0,0.0,735.0,4310.0,110.0,1.0,1556.0,2044.0
2021-02-26 07:00:00+00:00,2820.0,15671.0,0.0,0.0,151.0,753.0,4311.0,121.0,118.0,1494.0,2008.0
2021-02-26 07:30:00+00:00,2748.0,17013.0,0.0,0.0,0.0,750.0,4308.0,290.0,785.0,1382.0,1976.0
2021-02-26 08:00:00+00:00,2745.0,17432.0,0.0,0.0,259.0,792.0,4312.0,322.0,1710.0,1231.0,1949.0
2021-02-26 08:30:00+00:00,2813.0,17712.0,0.0,0.0,350.0,866.0,4313.0,331.0,2630.0,1134.0,1887.0
2021-02-26 09:00:00+00:00,2838.0,18076.0,0.0,0.0,75.0,710.0,4312.0,266.0,3520.0,1154.0,1900.0
2021-02-26 09:30:00+00:00,2826.0,17731.0,0.0,0.0,0.0,708.0,4309.0,219.0,4340.0,1190.0,1913.0
2021-02-26 10:00:00+00:00,2832.0,17242.0,0.0,0.0,0.0,697.0,4318.0,119.0,5000.0,1182.0,2005.0
2021-02-26 10:30:00+00:00,2812.0,16475.0,0.0,0.0,0.0,684.0,4315.0,112.0,5680.0,1103.0,2103.0
2021-02-26 11:00:00+00:00,2320.0,15883.0,0.0,0.0,171.0,684.0,4309.0,124.0,6090.0,1035.0,2264.0
2021-02-26 11:30:00+00:00,2188.0,15468.0,0.0,0.0,0.0,687.0,4314.0,112.0,6290.0,990.0,2398.0
2021-02-26 12:00:00+00:00,2176.0,15184.0,0.0,0.0,0.0,663.0,4314.0,113.0,6180.0,1060.0,2638.0
2021-02-26 12:30:00+00:00,2027.0,15055.0,0.0,0.0,0.0,586.0,4318.0,115.0,5980.0,1163.0,2900.0
2021-02-26 13:00:00+00:00,2032.0,14669.0,0.0,0.0,0.0,555.0,4315.0,117.0,5650.0,1115.0,2967.0
2021-02-26 13:30:00+00:00,2026.0,14309.0,0.0,0.0,0.0,561.0,4311.0,112.0,5240.0,1156.0,3042.0
2021-02-26 14:00:00+00:00,2031.0,13909.0,0.0,0.0,0.0,593.0,4315.0,119.0,4710.0,22.0,886.0
2021-02-26 14:30:00+00:00,2023.0,13787.0,0.0,0.0,0.0,533.0,4315.0,112.0,4180.0,1220.0,3140.0
2021-02-26 15:00:00+00:00,2022.0,13952.0,0.0,0.0,0.0,522.0,4313.0,151.0,3540.0,1281.0,2977.0
2021-02-26 15:30:00+00:00,2058.0,14734.0,0.0,0.0,0.0,574.0,4311.0,111.0,2780.0,1231.0,2871.0
2021-02-26 16:00:00+00:00,2390.0,15981.0,0.0,0.0,0.0,676.0,4313.0,205.0,1960.0,1318.0,2778.0
2021-02-26 16:30:00+00:00,2658.0,17576.0,0.0,0.0,0.0,698.0,4315.0,255.0,1090.0,1218.0,2707.0
2021-02-26 17:00:00+00:00,2704.0,18820.0,0.0,0.0,257.0,727.0,4314.0,224.0,301.0,1150.0,2492.0
2021-02-26 17:30:00+00:00,2826.0,19475.0,0.0,0.0,900.0,825.0,4316.0,262.0,13.0,942.0,2454.0
2021-02-26 18:00:00+00:00,2892.0,20837.0,0.0,0.0,1069.0,792.0,4310.0,383.0,2.0,967.0,2617.0
2021-02-26 18:30:00+00:00,2892.0,20920.0,0.0,0.0,1257.0,827.0,4318.0,377.0,3.0,958.0,2789.0
2021-02-26 19:00:00+00:00,2874.0,20685.0,0.0,0.0,811.0,828.0,4317.0,266.0,0.0,984.0,2800.0
2021-02-26 19:30:00+00:00,2882.0,20110.0,0.0,0.0,301.0,829.0,4318.0,147.0,0.0,931.0,2834.0
2021-02-26 20:00:00+00:00,2888.0,18957.0,0.0,0.0,116.0,782.0,4316.0,147.0,0.0,919.0,2899.0
2021-02-26 20:30:00+00:00,2900.0,18050.0,0.0,0.0,0.0,742.0,4318.0,117.0,0.0,924.0,2720.0
2021-02-26 21:00:00+00:00,2919.0,16959.0,0.0,0.0,0.0,680.0,4316.0,111.0,0.0,726.0,2786.0
2021-02-26 21:30:00+00:00,2914.0,15428.0,0.0,0.0,0.0,634.0,4319.0,131.0,0.0,700.0,2703.0
2021-02-26 22:00:00+00:00,2919.0,14005.0,0.0,0.0,316.0,602.0,4317.0,123.0,0.0,760.0,2706.0
2021-02-26 22:30:00+00:00,2857.0,13109.0,0.0,0.0,0.0,600.0,4316.0,109.0,0.0,764.0,2818.0
2021-02-26 23:00:00+00:00,2859.0,11863.0,0.0,0.0,41.0,589.0,4318.0,123.0,0.0,714.0,2854.0
2021-02-26 23:30:00+00:00,2857.0,11104.0,0.0,0.0,0.0,583.0,4318.0,108.0,0.0,638.0,2881.0
2021-02-27 00:00:00+00:00,2828.0,10997.0,0.0,0.0,90.0,473.0,4322.0,109.0,0.0,619.0,2817.0
2021-02-27 00:30:00+00:00,2827.0,11317.0,0.0,0.0,80.0,472.0,4320.0,117.0,3.0,814.0,2650.0
2021-02-27 01:00:00+00:00,2917.0,11299.0,0.0,0.0,0.0,471.0,4322.0,109.0,1.0,891.0,2668.0
2021-02-27 01:30:00+00:00,2708.0,10835.0,0.0,0.0,0.0,470.0,4321.0,111.0,0.0,908.0,2692.0
2021-02-27 02:00:00+00:00,2672.0,10592.0,0.0,0.0,0.0,458.0,4324.0,110.0,1.0,861.0,2672.0
2021-02-27 02:30:00+00:00,2670.0,10336.0,0.0,0.0,0.0,457.0,4323.0,131.0,0.0,946.0,2535.0
2021-02-27 03:00:00+00:00,2669.0,10504.0,0.0,0.0,0.0,458.0,4323.0,112.0,2.0,1127.0,2412.0
2021-02-27 03:30:00+00:00,2677.0,10420.0,0.0,0.0,0.0,458.0,4327.0,109.0,0.0,1170.0,2276.0
2021-02-27 04:00:00+00:00,2672.0,10099.0,0.0,0.0,0.0,458.0,4325.0,120.0,0.0,1179.0,2153.0
2021-02-27 04:30:00+00:00,2676.0,10135.0,0.0,0.0,0.0,461.0,4328.0,112.0,0.0,1002.0,2131.0
2021-02-27 05:00:00+00:00,2676.0,9957.0,0.0,0.0,0.0,477.0,4322.0,112.0,0.0,951.0,2028.0
2021-02-27 05:30:00+00:00,2673.0,10179.0,0.0,0.0,0.0,475.0,4326.0,108.0,0.0,866.0,2056.0
2021-02-27 06:00:00+00:00,2677.0,10857.0,0.0,0.0,0.0,502.0,4321.0,110.0,0.0,818.0,1899.0
2021-02-27 06:30:00+00:00,2666.0,12348.0,0.0,0.0,0.0,513.0,4319.0,110.0,1.0,724.0,1914.0
2021-02-27 07:00:00+00:00,2271.0,13657.0,0.0,0.0,0.0,525.0,4319.0,112.0,132.0,596.0,1789.0
2021-02-27 07:30:00+00:00,2273.0,14604.0,0.0,0.0,0.0,524.0,4320.0,113.0,730.0,567.0,1698.0
2021-02-27 08:00:00+00:00,2269.0,14954.0,0.0,0.0,0.0,574.0,4316.0,114.0,1590.0,488.0,1503.0
2021-02-27 08:30:00+00:00,2274.0,15474.0,0.0,0.0,0.0,573.0,4319.0,125.0,2430.0,469.0,1471.0
2021-02-27 09:00:00+00:00,2276.0,15728.0,0.0,0.0,0.0,691.0,4323.0,137.0,3270.0,450.0,1315.0
2021-02-27 09:30:00+00:00,2278.0,15813.0,0.0,0.0,0.0,701.0,4320.0,134.0,4070.0,492.0,1319.0
2021-02-27 10:00:00+00:00,2264.0,15232.0,0.0,0.0,0.0,763.0,4323.0,136.0,4760.0,508.0,1312.0
2021-02-27 10:30:00+00:00,2259.0,14912.0,0.0,0.0,0.0,765.0,4319.0,113.0,5410.0,464.0,1202.0
2021-02-27 11:00:00+00:00,2260.0,14303.0,0.0,0.0,0.0,698.0,4324.0,120.0,5940.0,359.0,1228.0
2021-02-27 11:30:00+00:00,2257.0,14112.0,0.0,0.0,0.0,644.0,4318.0,115.0,6170.0,290.0,1178.0
2021-02-27 12:00:00+00:00,2258.0,14013.0,0.0,0.0,0.0,641.0,4313.0,118.0,6210.0,257.0,1183.0
2021-02-27 12:30:00+00:00,2257.0,14262.0,0.0,0.0,0.0,641.0,4312.0,115.0,6060.0,230.0,1149.0
2021-02-27 13:00:00+00:00,2255.0,14139.0,0.0,0.0,0.0,560.0,4322.0,115.0,5760.0,195.0,1120.0
2021-02-27 13:30:00+00:00,1991.0,14284.0,0.0,0.0,0.0,552.0,4336.0,117.0,5450.0,186.0,1039.0
2021-02-27 14:00:00+00:00,1735.0,14044.0,21.0,0.0,0.0,553.0,4320.0,138.0,5110.0,222.0,1068.0
2021-02-27 14:30:00+00:00,1729.0,14059.0,48.0,0.0,0.0,554.0,4311.0,123.0,4490.0,209.0,1014.0
2021-02-27 15:00:00+00:00,1705.0,14709.0,223.0,0.0,0.0,574.0,4309.0,113.0,3830.0,199.0,988.0
2021-02-27 15:30:00+00:00,1705.0,15351.0,282.0,0.0,66.0,581.0,4317.0,112.0,3000.0,237.0,941.0
2021-02-27 16:00:00+00:00,1707.0,16722.0,523.0,0.0,0.0,624.0,4320.0,121.0,2080.0,278.0,900.0
2021-02-27 16:30:00+00:00,2116.0,18253.0,569.0,0.0,0.0,768.0,4319.0,147.0,1140.0,312.0,885.0
2021-02-27 17:00:00+00:00,2256.0,19977.0,598.0,0.0,577.0,783.0,4322.0,225.0,307.0,326.0,836.0
2021-02-27 17:30:00+00:00,2250.0,20557.0,883.0,0.0,626.0,884.0,4322.0,332.0,20.0,259.0,845.0
2021-02-27 18:00:00+00:00,2276.0,21147.0,1180.0,0.0,1579.0,907.0,4317.0,514.0,2.0,212.0,848.0
2021-02-27 18:30:00+00:00,2272.0,21394.0,1294.0,0.0,1723.0,941.0,4322.0,516.0,3.0,202.0,883.0
2021-02-27 19:00:00+00:00,2283.0,21422.0,1288.0,0.0,1322.0,799.0,4318.0,487.0,0.0,274.0,877.0
2021-02-27 19:30:00+00:00,2267.0,20872.0,1281.0,0.0,632.0,782.0,4327.0,389.0,0.0,314.0,892.0
2021-02-27 20:00:00+00:00,2287.0,20947.0,796.0,0.0,39.0,762.0,4320.0,352.0,0.0,20.0,311.0
2021-02-27 20:30:00+00:00,2220.0,20442.0,624.0,0.0,0.0,763.0,4323.0,276.0,0.0,343.0,875.0
2021-02-27 21:00:00+00:00,,,,,,,,,0.0,372.0,899.0
2021-02-27 21:30:00+00:00,2283.0,18729.0,212.0,0.0,0.0,719.0,4320.0,196.0,0.0,418.0,870.0
2021-02-27 22:00:00+00:00,2283.0,17704.0,0.0,0.0,60.0,495.0,4326.0,159.0,0.0,350.0,840.0
2021-02-27 22:30:00+00:00,2160.0,16644.0,0.0,0.0,41.0,563.0,4318.0,128.0,0.0,264.0,805.0
2021-02-27 23:00:00+00:00,1500.0,16269.0,0.0,0.0,0.0,542.0,4322.0,112.0,0.0,273.0,800.0
2021-02-27 23:30:00+00:00,1041.0,15641.0,0.0,0.0,0.0,538.0,4319.0,116.0,0.0,249.0,789.0
2021-02-28 00:00:00+00:00,1057.0,15583.0,0.0,0.0,0.0,536.0,4318.0,127.0,0.0,242.0,851.0
2021-02-28 00:30:00+00:00,1057.0,15831.0,0.0,0.0,0.0,538.0,4326.0,129.0,0.0,246.0,857.0
2021-02-28 01:00:00+00:00,1056.0,15747.0,0.0,0.0,0.0,518.0,4319.0,129.0,0.0,247.0,888.0
2021-02-28 01:30:00+00:00,1054.0,15291.0,0.0,0.0,0.0,517.0,4317.0,114.0,0.0,240.0,890.0
2021-02-28 02:00:00+00:00,1055.0,14954.0,0.0,0.0,0.0,520.0,4320.0,110.0,0.0,284.0,846.0
2021-02-28 02:30:00+00:00,1055.0,14859.0,0.0,0.0,0.0,519.0,4318.0,111.0,0.0,332.0,868.0
2021-02-28 03:00:00+00:00,1057.0,14619.0,0.0,0.0,0.0,508.0,4324.0,113.0,0.0,340.0,898.0
2021-02-28 03:30:00+00:00,1060.0,14589.0,0.0,0.0,0.0,503.0,4322.0,110.0,0.0,330.0,879.0
2021-02-28 04:00:00+00:00,1057.0,13962.0,0.0,0.0,0.0,503.0,4317.0,112.0,1.0,323.0,905.0
2021-02-28 04:30:00+00:00,1058.0,13659.0,0.0,0.0,0.0,400.0,4322.0,112.0,0.0,270.0,922.0
2021-02-28 05:00:00+00:00,1058.0,13662.0,0.0,0.0,0.0,432.0,4320.0,111.0,0.0,238.0,914.0
2021-02-28 05:30:00+00:00,1055.0,14048.0,0.0,0.0,0.0,435.0,4318.0,113.0,0.0,245.0,911.0
2021-02-28 06:00:00+00:00,1060.0,14396.0,0.0,0.0,0.0,446.0,4320.0,110.0,0.0,230.0,925.0
2021-02-28 06:30:00+00:00,1057.0,14960.0,0.0,0.0,0.0,462.0,4318.0,110.0,0.0,211.0,904.0
2021-02-28 07:00:00+00:00,1057.0,14785.0,0.0,0.0,0.0,470.0,4311.0,111.0,93.0,184.0,896.0
2021-02-28 07:30:00+00:00,1058.0,15524.0,0.0,0.0,0.0,468.0,4309.0,112.0,582.0,175.0,796.0
2021-02-28 08:00:00+00:00,1057.0,16073.0,0.0,0.0,0.0,504.0,4298.0,110.0,1280.0,205.0,795.0
2021-02-28 08:30:00+00:00,1058.0,16502.0,0.0,0.0,0.0,510.0,4285.0,142.0,2050.0,224.0,738.0
2021-02-28 09:00:00+00:00,1060.0,16984.0,0.0,0.0,0.0,516.0,4275.0,152.0,2810.0,245.0,704.0
2021-02-28 09:30:00+00:00,1060.0,17248.0,0.0,0.0,94.0,516.0,4266.0,119.0,3590.0,270.0,741.0
2021-02-28 10:00:00+00:00,1060.0,17265.0,0.0,0.0,0.0,615.0,4248.0,113.0,4310.0,302.0,740.0
2021-02-28 10:30:00+00:00,1054.0,16969.0,0.0,0.0,0.0,645.0,4245.0,124.0,5090.0,315.0,750.0
2021-02-28 11:00:00+00:00,1046.0,16554.0,0.0,0.0,0.0,647.0,4216.0,116.0,5660.0,349.0,764.0
2021-02-28 11:30:00+00:00,1073.0,16405.0,0.0,0.0,0.0,642.0,4212.0,114.0,6070.0,341.0,703.0
2021-02-28 12:00:00+00:00,1134.0,16203.0,0.0,0.0,0.0,662.0,4184.0,129.0,6290.0,317.0,747.0
2021-02-28 12:30:00+00:00,1284.0,15865.0,0.0,0.0,0.0,664.0,4172.0,116.0,6330.0,320.0,765.0
2021-02-28 13:00:00+00:00,1584.0,15493.0,0.0,0.0,0.0,654.0,4148.0,123.0,6210.0,341.0,751.0
2021-02-28 13:30:00+00:00,1614.0,15260.0,0.0,0.0,0.0,632.0,4137.0,114.0,5990.0,354.0,739.0
2021-02-28 14:00:00+00:00,1614.0,15001.0,0.0,0.0,0.0,621.0,4132.0,115.0,5500.0,438.0,826.0
2021-02-28 14:30:00+00:00,1615.0,15201.0,0.0,0.0,0.0,621.0,4122.0,114.0,4860.0,501.0,775.0
2021-02-28 15:00:00+00:00,1620.0,16198.0,17.0,0.0,0.0,661.0,4105.0,113.0,4090.0,608.0,781.0
2021-02-28 15:30:00+00:00,1621.0,17229.0,51.0,0.0,0.0,670.0,4102.0,114.0,3210.0,653.0,781.0
2021-02-28 16:00:00+00:00,1634.0,18859.0,366.0,0.0,0.0,709.0,4083.0,119.0,2270.0,726.0,790.0
2021-02-28 16:30:00+00:00,1741.0,19949.0,745.0,0.0,108.0,720.0,4077.0,149.0,1280.0,793.0,788.0
2021-02-28 17:00:00+00:00,1968.0,20419.0,1170.0,0.0,995.0,850.0,4071.0,317.0,370.0,943.0,772.0
2021-02-28 17:30:00+00:00,1998.0,21569.0,1224.0,0.0,1167.0,967.0,4058.0,483.0,20.0,1149.0,766.0
2021-02-28 18:00:00+00:00,2002.0,22019.0,1180.0,0.0,1381.0,966.0,4054.0,517.0,2.0,1251.0,807.0
2021-02-28 18:30:00+00:00,1998.0,22185.0,1178.0,0.0,1301.0,967.0,4044.0,440.0,1.0,1334.0,836.0
2021-02-28 19:00:00+00:00,2000.0,22067.0,986.0,0.0,700.0,968.0,4042.0,453.0,1.0,1400.0,862.0
2021-02-28 19:30:00+00:00,2017.0,21829.0,788.0,0.0,279.0,849.0,4023.0,339.0,0.0,1501.0,849.0
2021-02-28 20:00:00+00:00,2013.0,21339.0,803.0,0.0,0.0,664.0,4008.0,207.0,0.0,1580.0,899.0
2021-02-28 20:30:00+00:00,1991.0,20197.0,568.0,0.0,0.0,622.0,3987.0,156.0,0.0,1690.0,853.0
2021-02-28 21:00:00+00:00,1995.0,18867.0,557.0,0.0,0.0,585.0,3967.0,118.0,0.0,1785.0,878.0
2021-02-28 21:30:00+00:00,1669.0,17750.0,246.0,0.0,151.0,533.0,3954.0,130.0,0.0,1757.0,900.0
2021-02-28 22:00:00+00:00,1690.0,16478.0,230.0,0.0,0.0,448.0,3950.0,115.0,0.0,1664.0,888.0
2021-02-28 22:30:00+00:00,1639.0,15249.0,0.0,0.0,239.0,468.0,3934.0,111.0,0.0,1495.0,888.0
2021-02-28 23:00:00+00:00,1699.0,14666.0,0.0,0.0,0.0,462.0,3919.0,110.0,0.0,1235.0,931.0
2021-02-28 23:30:00+00:00,1702.0,14213.0,0.0,0.0,0.0,457.0,3906.0,112.0,0.0,1024.0,906.0
2021-03-01 00:00:00+00:00,1679.0,14321.0,0.0,0.0,0.0,411.0,3908.0,113.0,0.0,919.0,940.0
2021-03-01 00:30:00+00:00,1684.0,14637.0,0.0,0.0,0.0,404.0,3904.0,109.0,1.0,912.0,956.0
2021-03-01 01:00:00+00:00,1687.0,14878.0,0.0,0.0,0.0,404.0,3906.0,110.0,1.0,838.0,939.0
2021-03-01 01:30:00+00:00,1686.0,14574.0,0.0,0.0,0.0,402.0,3906.0,109.0,1.0,832.0,931.0
2021-03-01 02:00:00+00:00,1684.0,14307.0,0.0,0.0,0.0,403.0,3903.0,111.0,1.0,821.0,872.0
2021-03-01 02:30:00+00:00,1687.0,13991.0,1.0,0.0,0.0,403.0,3904.0,112.0,0.0,869.0,853.0
2021-03-01 03:00:00+00:00,1686.0,13764.0,25.0,0.0,0.0,385.0,3768.0,123.0,1.0,872.0,821.0
2021-03-01 03:30:00+00:00,1688.0,13561.0,50.0,0.0,0.0,383.0,3732.0,121.0,0.0,830.0,796.0
2021-03-01 04:00:00+00:00,1688.0,13891.0,74.0,0.0,0.0,383.0,3737.0,124.0,0.0,826.0,791.0
2021-03-01 04:30:00+00:00,1823.0,13937.0,98.0,0.0,0.0,383.0,3737.0,111.0,0.0,842.0,771.0
2021-03-01 05:00:00+00:00,1994.0,14857.0,122.0,0.0,212.0,378.0,3734.0,111.0,0.0,892.0,788.0
2021-03-01 05:30:00+00:00,2097.0,15609.0,230.0,0.0,148.0,374.0,3734.0,109.0,0.0,946.0,792.0
2021-03-01 06:00:00+00:00,2253.0,16607.0,436.0,0.0,0.0,445.0,3739.0,240.0,0.0,1041.0,807.0
2021-03-01 06:30:00+00:00,2618.0,18246.0,400.0,0.0,0.0,448.0,3751.0,234.0,0.0,1143.0,825.0
2021-03-01 07:00:00+00:00,2845.0,20486.0,358.0,0.0,168.0,478.0,3755.0,185.0,34.0,1110.0,834.0
2021-03-01 07:30:00+00:00,2956.0,21530.0,543.0,0.0,469.0,627.0,3763.0,361.0,252.0,1051.0,841.0
2021-03-01 08:00:00+00:00,2977.0,21478.0,1082.0,0.0,501.0,647.0,3767.0,315.0,631.0,988.0,884.0
2021-03-01 08:30:00+00:00,2983.0,21645.0,1476.0,0.0,926.0,645.0,3769.0,224.0,1020.0,918.0,876.0
2021-03-01 09:00:00+00:00,2976.0,21580.0,1785.0,0.0,653.0,690.0,3773.0,357.0,1430.0,860.0,857.0
2021-03-01 09:30:00+00:00,2973.0,21641.0,1922.0,0.0,438.0,672.0,3776.0,334.0,1870.0,874.0,839.0
2021-03-01 10:00:00+00:00,2969.0,21656.0,1907.0,0.0,475.0,653.0,3788.0,324.0,2430.0,838.0,815.0
2021-03-01 10:30:00+00:00,2941.0,21688.0,1944.0,0.0,465.0,600.0,3789.0,265.0,2970.0,781.0,682.0
2021-03-01 11:00:00+00:00,2972.0,21531.0,1950.0,0.0,390.0,460.0,3801.0,210.0,3550.0,724.0,848.0
2021-03-01 11:30:00+00:00,2981.0,21402.0,1990.0,0.0,156.0,417.0,3806.0,220.0,4080.0,864.0,865.0
2021-03-01 12:00:00+00:00,2983.0,21445.0,1985.0,0.0,185.0,415.0,3807.0,150.0,4520.0,959.0,883.0
2021-03-01 12:30:00+00:00,2980.0,21431.0,2011.0,0.0,170.0,420.0,3804.0,158.0,4800.0,1026.0,864.0
2021-03-01 13:00:00+00:00,2978.0,21135.0,1924.0,0.0,0.0,470.0,3804.0,152.0,4830.0,1082.0,832.0
2021-03-01 13:30:00+00:00,2979.0,20325.0,1689.0,0.0,42.0,376.0,3810.0,128.0,4640.0,1142.0,829.0
2021-03-01 14:00:00+00:00,2973.0,19989.0,1910.0,0.0,0.0,322.0,3811.0,115.0,4340.0,1155.0,844.0
2021-03-01 14:30:00+00:00,2965.0,19807.0,2116.0,0.0,0.0,324.0,3812.0,110.0,3770.0,1212.0,846.0
2021-03-01 15:00:00+00:00,2975.0,20120.0,2217.0,0.0,51.0,455.0,3809.0,125.0,3130.0,1270.0,869.0
2021-03-01 15:30:00+00:00,2967.0,20789.0,1933.0,0.0,0.0,493.0,3816.0,111.0,2360.0,1292.0,882.0
2021-03-01 16:00:00+00:00,2964.0,21257.0,1988.0,0.0,0.0,572.0,3814.0,155.0,1580.0,1317.0,896.0
2021-03-01 16:30:00+00:00,2979.0,21856.0,2379.0,0.0,268.0,685.0,3809.0,192.0,851.0,1353.0,905.0
2021-03-01 17:00:00+00:00,2979.0,21953.0,2704.0,0.0,623.0,748.0,3812.0,409.0,255.0,1431.0,850.0
2021-03-01 17:30:00+00:00,2968.0,21921.0,2726.0,0.0,1071.0,746.0,3813.0,473.0,15.0,1530.0,1783.0
2021-03-01 18:00:00+00:00,2985.0,22127.0,2685.0,0.0,1571.0,748.0,3813.0,545.0,0.0,1630.0,996.0
2021-03-01 18:30:00+00:00,2972.0,22792.0,2337.0,0.0,1321.0,746.0,3811.0,542.0,0.0,1516.0,1025.0
2021-03-01 19:00:00+00:00,2927.0,22089.0,2323.0,0.0,1180.0,723.0,3810.0,530.0,0.0,1578.0,1086.0
2021-03-01 19:30:00+00:00,2989.0,21874.0,1780.0,0.0,808.0,710.0,3809.0,510.0,0.0,1682.0,1110.0
2021-03-01 20:00:00+00:00,2976.0,21606.0,1483.0,0.0,948.0,714.0,3810.0,417.0,0.0,1673.0,1055.0
2021-03-01 20:30:00+00:00,2988.0,21778.0,1490.0,0.0,0.0,537.0,3810.0,298.0,0.0,1585.0,1071.0
2021-03-01 21:00:00+00:00,2968.0,20881.0,1277.0,0.0,0.0,392.0,3813.0,147.0,0.0,1619.0,1036.0
2021-03-01 21:30:00+00:00,2975.0,19437.0,798.0,0.0,0.0,374.0,3814.0,128.0,0.0,1575.0,1071.0
2021-03-01 22:00:00+00:00,2979.0,18012.0,500.0,0.0,0.0,322.0,3815.0,132.0,0.0,1537.0,1064.0
2021-03-01 22:30:00+00:00,2956.0,16632.0,232.0,0.0,0.0,338.0,3814.0,109.0,0.0,1540.0,1076.0
2021-03-01 23:00:00+00:00,2935.0,15519.0,231.0,0.0,0.0,337.0,3815.0,107.0,0.0,1496.0,1022.0
2021-03-01 23:30:00+00:00,2957.0,15085.0,230.0,0.0,0.0,338.0,3813.0,122.0,0.0,1401.0,1003.0
2021-03-02 00:00:00+00:00,2959.0,14678.0,231.0,0.0,0.0,338.0,3813.0,121.0,0.0,1241.0,994.0
2021-03-02 00:30:00+00:00,2965.0,14985.0,230.0,0.0,0.0,336.0,3816.0,124.0,1.0,1193.0,998.0
2021-03-02 01:00:00+00:00,2951.0,14985.0,230.0,0.0,0.0,294.0,3812.0,105.0,0.0,1193.0,658.0
2021-03-02 01:30:00+00:00,2951.0,14393.0,231.0,0.0,0.0,294.0,3818.0,108.0,1.0,1193.0,1031.0
2021-03-02 02:00:00+00:00,2924.0,14194.0,230.0,0.0,0.0,294.0,3814.0,114.0,2.0,1129.0,903.0
2021-03-02 02:30:00+00:00,2975.0,14180.0,229.0,0.0,0.0,294.0,3811.0,124.0,0.0,1069.0,874.0
2021-03-02 03:00:00+00:00,2968.0,14160.0,229.0,0.0,0.0,278.0,3813.0,107.0,0.0,995.0,815.0
2021-03-02 03:30:00+00:00,2977.0,13898.0,229.0,0.0,0.0,257.0,3811.0,107.0,0.0,1007.0,812.0
2021-03-02 04:00:00+00:00,2937.0,13994.0,230.0,0.0,0.0,257.0,3816.0,109.0,0.0,986.0,785.0
2021-03-02 04:30:00+00:00,2939.0,13954.0,230.0,0.0,0.0,257.0,3812.0,119.0,0.0,938.0,789.0
2021-03-02 05:00:00+00:00,2953.0,15034.0,231.0,0.0,0.0,257.0,3811.0,111.0,0.0,910.0,748.0
2021-03-02 05:30:00+00:00,2971.0,16374.0,265.0,0.0,0.0,257.0,3818.0,107.0,0.0,932.0,718.0
2021-03-02 06:00:00+00:00,2972.0,17617.0,229.0,0.0,0.0,271.0,3813.0,106.0,0.0,954.0,700.0
2021-03-02 06:30:00+00:00,2976.0,18971.0,328.0,0.0,0.0,286.0,3811.0,261.0,0.0,957.0,704.0
2021-03-02 07:00:00+00:00,2937.0,20238.0,605.0,0.0,0.0,290.0,3813.0,307.0,21.0,962.0,658.0
2021-03-02 07:30:00+00:00,2962.0,20844.0,1159.0,0.0,0.0,306.0,3812.0,288.0,150.0,901.0,654.0
2021-03-02 08:00:00+00:00,2957.0,21248.0,1442.0,0.0,148.0,540.0,3813.0,364.0,393.0,881.0,607.0
2021-03-02 08:30:00+00:00,2975.0,21517.0,1771.0,0.0,666.0,582.0,3813.0,395.0,698.0,834.0,637.0
2021-03-02 09:00:00+00:00,2970.0,21615.0,2111.0,0.0,966.0,669.0,3811.0,477.0,1030.0,732.0,647.0
2021-03-02 09:30:00+00:00,2971.0,21630.0,2078.0,0.0,967.0,769.0,3813.0,491.0,1400.0,709.0,624.0
2021-03-02 10:00:00+00:00,2976.0,21630.0,2399.0,0.0,515.0,760.0,3805.0,466.0,1770.0,727.0,459.0
2021-03-02 10:30:00+00:00,2920.0,21532.0,2459.0,0.0,685.0,730.0,3811.0,417.0,2230.0,744.0,604.0
2021-03-02 11:00:00+00:00,2925.0,21220.0,2289.0,0.0,611.0,673.0,3812.0,433.0,2610.0,694.0,590.0
2021-03-02 11:30:00+00:00,2924.0,21081.0,2406.0,0.0,300.0,590.0,3817.0,441.0,3030.0,644.0,562.0
2021-03-02 12:00:00+00:00,2930.0,21140.0,2546.0,0.0,151.0,573.0,3812.0,446.0,3460.0,671.0,548.0
2021-03-02 12:30:00+00:00,2952.0,21129.0,2506.0,0.0,195.0,542.0,3810.0,449.0,3830.0,640.0,533.0
2021-03-02 13:00:00+00:00,2971.0,21095.0,2339.0,0.0,38.0,389.0,3816.0,362.0,4080.0,633.0,484.0
2021-03-02 13:30:00+00:00,2973.0,21140.0,2249.0,0.0,0.0,305.0,3815.0,304.0,4170.0,560.0,459.0
2021-03-02 14:00:00+00:00,2967.0,21103.0,2176.0,0.0,107.0,258.0,3816.0,211.0,4010.0,512.0,418.0
2021-03-02 14:30:00+00:00,2970.0,20931.0,2221.0,0.0,118.0,270.0,3819.0,152.0,3730.0,433.0,407.0
2021-03-02 15:00:00+00:00,2974.0,20832.0,2158.0,0.0,219.0,282.0,3812.0,169.0,3130.0,462.0,378.0
2021-03-02 15:30:00+00:00,2977.0,21023.0,2703.0,0.0,16.0,330.0,3819.0,150.0,2350.0,458.0,373.0
2021-03-02 16:00:00+00:00,2971.0,21555.0,2716.0,0.0,299.0,534.0,3815.0,236.0,1510.0,444.0,371.0
2021-03-02 16:30:00+00:00,2889.0,21808.0,2870.0,0.0,899.0,734.0,3818.0,344.0,754.0,405.0,355.0
2021-03-02 17:00:00+00:00,2966.0,21806.0,2957.0,0.0,1327.0,895.0,3819.0,525.0,194.0,366.0,316.0
2021-03-02 17:30:00+00:00,2969.0,22110.0,2687.0,0.0,2074.0,919.0,3813.0,538.0,11.0,324.0,314.0
2021-03-02 18:00:00+00:00,2967.0,22785.0,3128.0,0.0,2093.0,926.0,3802.0,562.0,5.0,292.0,316.0
2021-03-02 18:30:00+00:00,2963.0,22951.0,3003.0,0.0,2092.0,926.0,3804.0,580.0,0.0,258.0,335.0
2021-03-02 19:00:00+00:00,2962.0,22611.0,2982.0,0.0,1890.0,925.0,3798.0,474.0,0.0,232.0,323.0
2021-03-02 19:30:00+00:00,2956.0,22616.0,2937.0,0.0,1421.0,902.0,3803.0,407.0,0.0,244.0,303.0
2021-03-02 20:00:00+00:00,2959.0,22824.0,2412.0,0.0,1004.0,851.0,3798.0,301.0,0.0,218.0,294.0
2021-03-02 20:30:00+00:00,2942.0,22780.0,2216.0,0.0,100.0,828.0,3798.0,287.0,1.0,208.0,225.0
2021-03-02 21:00:00+00:00,2951.0,22069.0,2166.0,0.0,175.0,570.0,3803.0,174.0,0.0,198.0,298.0
2021-03-02 21:30:00+00:00,2946.0,21436.0,1503.0,0.0,0.0,378.0,3801.0,108.0,0.0,258.0,299.0
2021-03-02 22:00:00+00:00,2944.0,20563.0,962.0,0.0,0.0,269.0,3805.0,109.0,0.0,275.0,285.0
2021-03-02 22:30:00+00:00,2836.0,19150.0,949.0,0.0,0.0,261.0,3802.0,114.0,0.0,274.0,229.0
2021-03-02 23:00:00+00:00,2621.0,18036.0,935.0,0.0,0.0,261.0,3802.0,112.0,0.0,273.0,297.0
2021-03-02 23:30:00+00:00,2116.0,17825.0,922.0,0.0,0.0,260.0,3803.0,107.0,0.0,267.0,286.0
2021-03-03 00:00:00+00:00,2123.0,17221.0,963.0,0.0,0.0,259.0,3806.0,112.0,0.0,330.0,276.0
2021-03-03 00:30:00+00:00,2163.0,17403.0,1087.0,0.0,0.0,259.0,3802.0,123.0,0.0,344.0,277.0
2021-03-03 01:00:00+00:00,2295.0,17474.0,1026.0,0.0,0.0,259.0,3806.0,113.0,0.0,307.0,264.0
2021-03-03 01:30:00+00:00,2251.0,17095.0,1128.0,0.0,0.0,257.0,3802.0,106.0,0.0,265.0,259.0
2021-03-03 02:00:00+00:00,2244.0,16811.0,972.0,0.0,0.0,258.0,3805.0,106.0,0.0,274.0,245.0
2021-03-03 02:30:00+00:00,2252.0,16616.0,924.0,0.0,0.0,258.0,3808.0,109.0,0.0,274.0,233.0
2021-03-03 03:00:00+00:00,2253.0,16519.0,919.0,0.0,0.0,241.0,3806.0,108.0,0.0,281.0,252.0
2021-03-03 03:30:00+00:00,2251.0,16101.0,918.0,0.0,0.0,242.0,3800.0,109.0,0.0,238.0,236.0
2021-03-03 04:00:00+00:00,2292.0,15955.0,920.0,0.0,0.0,242.0,3804.0,108.0,0.0,225.0,202.0
2021-03-03 04:30:00+00:00,2276.0,15913.0,919.0,0.0,0.0,220.0,3809.0,112.0,0.0,290.0,205.0
2021-03-03 05:00:00+00:00,2312.0,16739.0,928.0,0.0,0.0,220.0,3803.0,127.0,0.0,291.0,252.0
2021-03-03 05:30:00+00:00,2272.0,17455.0,941.0,0.0,0.0,219.0,3803.0,109.0,0.0,309.0,258.0
2021-03-03 06:00:00+00:00,2321.0,18638.0,1359.0,0.0,0.0,266.0,3812.0,108.0,0.0,380.0,257.0
2021-03-03 06:30:00+00:00,2869.0,19349.0,1777.0,0.0,0.0,271.0,3802.0,106.0,1.0,376.0,241.0
2021-03-03 07:00:00+00:00,2954.0,20887.0,1534.0,0.0,0.0,303.0,3803.0,108.0,16.0,326.0,257.0
2021-03-03 07:30:00+00:00,2971.0,22535.0,1610.0,0.0,0.0,306.0,3802.0,121.0,108.0,292.0,253.0
2021-03-03 08:00:00+00:00,2959.0,23186.0,1862.0,0.0,91.0,560.0,3806.0,246.0,282.0,254.0,298.0
2021-03-03 08:30:00+00:00,2955.0,23454.0,1863.0,0.0,0.0,696.0,3802.0,449.0,491.0,254.0,307.0
2021-03-03 09:00:00+00:00,2959.0,23528.0,1983.0,0.0,520.0,754.0,3809.0,470.0,787.0,252.0,284.0
2021-03-03 09:30:00+00:00,2970.0,23542.0,1994.0,0.0,1113.0,741.0,3802.0,439.0,952.0,275.0,283.0
2021-03-03 10:00:00+00:00,2975.0,23557.0,2002.0,0.0,519.0,714.0,3804.0,497.0,1160.0,286.0,299.0
2021-03-03 10:30:00+00:00,2973.0,23568.0,1998.0,0.0,621.0,677.0,3804.0,507.0,1380.0,318.0,239.0
2021-03-03 11:00:00+00:00,2972.0,23615.0,2002.0,0.0,315.0,609.0,3807.0,534.0,1530.0,310.0,331.0
2021-03-03 11:30:00+00:00,2975.0,23513.0,1999.0,0.0,600.0,642.0,3808.0,480.0,1640.0,325.0,340.0
2021-03-03 12:00:00+00:00,2944.0,23504.0,2009.0,0.0,1033.0,634.0,3802.0,506.0,1640.0,266.0,248.0
2021-03-03 12:30:00+00:00,2961.0,23473.0,2037.0,0.0,1225.0,619.0,3805.0,507.0,1580.0,267.0,397.0
2021-03-03 13:00:00+00:00,2973.0,23451.0,2061.0,0.0,1195.0,619.0,3803.0,492.0,1400.0,268.0,415.0
2021-03-03 13:30:00+00:00,2963.0,23339.0,2195.0,0.0,793.0,568.0,3804.0,461.0,1200.0,265.0,456.0
2021-03-03 14:00:00+00:00,2966.0,23375.0,2296.0,0.0,299.0,537.0,3801.0,409.0,973.0,272.0,504.0
2021-03-03 14:30:00+00:00,2971.0,23423.0,2360.0,0.0,25.0,544.0,3821.0,415.0,794.0,217.0,270.0
2021-03-03 15:00:00+00:00,2971.0,22914.0,2660.0,0.0,344.0,642.0,3824.0,411.0,610.0,211.0,559.0
2021-03-03 15:30:00+00:00,2971.0,22940.0,2971.0,0.0,336.0,699.0,3806.0,496.0,454.0,230.0,544.0
2021-03-03 16:00:00+00:00,2745.0,23316.0,3270.0,0.0,284.0,937.0,3801.0,449.0,288.0,261.0,584.0
2021-03-03 16:30:00+00:00,2740.0,23123.0,3115.0,0.0,1251.0,932.0,3800.0,474.0,161.0,260.0,596.0
2021-03-03 17:00:00+00:00,2850.0,23307.0,3270.0,0.0,1681.0,945.0,3817.0,454.0,49.0,254.0,571.0
2021-03-03 17:30:00+00:00,2937.0,23546.0,3198.0,0.0,1677.0,958.0,3823.0,491.0,3.0,383.0,594.0
2021-03-03 18:00:00+00:00,2944.0,23562.0,3294.0,0.0,1781.0,957.0,3830.0,708.0,1.0,360.0,634.0
2021-03-03 18:30:00+00:00,2923.0,23456.0,3031.0,0.0,1790.0,977.0,3828.0,680.0,0.0,298.0,665.0
2021-03-03 19:00:00+00:00,2925.0,23176.0,2935.0,0.0,1825.0,833.0,3856.0,518.0,0.0,297.0,681.0
2021-03-03 19:30:00+00:00,2927.0,22648.0,2712.0,0.0,1805.0,737.0,3849.0,403.0,0.0,357.0,654.0
2021-03-03 20:00:00+00:00,2920.0,22794.0,2612.0,0.0,1122.0,617.0,3854.0,407.0,0.0,372.0,671.0
2021-03-03 20:30:00+00:00,2907.0,22559.0,2286.0,0.0,269.0,757.0,3851.0,348.0,0.0,435.0,678.0
2021-03-03 21:00:00+00:00,2902.0,21741.0,1843.0,0.0,175.0,701.0,3889.0,265.0,0.0,493.0,710.0
2021-03-03 21:30:00+00:00,2868.0,20893.0,1604.0,0.0,60.0,643.0,3899.0,208.0,0.0,549.0,662.0
2021-03-03 22:00:00+00:00,2898.0,20371.0,1127.0,0.0,99.0,298.0,3894.0,187.0,0.0,500.0,683.0
2021-03-03 22:30:00+00:00,2859.0,19611.0,590.0,0.0,76.0,275.0,3899.0,139.0,0.0,580.0,647.0
2021-03-03 23:00:00+00:00,2776.0,17903.0,229.0,0.0,0.0,273.0,3925.0,113.0,0.0,628.0,674.0
2021-03-03 23:30:00+00:00,2350.0,16909.0,0.0,0.0,0.0,273.0,3927.0,111.0,0.0,644.0,714.0
2021-03-04 00:00:00+00:00,2415.0,16432.0,0.0,0.0,0.0,256.0,3958.0,107.0,0.0,564.0,769.0
2021-03-04 00:30:00+00:00,2535.0,16413.0,0.0,0.0,0.0,264.0,3963.0,111.0,0.0,630.0,795.0
2021-03-04 01:00:00+00:00,2697.0,16524.0,0.0,0.0,0.0,267.0,3976.0,132.0,0.0,752.0,786.0
2021-03-04 01:30:00+00:00,2663.0,16271.0,0.0,0.0,0.0,267.0,4032.0,128.0,0.0,830.0,803.0
2021-03-04 02:00:00+00:00,2392.0,16022.0,0.0,0.0,0.0,268.0,4042.0,127.0,0.0,972.0,847.0
2021-03-04 02:30:00+00:00,2148.0,15657.0,0.0,0.0,0.0,267.0,4041.0,109.0,0.0,983.0,848.0
2021-03-04 03:00:00+00:00,2166.0,15861.0,0.0,0.0,0.0,248.0,4040.0,110.0,0.0,1044.0,462.0
2021-03-04 03:30:00+00:00,2193.0,15113.0,0.0,0.0,0.0,248.0,4037.0,108.0,0.0,1104.0,923.0
2021-03-04 04:00:00+00:00,2215.0,14912.0,0.0,0.0,0.0,248.0,4043.0,108.0,0.0,1196.0,1017.0
2021-03-04 04:30:00+00:00,2283.0,14691.0,0.0,0.0,0.0,248.0,4033.0,115.0,0.0,1127.0,991.0
2021-03-04 05:00:00+00:00,2297.0,15229.0,0.0,0.0,0.0,249.0,4039.0,111.0,0.0,1062.0,1024.0
2021-03-04 05:30:00+00:00,2533.0,15352.0,0.0,0.0,0.0,247.0,4033.0,121.0,0.0,1297.0,1107.0
2021-03-04 06:00:00+00:00,2528.0,16328.0,43.0,0.0,0.0,265.0,4040.0,118.0,0.0,1175.0,1197.0
2021-03-04 06:30:00+00:00,2319.0,17690.0,259.0,0.0,0.0,263.0,4038.0,107.0,0.0,1349.0,1273.0
2021-03-04 07:00:00+00:00,2401.0,19577.0,489.0,0.0,51.0,289.0,4037.0,126.0,14.0,1388.0,1338.0
2021-03-04 07:30:00+00:00,2737.0,20874.0,964.0,0.0,0.0,312.0,4038.0,146.0,93.0,1371.0,1394.0
2021-03-04 08:00:00+00:00,2815.0,21457.0,1238.0,0.0,0.0,351.0,4034.0,306.0,249.0,1489.0,1530.0
2021-03-04 08:30:00+00:00,2951.0,22063.0,1475.0,0.0,53.0,357.0,4033.0,341.0,443.0,1496.0,697.0
2021-03-04 09:00:00+00:00,2926.0,22613.0,1488.0,0.0,37.0,516.0,4032.0,299.0,668.0,1503.0,1610.0
2021-03-04 09:30:00+00:00,2932.0,22529.0,1373.0,0.0,0.0,723.0,4048.0,364.0,847.0,1481.0,1719.0
2021-03-04 10:00:00+00:00,2932.0,22526.0,1285.0,0.0,0.0,727.0,4040.0,326.0,1060.0,1501.0,1798.0
2021-03-04 10:30:00+00:00,2931.0,22527.0,1272.0,0.0,0.0,606.0,4053.0,265.0,1280.0,1821.0,2029.0
2021-03-04 11:00:00+00:00,2950.0,22557.0,1343.0,0.0,149.0,517.0,4046.0,211.0,1340.0,1774.0,2278.0
2021-03-04 11:30:00+00:00,2950.0,22485.0,1335.0,0.0,0.0,437.0,4044.0,314.0,1330.0,1889.0,2275.0
2021-03-04 12:00:00+00:00,2949.0,22434.0,1341.0,0.0,0.0,633.0,4049.0,359.0,1320.0,2229.0,2427.0
2021-03-04 12:30:00+00:00,2944.0,22339.0,1211.0,0.0,163.0,706.0,4041.0,304.0,1330.0,2549.0,2390.0
2021-03-04 13:00:00+00:00,2952.0,22315.0,984.0,0.0,172.0,640.0,4055.0,252.0,1330.0,2666.0,2440.0
2021-03-04 13:30:00+00:00,2940.0,21863.0,861.0,0.0,0.0,551.0,4144.0,185.0,1220.0,2965.0,2400.0
2021-03-04 14:00:00+00:00,2919.0,21730.0,911.0,0.0,0.0,338.0,4135.0,112.0,1040.0,3004.0,2495.0
2021-03-04 14:30:00+00:00,2918.0,21465.0,947.0,0.0,0.0,328.0,4136.0,112.0,856.0,3127.0,2409.0
2021-03-04 15:00:00+00:00,2922.0,21584.0,769.0,0.0,0.0,316.0,4146.0,112.0,667.0,3279.0,2324.0
2021-03-04 15:30:00+00:00,2921.0,21249.0,772.0,0.0,0.0,316.0,4140.0,112.0,475.0,3625.0,2473.0
2021-03-04 16:00:00+00:00,2865.0,20848.0,773.0,0.0,0.0,342.0,4135.0,172.0,308.0,4275.0,2401.0
2021-03-04 16:30:00+00:00,2766.0,21713.0,781.0,0.0,0.0,376.0,4134.0,267.0,153.0,4186.0,2356.0
2021-03-04 17:00:00+00:00,2898.0,21906.0,775.0,0.0,576.0,626.0,4138.0,302.0,42.0,4445.0,2002.0
2021-03-04 17:30:00+00:00,2930.0,22373.0,788.0,0.0,600.0,797.0,4129.0,275.0,2.0,4849.0,1952.0
2021-03-04 18:00:00+00:00,2928.0,22395.0,822.0,0.0,1029.0,779.0,4110.0,309.0,0.0,4823.0,1717.0
2021-03-04 18:30:00+00:00,2964.0,22479.0,790.0,0.0,951.0,809.0,3982.0,419.0,0.0,4675.0,1726.0
2021-03-04 19:00:00+00:00,2980.0,22413.0,773.0,0.0,0.0,802.0,3987.0,383.0,0.0,4729.0,1667.0
2021-03-04 19:30:00+00:00,2988.0,21668.0,772.0,0.0,0.0,588.0,3981.0,211.0,0.0,4671.0,1633.0
2021-03-04 20:00:00+00:00,2986.0,20989.0,812.0,0.0,177.0,467.0,3981.0,114.0,0.0,4512.0,1477.0
2021-03-04 20:30:00+00:00,2921.0,19856.0,808.0,0.0,118.0,424.0,3978.0,122.0,0.0,4460.0,1451.0
2021-03-04 21:00:00+00:00,2986.0,19158.0,236.0,0.0,0.0,354.0,3980.0,108.0,0.0,4116.0,1441.0
2021-03-04 21:30:00+00:00,2938.0,17954.0,0.0,0.0,0.0,294.0,3981.0,106.0,0.0,3900.0,1407.0
2021-03-04 22:00:00+00:00,2873.0,16384.0,0.0,0.0,0.0,262.0,3988.0,106.0,0.0,3946.0,1267.0
2021-03-04 22:30:00+00:00,2955.0,14694.0,0.0,0.0,0.0,252.0,3977.0,114.0,0.0,3952.0,1234.0
2021-03-04 23:00:00+00:00,2903.0,13372.0,0.0,0.0,0.0,249.0,3990.0,124.0,0.0,3885.0,1156.0
2021-03-04 23:30:00+00:00,2317.0,13510.0,0.0,0.0,0.0,250.0,3990.0,126.0,0.0,3939.0,1130.0
2021-03-05 00:00:00+00:00,2167.0,13251.0,0.0,0.0,0.0,231.0,3997.0,108.0,0.0,3792.0,1033.0
2021-03-05 00:30:00+00:00,2149.0,13597.0,0.0,0.0,0.0,227.0,3993.0,108.0,1.0,3781.0,982.0
2021-03-05 01:00:00+00:00,2145.0,13737.0,0.0,0.0,0.0,226.0,4014.0,107.0,2.0,3518.0,931.0
2021-03-05 01:30:00+00:00,2147.0,13391.0,0.0,0.0,0.0,223.0,4105.0,107.0,1.0,3609.0,921.0
2021-03-05 02:00:00+00:00,2218.0,13107.0,0.0,0.0,0.0,220.0,4099.0,109.0,0.0,3283.0,894.0
2021-03-05 02:30:00+00:00,2223.0,12954.0,0.0,0.0,0.0,218.0,4106.0,109.0,2.0,3464.0,897.0
2021-03-05 03:00:00+00:00,2149.0,12665.0,0.0,0.0,0.0,219.0,4102.0,106.0,2.0,3501.0,878.0
2021-03-05 03:30:00+00:00,2165.0,12328.0,0.0,0.0,0.0,203.0,4105.0,106.0,0.0,3613.0,861.0
2021-03-05 04:00:00+00:00,2162.0,12082.0,0.0,0.0,0.0,203.0,4099.0,106.0,0.0,3324.0,856.0
2021-03-05 04:30:00+00:00,2162.0,12652.0,0.0,0.0,0.0,201.0,4137.0,106.0,0.0,3214.0,865.0
2021-03-05 05:00:00+00:00,2167.0,13037.0,53.0,0.0,0.0,202.0,4146.0,107.0,0.0,3206.0,853.0
2021-03-05 05:30:00+00:00,2165.0,14229.0,134.0,0.0,0.0,202.0,4140.0,110.0,0.0,3003.0,852.0
2021-03-05 06:00:00+00:00,2190.0,16436.0,181.0,0.0,0.0,226.0,4136.0,107.0,0.0,2841.0,812.0
2021-03-05 06:30:00+00:00,2434.0,18140.0,289.0,0.0,0.0,224.0,4134.0,109.0,7.0,2679.0,826.0
2021-03-05 07:00:00+00:00,2935.0,19299.0,552.0,0.0,0.0,334.0,4138.0,108.0,145.0,2759.0,778.0
2021-03-05 07:30:00+00:00,2952.0,20343.0,573.0,0.0,301.0,351.0,4134.0,126.0,483.0,2893.0,750.0
2021-03-05 08:00:00+00:00,2961.0,20388.0,752.0,0.0,276.0,350.0,4137.0,386.0,1010.0,2301.0,740.0
2021-03-05 08:30:00+00:00,2965.0,20852.0,1249.0,0.0,0.0,367.0,4135.0,364.0,1480.0,2246.0,714.0
2021-03-05 09:00:00+00:00,2967.0,21043.0,1708.0,0.0,0.0,387.0,4135.0,132.0,1890.0,2183.0,776.0
2021-03-05 09:30:00+00:00,2965.0,21407.0,1739.0,0.0,0.0,366.0,4137.0,112.0,2160.0,2342.0,779.0
2021-03-05 10:00:00+00:00,2967.0,21445.0,1942.0,0.0,84.0,349.0,4138.0,110.0,2230.0,2008.0,812.0
2021-03-05 10:30:00+00:00,2962.0,21184.0,2153.0,0.0,322.0,334.0,4138.0,114.0,2460.0,1790.0,797.0
2021-03-05 11:00:00+00:00,2962.0,21383.0,2204.0,0.0,0.0,362.0,4137.0,157.0,2560.0,1864.0,822.0
2021-03-05 11:30:00+00:00,2959.0,21377.0,2161.0,0.0,0.0,648.0,4143.0,180.0,2610.0,1674.0,823.0
2021-03-05 12:00:00+00:00,2964.0,21425.0,2508.0,0.0,69.0,626.0,4124.0,168.0,2710.0,1531.0,813.0
2021-03-05 12:30:00+00:00,2987.0,21472.0,2522.0,0.0,0.0,748.0,3937.0,384.0,2660.0,1616.0,810.0
2021-03-05 13:00:00+00:00,2985.0,21432.0,2398.0,0.0,261.0,579.0,3902.0,248.0,2700.0,1589.0,782.0
2021-03-05 13:30:00+00:00,2993.0,21545.0,2637.0,0.0,0.0,302.0,3912.0,217.0,2530.0,1413.0,793.0
2021-03-05 14:00:00+00:00,2979.0,21493.0,2726.0,0.0,23.0,285.0,3804.0,163.0,2340.0,1395.0,795.0
2021-03-05 14:30:00+00:00,2947.0,21353.0,2721.0,0.0,91.0,338.0,3788.0,121.0,2190.0,1448.0,763.0
2021-03-05 15:00:00+00:00,2806.0,21706.0,2742.0,0.0,0.0,338.0,3789.0,128.0,1920.0,1487.0,703.0
2021-03-05 15:30:00+00:00,2783.0,21671.0,3223.0,0.0,0.0,381.0,3784.0,136.0,1440.0,1342.0,709.0
2021-03-05 16:00:00+00:00,2742.0,21555.0,3113.0,0.0,0.0,508.0,3784.0,181.0,1030.0,1284.0,688.0
2021-03-05 16:30:00+00:00,2920.0,21980.0,3252.0,0.0,0.0,586.0,3783.0,294.0,596.0,1241.0,660.0
2021-03-05 17:00:00+00:00,2981.0,21138.0,3128.0,0.0,999.0,853.0,3784.0,420.0,215.0,1279.0,531.0
2021-03-05 17:30:00+00:00,2987.0,21591.0,3209.0,0.0,1592.0,857.0,3779.0,421.0,23.0,1189.0,538.0
2021-03-05 18:00:00+00:00,3003.0,22219.0,3242.0,0.0,1712.0,858.0,3787.0,445.0,1.0,1222.0,488.0
2021-03-05 18:30:00+00:00,3003.0,22340.0,3309.0,0.0,1782.0,956.0,3787.0,439.0,0.0,1319.0,525.0
2021-03-05 19:00:00+00:00,2996.0,22107.0,3349.0,0.0,1606.0,925.0,3785.0,423.0,0.0,1027.0,528.0
2021-03-05 19:30:00+00:00,3005.0,21868.0,3472.0,0.0,476.0,843.0,3784.0,425.0,0.0,1096.0,536.0
2021-03-05 20:00:00+00:00,2997.0,21648.0,3448.0,0.0,0.0,787.0,3788.0,334.0,0.0,996.0,524.0
2021-03-05 20:30:00+00:00,3003.0,21347.0,3271.0,0.0,242.0,578.0,3784.0,124.0,0.0,835.0,536.0
2021-03-05 21:00:00+00:00,3003.0,20962.0,2651.0,0.0,49.0,362.0,3782.0,112.0,0.0,804.0,550.0
2021-03-05 21:30:00+00:00,3001.0,19928.0,2163.0,0.0,47.0,306.0,3785.0,112.0,0.0,758.0,623.0
2021-03-05 22:00:00+00:00,3005.0,19269.0,1558.0,0.0,0.0,257.0,3782.0,112.0,0.0,707.0,672.0
2021-03-05 22:30:00+00:00,2949.0,17958.0,851.0,0.0,151.0,255.0,3777.0,107.0,0.0,700.0,710.0
2021-03-05 23:00:00+00:00,2686.0,17201.0,430.0,0.0,0.0,255.0,3760.0,106.0,0.0,691.0,739.0
2021-03-05 23:30:00+00:00,2164.0,16592.0,229.0,0.0,0.0,256.0,3754.0,106.0,0.0,650.0,771.0
2021-03-06 00:00:00+00:00,2139.0,16483.0,0.0,0.0,0.0,247.0,3739.0,107.0,0.0,641.0,875.0
2021-03-06 00:30:00+00:00,2146.0,16581.0,0.0,0.0,0.0,246.0,3721.0,110.0,1.0,669.0,911.0
2021-03-06 01:00:00+00:00,2134.0,16780.0,0.0,0.0,0.0,246.0,3702.0,109.0,0.0,784.0,897.0
2021-03-06 01:30:00+00:00,2159.0,16688.0,0.0,0.0,0.0,244.0,3700.0,115.0,0.0,595.0,790.0
2021-03-06 02:00:00+00:00,2265.0,16412.0,0.0,0.0,0.0,243.0,3674.0,107.0,0.0,455.0,748.0
2021-03-06 02:30:00+00:00,2479.0,16082.0,0.0,0.0,0.0,243.0,3667.0,109.0,0.0,400.0,762.0
2021-03-06 03:00:00+00:00,2226.0,16459.0,0.0,0.0,0.0,222.0,3648.0,111.0,0.0,332.0,783.0
2021-03-06 03:30:00+00:00,2150.0,16211.0,0.0,0.0,0.0,222.0,3634.0,106.0,0.0,326.0,777.0
2021-03-06 04:00:00+00:00,2161.0,16103.0,0.0,0.0,0.0,222.0,3633.0,111.0,0.0,366.0,791.0
2021-03-06 04:30:00+00:00,2141.0,15828.0,0.0,0.0,0.0,222.0,3623.0,106.0,0.0,302.0,776.0
2021-03-06 05:00:00+00:00,2149.0,16029.0,0.0,0.0,0.0,221.0,3608.0,106.0,0.0,301.0,365.0
2021-03-06 05:30:00+00:00,2199.0,16210.0,0.0,0.0,0.0,219.0,3595.0,105.0,0.0,300.0,713.0
2021-03-06 06:00:00+00:00,2483.0,16568.0,0.0,0.0,0.0,234.0,3577.0,106.0,0.0,248.0,769.0
2021-03-06 06:30:00+00:00,2367.0,17059.0,0.0,0.0,0.0,235.0,3556.0,106.0,5.0,255.0,379.0
2021-03-06 07:00:00+00:00,2149.0,17393.0,0.0,0.0,0.0,278.0,3551.0,109.0,150.0,261.0,826.0
2021-03-06 07:30:00+00:00,2276.0,18261.0,0.0,0.0,0.0,277.0,3528.0,108.0,570.0,282.0,824.0
2021-03-06 08:00:00+00:00,2282.0,18783.0,267.0,0.0,0.0,325.0,3512.0,112.0,1070.0,326.0,766.0
2021-03-06 08:30:00+00:00,2281.0,19337.0,469.0,0.0,0.0,382.0,3493.0,281.0,1650.0,358.0,731.0
2021-03-06 09:00:00+00:00,2279.0,19214.0,500.0,0.0,149.0,613.0,3478.0,377.0,2220.0,354.0,685.0
2021-03-06 09:30:00+00:00,2272.0,19260.0,503.0,0.0,149.0,614.0,3468.0,378.0,2710.0,381.0,763.0
2021-03-06 10:00:00+00:00,2284.0,19379.0,664.0,0.0,149.0,495.0,3473.0,378.0,2940.0,357.0,911.0
2021-03-06 10:30:00+00:00,2230.0,19321.0,894.0,0.0,0.0,557.0,3485.0,358.0,3060.0,290.0,1049.0
2021-03-06 11:00:00+00:00,2232.0,19275.0,985.0,0.0,149.0,545.0,3484.0,269.0,3150.0,277.0,1190.0
2021-03-06 11:30:00+00:00,2231.0,19285.0,985.0,0.0,149.0,687.0,3501.0,238.0,3310.0,202.0,1215.0
2021-03-06 12:00:00+00:00,2226.0,19363.0,1006.0,0.0,0.0,697.0,3524.0,292.0,3350.0,279.0,1230.0
2021-03-06 12:30:00+00:00,2224.0,19038.0,1200.0,0.0,0.0,673.0,3537.0,325.0,3470.0,328.0,1249.0
2021-03-06 13:00:00+00:00,2259.0,19236.0,1302.0,0.0,0.0,378.0,3557.0,277.0,3620.0,328.0,1234.0
2021-03-06 13:30:00+00:00,2266.0,19157.0,1290.0,0.0,0.0,298.0,3570.0,234.0,3490.0,389.0,1230.0
2021-03-06 14:00:00+00:00,2270.0,18912.0,1158.0,0.0,72.0,306.0,3584.0,167.0,3370.0,366.0,1232.0
2021-03-06 14:30:00+00:00,2256.0,18933.0,1270.0,0.0,0.0,308.0,3604.0,143.0,3300.0,355.0,1239.0
2021-03-06 15:00:00+00:00,2260.0,18686.0,1318.0,0.0,0.0,358.0,3616.0,145.0,2950.0,391.0,1263.0
2021-03-06 15:30:00+00:00,2264.0,18720.0,1297.0,0.0,0.0,370.0,3632.0,144.0,2500.0,384.0,1173.0
2021-03-06 16:00:00+00:00,2269.0,19479.0,1462.0,0.0,185.0,484.0,3641.0,184.0,1790.0,401.0,1129.0
2021-03-06 16:30:00+00:00,2261.0,19894.0,1478.0,0.0,1012.0,585.0,3663.0,297.0,1130.0,448.0,1136.0
2021-03-06 17:00:00+00:00,2258.0,20616.0,1820.0,0.0,1614.0,816.0,3675.0,443.0,464.0,461.0,1023.0
2021-03-06 17:30:00+00:00,2311.0,20848.0,2231.0,0.0,1924.0,856.0,3690.0,484.0,59.0,526.0,406.0
2021-03-06 18:00:00+00:00,2213.0,22175.0,2282.0,0.0,1563.0,938.0,3703.0,500.0,1.0,591.0,954.0
2021-03-06 18:30:00+00:00,2308.0,22205.0,2285.0,0.0,2002.0,937.0,3717.0,497.0,0.0,622.0,980.0
2021-03-06 19:00:00+00:00,2317.0,21908.0,2289.0,0.0,1736.0,937.0,3734.0,500.0,0.0,590.0,1059.0
2021-03-06 19:30:00+00:00,2321.0,21658.0,2292.0,0.0,1146.0,861.0,3748.0,476.0,0.0,591.0,1107.0
2021-03-06 20:00:00+00:00,2324.0,21631.0,1994.0,0.0,353.0,503.0,3767.0,402.0,0.0,548.0,1158.0
2021-03-06 20:30:00+00:00,2318.0,20864.0,1975.0,0.0,329.0,439.0,3766.0,329.0,0.0,555.0,1149.0
2021-03-06 21:00:00+00:00,2318.0,19778.0,1974.0,0.0,190.0,423.0,3780.0,366.0,0.0,517.0,1184.0
2021-03-06 21:30:00+00:00,2316.0,19370.0,1651.0,0.0,0.0,391.0,3797.0,393.0,0.0,571.0,1240.0
2021-03-06 22:00:00+00:00,2259.0,18813.0,1093.0,0.0,0.0,260.0,3802.0,111.0,0.0,538.0,1341.0
2021-03-06 22:30:00+00:00,2184.0,18113.0,661.0,0.0,0.0,249.0,3806.0,119.0,0.0,471.0,1319.0
2021-03-06 23:00:00+00:00,2211.0,17212.0,166.0,0.0,17.0,255.0,3806.0,106.0,0.0,446.0,1351.0
2021-03-06 23:30:00+00:00,1967.0,16354.0,0.0,0.0,0.0,252.0,3807.0,104.0,0.0,424.0,1377.0
2021-03-07 00:00:00+00:00,1788.0,15899.0,0.0,0.0,0.0,246.0,3805.0,105.0,0.0,458.0,1504.0
2021-03-07 00:30:00+00:00,1635.0,16098.0,0.0,0.0,0.0,245.0,3801.0,105.0,1.0,455.0,1543.0
2021-03-07 01:00:00+00:00,2005.0,15719.0,0.0,0.0,0.0,244.0,3794.0,105.0,0.0,470.0,1527.0
2021-03-07 01:30:00+00:00,1918.0,15624.0,0.0,0.0,0.0,242.0,3793.0,106.0,0.0,539.0,1495.0
2021-03-07 02:00:00+00:00,1857.0,15448.0,0.0,0.0,0.0,224.0,3806.0,108.0,0.0,558.0,1542.0
2021-03-07 02:30:00+00:00,1648.0,15151.0,0.0,0.0,0.0,224.0,3801.0,107.0,0.0,536.0,1608.0
2021-03-07 03:00:00+00:00,1703.0,15251.0,0.0,0.0,0.0,226.0,3806.0,105.0,0.0,471.0,1663.0
2021-03-07 03:30:00+00:00,1619.0,14502.0,0.0,0.0,0.0,228.0,3801.0,105.0,0.0,488.0,1678.0
2021-03-07 04:00:00+00:00,1653.0,14886.0,0.0,0.0,0.0,231.0,3806.0,108.0,0.0,499.0,1566.0
2021-03-07 04:30:00+00:00,1643.0,14708.0,0.0,0.0,0.0,228.0,3800.0,107.0,0.0,494.0,1509.0
2021-03-07 05:00:00+00:00,1608.0,14806.0,0.0,0.0,0.0,226.0,3821.0,107.0,0.0,516.0,1549.0
2021-03-07 05:30:00+00:00,1602.0,14751.0,0.0,0.0,0.0,228.0,3815.0,105.0,0.0,504.0,1502.0
2021-03-07 06:00:00+00:00,1653.0,15340.0,0.0,0.0,0.0,243.0,3813.0,106.0,42.0,574.0,1392.0
2021-03-07 06:30:00+00:00,2217.0,15048.0,0.0,0.0,0.0,240.0,3818.0,105.0,5.0,611.0,1337.0
2021-03-07 07:00:00+00:00,2311.0,15396.0,0.0,0.0,0.0,240.0,3812.0,108.0,122.0,621.0,1250.0
2021-03-07 07:30:00+00:00,2370.0,15688.0,0.0,0.0,0.0,240.0,3816.0,109.0,460.0,690.0,1184.0
2021-03-07 08:00:00+00:00,2395.0,16085.0,0.0,0.0,0.0,294.0,3810.0,109.0,961.0,666.0,1147.0
2021-03-07 08:30:00+00:00,2575.0,16475.0,0.0,0.0,89.0,312.0,3810.0,111.0,1520.0,684.0,1082.0
2021-03-07 09:00:00+00:00,2832.0,17344.0,18.0,0.0,0.0,348.0,3806.0,113.0,2180.0,711.0,951.0
2021-03-07 09:30:00+00:00,2927.0,17713.0,300.0,0.0,0.0,347.0,3805.0,112.0,2830.0,677.0,954.0
2021-03-07 10:00:00+00:00,2933.0,17566.0,450.0,0.0,0.0,351.0,3810.0,235.0,3260.0,733.0,928.0
2021-03-07 10:30:00+00:00,2932.0,17598.0,736.0,0.0,0.0,585.0,3809.0,233.0,3780.0,606.0,887.0
2021-03-07 11:00:00+00:00,2919.0,17549.0,1209.0,0.0,0.0,315.0,3807.0,110.0,4120.0,566.0,878.0
2021-03-07 11:30:00+00:00,2924.0,17597.0,1448.0,0.0,0.0,314.0,3811.0,110.0,4480.0,534.0,891.0
2021-03-07 12:00:00+00:00,2931.0,17462.0,1683.0,0.0,0.0,314.0,3806.0,116.0,4650.0,557.0,947.0
2021-03-07 12:30:00+00:00,2930.0,17731.0,1571.0,0.0,0.0,315.0,3813.0,113.0,4870.0,576.0,989.0
2021-03-07 13:00:00+00:00,2928.0,17644.0,1301.0,0.0,0.0,295.0,3811.0,115.0,5000.0,585.0,1038.0
2021-03-07 13:30:00+00:00,2921.0,17101.0,1219.0,0.0,0.0,296.0,3818.0,113.0,4790.0,617.0,1111.0
2021-03-07 14:00:00+00:00,2917.0,16809.0,1103.0,0.0,0.0,298.0,3810.0,110.0,4470.0,627.0,1218.0
2021-03-07 14:30:00+00:00,2897.0,17004.0,921.0,0.0,0.0,297.0,3815.0,110.0,3990.0,634.0,1249.0
2021-03-07 15:00:00+00:00,2797.0,17493.0,938.0,0.0,99.0,323.0,3818.0,129.0,3340.0,566.0,1258.0
2021-03-07 15:30:00+00:00,2918.0,17769.0,1087.0,0.0,401.0,326.0,3812.0,179.0,2600.0,510.0,1243.0
2021-03-07 16:00:00+00:00,2903.0,19024.0,1537.0,0.0,237.0,338.0,3816.0,245.0,1810.0,471.0,1320.0
2021-03-07 16:30:00+00:00,2923.0,19733.0,1637.0,0.0,915.0,500.0,3807.0,380.0,1070.0,368.0,1255.0
2021-03-07 17:00:00+00:00,2924.0,20667.0,1605.0,0.0,1347.0,907.0,3813.0,491.0,414.0,337.0,1218.0
2021-03-07 17:30:00+00:00,2926.0,21701.0,1685.0,0.0,1229.0,921.0,3806.0,497.0,50.0,360.0,1231.0
2021-03-07 18:00:00+00:00,2923.0,22160.0,1633.0,0.0,1695.0,921.0,3812.0,497.0,1.0,319.0,1184.0
2021-03-07 18:30:00+00:00,2926.0,22594.0,1758.0,0.0,2012.0,923.0,3805.0,498.0,0.0,337.0,1183.0
2021-03-07 19:00:00+00:00,2924.0,22242.0,1818.0,0.0,1180.0,908.0,3807.0,500.0,0.0,292.0,1224.0
2021-03-07 19:30:00+00:00,2915.0,21307.0,1926.0,0.0,1195.0,765.0,3805.0,465.0,0.0,348.0,1250.0
2021-03-07 20:00:00+00:00,2926.0,21169.0,1728.0,0.0,992.0,581.0,3804.0,304.0,0.0,322.0,1253.0
2021-03-07 20:30:00+00:00,2924.0,21099.0,1601.0,0.0,185.0,539.0,3808.0,274.0,0.0,445.0,1218.0
2021-03-07 21:00:00+00:00,2927.0,20385.0,1390.0,0.0,0.0,298.0,3812.0,206.0,0.0,456.0,1322.0
2021-03-07 21:30:00+00:00,2925.0,19474.0,957.0,0.0,0.0,280.0,3808.0,172.0,0.0,367.0,1368.0
2021-03-07 22:00:00+00:00,2929.0,18212.0,691.0,0.0,77.0,260.0,3810.0,110.0,0.0,285.0,1406.0
2021-03-07 22:30:00+00:00,2926.0,16911.0,389.0,0.0,0.0,260.0,3808.0,110.0,0.0,324.0,1406.0
2021-03-07 23:00:00+00:00,2935.0,15946.0,0.0,0.0,0.0,258.0,3810.0,108.0,0.0,450.0,1521.0
2021-03-07 23:30:00+00:00,2944.0,14484.0,0.0,0.0,0.0,255.0,3810.0,107.0,0.0,376.0,1639.0
2021-03-08 00:00:00+00:00,2948.0,14421.0,0.0,0.0,0.0,248.0,3805.0,108.0,0.0,440.0,1700.0
2021-03-08 00:30:00+00:00,2947.0,14366.0,0.0,0.0,0.0,246.0,3809.0,107.0,3.0,433.0,1755.0
2021-03-08 01:00:00+00:00,2949.0,14682.0,0.0,0.0,0.0,224.0,3807.0,108.0,4.0,413.0,1811.0
2021-03-08 01:30:00+00:00,2916.0,14016.0,0.0,0.0,0.0,222.0,3807.0,116.0,0.0,347.0,1882.0
2021-03-08 02:00:00+00:00,2923.0,13776.0,0.0,0.0,0.0,202.0,3813.0,106.0,0.0,445.0,1887.0
2021-03-08 02:30:00+00:00,2926.0,13103.0,0.0,0.0,0.0,203.0,3803.0,117.0,1.0,573.0,1958.0
2021-03-08 03:00:00+00:00,2927.0,12784.0,0.0,0.0,0.0,203.0,3806.0,116.0,0.0,656.0,2062.0
2021-03-08 03:30:00+00:00,2923.0,13059.0,0.0,0.0,0.0,203.0,3809.0,110.0,0.0,624.0,753.0
2021-03-08 04:00:00+00:00,2928.0,12660.0,0.0,0.0,0.0,203.0,3809.0,112.0,0.0,675.0,2193.0
2021-03-08 04:30:00+00:00,2930.0,12826.0,0.0,0.0,0.0,203.0,3813.0,119.0,0.0,713.0,2246.0
2021-03-08 05:00:00+00:00,2922.0,13002.0,0.0,0.0,0.0,204.0,3817.0,108.0,0.0,681.0,2447.0
2021-03-08 05:30:00+00:00,2624.0,13661.0,58.0,0.0,0.0,203.0,3829.0,108.0,0.0,685.0,2500.0
2021-03-08 06:00:00+00:00,2658.0,14653.0,254.0,0.0,0.0,220.0,3826.0,116.0,0.0,617.0,920.0
2021-03-08 06:30:00+00:00,2636.0,16449.0,539.0,0.0,0.0,228.0,3826.0,108.0,8.0,838.0,920.0
2021-03-08 07:00:00+00:00,2726.0,18590.0,809.0,0.0,0.0,248.0,3831.0,116.0,122.0,1059.0,2613.0
2021-03-08 07:30:00+00:00,2916.0,20049.0,1068.0,0.0,176.0,251.0,3829.0,125.0,401.0,902.0,2607.0
2021-03-08 08:00:00+00:00,2906.0,20260.0,1220.0,0.0,33.0,324.0,3827.0,167.0,813.0,896.0,2678.0
2021-03-08 08:30:00+00:00,2881.0,20871.0,1220.0,0.0,0.0,336.0,3824.0,220.0,1290.0,1125.0,2539.0
2021-03-08 09:00:00+00:00,2900.0,20923.0,1217.0,0.0,0.0,371.0,3821.0,321.0,1800.0,1388.0,2445.0
2021-03-08 09:30:00+00:00,2925.0,21121.0,1227.0,0.0,0.0,380.0,3822.0,325.0,2320.0,1400.0,2366.0
2021-03-08 10:00:00+00:00,2914.0,20738.0,1221.0,0.0,0.0,478.0,3828.0,261.0,2880.0,1406.0,2330.0
2021-03-08 10:30:00+00:00,2914.0,20460.0,1217.0,0.0,0.0,366.0,3823.0,111.0,3540.0,1723.0,2263.0
2021-03-08 11:00:00+00:00,2926.0,19980.0,1147.0,0.0,0.0,362.0,3826.0,121.0,3970.0,1785.0,2286.0
2021-03-08 11:30:00+00:00,2923.0,19917.0,1211.0,0.0,0.0,339.0,3819.0,111.0,4120.0,1871.0,2187.0
2021-03-08 12:00:00+00:00,2925.0,20108.0,1219.0,0.0,0.0,339.0,3821.0,111.0,4090.0,1945.0,2094.0
2021-03-08 12:30:00+00:00,2919.0,19877.0,1208.0,0.0,0.0,338.0,3822.0,114.0,4040.0,2108.0,1988.0
2021-03-08 13:00:00+00:00,2924.0,18786.0,740.0,0.0,177.0,338.0,3821.0,117.0,3860.0,2214.0,1845.0
2021-03-08 13:30:00+00:00,2882.0,19673.0,696.0,0.0,199.0,337.0,3830.0,107.0,3720.0,2046.0,1740.0
2021-03-08 14:00:00+00:00,2854.0,19549.0,692.0,0.0,0.0,347.0,3827.0,108.0,3640.0,2282.0,1715.0
2021-03-08 14:30:00+00:00,2829.0,18925.0,697.0,0.0,0.0,348.0,3832.0,112.0,3370.0,2407.0,1117.0
2021-03-08 15:00:00+00:00,2834.0,18507.0,892.0,0.0,0.0,364.0,3827.0,114.0,2960.0,2532.0,1606.0
2021-03-08 15:30:00+00:00,2854.0,18585.0,1071.0,0.0,0.0,387.0,3828.0,127.0,2500.0,2658.0,1594.0
2021-03-08 16:00:00+00:00,2887.0,19489.0,1238.0,0.0,241.0,478.0,3827.0,211.0,1890.0,2615.0,1454.0
2021-03-08 16:30:00+00:00,2891.0,19911.0,1430.0,0.0,391.0,512.0,3830.0,246.0,1200.0,2594.0,1433.0
2021-03-08 17:00:00+00:00,2877.0,19705.0,1675.0,0.0,1095.0,930.0,3822.0,314.0,530.0,2800.0,1465.0
2021-03-08 17:30:00+00:00,2923.0,20406.0,1711.0,0.0,1512.0,948.0,3828.0,284.0,77.0,2882.0,1390.0
2021-03-08 18:00:00+00:00,2920.0,21123.0,1696.0,0.0,1967.0,950.0,3820.0,284.0,0.0,2852.0,1346.0
2021-03-08 18:30:00+00:00,2921.0,21142.0,1702.0,0.0,2016.0,949.0,3826.0,498.0,0.0,2914.0,1306.0
2021-03-08 19:00:00+00:00,2920.0,20605.0,1578.0,0.0,1767.0,944.0,3824.0,488.0,0.0,3053.0,1346.0
2021-03-08 19:30:00+00:00,2914.0,20433.0,1561.0,0.0,912.0,907.0,3826.0,285.0,0.0,2992.0,1344.0
2021-03-08 20:00:00+00:00,2918.0,20271.0,1541.0,0.0,726.0,375.0,3824.0,143.0,0.0,3097.0,1388.0
2021-03-08 20:30:00+00:00,2924.0,20073.0,1473.0,0.0,0.0,350.0,3824.0,151.0,0.0,2817.0,1382.0
2021-03-08 21:00:00+00:00,2905.0,19060.0,1228.0,0.0,0.0,281.0,3827.0,109.0,0.0,2823.0,1329.0
2021-03-08 21:30:00+00:00,2899.0,17539.0,710.0,0.0,100.0,272.0,3824.0,107.0,0.0,2683.0,1320.0
2021-03-08 22:00:00+00:00,2899.0,16019.0,301.0,0.0,36.0,269.0,3830.0,110.0,0.0,2745.0,1271.0
2021-03-08 22:30:00+00:00,2912.0,14710.0,0.0,0.0,31.0,269.0,3830.0,109.0,0.0,2735.0,1299.0
2021-03-08 23:00:00+00:00,2919.0,13360.0,0.0,0.0,183.0,269.0,3828.0,109.0,0.0,2627.0,1252.0
2021-03-08 23:30:00+00:00,2919.0,12572.0,0.0,0.0,151.0,270.0,3828.0,107.0,0.0,2457.0,1227.0
2021-03-09 00:00:00+00:00,2918.0,12198.0,0.0,0.0,0.0,250.0,3827.0,107.0,0.0,2462.0,1208.0
2021-03-09 00:30:00+00:00,2926.0,12369.0,0.0,0.0,98.0,250.0,3829.0,110.0,0.0,2247.0,789.0
2021-03-09 01:00:00+00:00,2922.0,12971.0,0.0,0.0,0.0,249.0,3819.0,108.0,2.0,2031.0,1275.0
2021-03-09 01:30:00+00:00,2920.0,12389.0,0.0,0.0,0.0,248.0,3820.0,110.0,1.0,1916.0,1326.0
2021-03-09 02:00:00+00:00,2924.0,12274.0,0.0,0.0,0.0,230.0,3822.0,109.0,0.0,1907.0,1364.0
2021-03-09 02:30:00+00:00,2921.0,11986.0,0.0,0.0,0.0,230.0,3826.0,109.0,0.0,1784.0,1430.0
2021-03-09 03:00:00+00:00,2926.0,12235.0,0.0,0.0,0.0,228.0,3823.0,107.0,0.0,1680.0,1437.0
2021-03-09 03:30:00+00:00,2916.0,12011.0,0.0,0.0,0.0,229.0,3826.0,107.0,0.0,1803.0,1448.0
2021-03-09 04:00:00+00:00,2908.0,12034.0,0.0,0.0,0.0,228.0,3826.0,107.0,0.0,1807.0,1481.0
2021-03-09 04:30:00+00:00,2924.0,12390.0,0.0,0.0,0.0,228.0,3831.0,108.0,0.0,1785.0,1524.0
2021-03-09 05:00:00+00:00,2926.0,13633.0,0.0,0.0,0.0,246.0,3837.0,108.0,0.0,1705.0,1642.0
2021-03-09 05:30:00+00:00,2926.0,14518.0,0.0,0.0,45.0,246.0,3838.0,123.0,0.0,1573.0,1652.0
2021-03-09 06:00:00+00:00,2926.0,17462.0,0.0,0.0,47.0,262.0,3837.0,160.0,0.0,1564.0,1763.0
2021-03-09 06:30:00+00:00,2922.0,18865.0,0.0,0.0,99.0,319.0,3837.0,362.0,43.0,1571.0,790.0
2021-03-09 07:00:00+00:00,2919.0,19527.0,0.0,0.0,228.0,649.0,3836.0,385.0,403.0,1579.0,1913.0
2021-03-09 07:30:00+00:00,2921.0,19967.0,60.0,0.0,495.0,647.0,3839.0,465.0,1040.0,1494.0,801.0
2021-03-09 08:00:00+00:00,2908.0,19820.0,322.0,0.0,413.0,681.0,3836.0,394.0,1780.0,1409.0,1989.0
2021-03-09 08:30:00+00:00,2909.0,19566.0,239.0,0.0,768.0,661.0,3835.0,244.0,2490.0,1434.0,2127.0
2021-03-09 09:00:00+00:00,2911.0,19898.0,229.0,0.0,271.0,594.0,3835.0,242.0,3190.0,1346.0,2212.0
2021-03-09 09:30:00+00:00,2898.0,19688.0,228.0,0.0,0.0,555.0,3835.0,214.0,4000.0,1008.0,2403.0
2021-03-09 10:00:00+00:00,2908.0,19224.0,228.0,0.0,0.0,362.0,3831.0,191.0,4750.0,749.0,2875.0
2021-03-09 10:30:00+00:00,2904.0,17861.0,228.0,0.0,0.0,353.0,3826.0,129.0,5390.0,850.0,3195.0
2021-03-09 11:00:00+00:00,2876.0,17072.0,235.0,0.0,0.0,314.0,3827.0,128.0,5770.0,1050.0,3647.0
2021-03-09 11:30:00+00:00,2865.0,16292.0,241.0,0.0,0.0,313.0,3829.0,116.0,5810.0,1181.0,3801.0
2021-03-09 12:00:00+00:00,2879.0,16288.0,236.0,0.0,0.0,298.0,3834.0,113.0,5690.0,1276.0,4161.0
2021-03-09 12:30:00+00:00,2877.0,15986.0,231.0,0.0,0.0,296.0,3840.0,111.0,5410.0,1351.0,4234.0
2021-03-09 13:00:00+00:00,2897.0,15105.0,249.0,0.0,176.0,316.0,3828.0,117.0,4960.0,1430.0,4739.0
2021-03-09 13:30:00+00:00,2901.0,14964.0,244.0,0.0,0.0,297.0,3835.0,117.0,4410.0,1399.0,4969.0
2021-03-09 14:00:00+00:00,2896.0,15613.0,246.0,0.0,208.0,297.0,3836.0,111.0,3890.0,1381.0,5206.0
2021-03-09 14:30:00+00:00,2892.0,16135.0,235.0,0.0,0.0,296.0,3826.0,101.0,3120.0,1617.0,5245.0
2021-03-09 15:00:00+00:00,2895.0,16730.0,241.0,0.0,145.0,315.0,3817.0,105.0,2490.0,1821.0,5040.0
2021-03-09 15:30:00+00:00,2922.0,17854.0,292.0,0.0,238.0,331.0,3829.0,101.0,1790.0,1760.0,4735.0
2021-03-09 16:00:00+00:00,2917.0,18124.0,387.0,0.0,237.0,369.0,3828.0,433.0,1170.0,1744.0,5028.0
2021-03-09 16:30:00+00:00,2924.0,18925.0,413.0,0.0,237.0,415.0,3826.0,437.0,620.0,1900.0,4783.0
2021-03-09 17:00:00+00:00,2928.0,20036.0,436.0,0.0,646.0,449.0,3816.0,451.0,211.0,1915.0,4988.0
2021-03-09 17:30:00+00:00,2916.0,20657.0,478.0,0.0,1151.0,438.0,3813.0,469.0,17.0,2063.0,4893.0
2021-03-09 18:00:00+00:00,2922.0,20796.0,354.0,0.0,1688.0,400.0,3810.0,476.0,6.0,2427.0,5051.0
2021-03-09 18:30:00+00:00,2926.0,20832.0,446.0,0.0,1436.0,402.0,3816.0,401.0,3.0,2752.0,5220.0
2021-03-09 19:00:00+00:00,2914.0,20405.0,387.0,0.0,639.0,402.0,3808.0,272.0,0.0,2907.0,5475.0
2021-03-09 19:30:00+00:00,2916.0,19023.0,260.0,0.0,116.0,384.0,3808.0,116.0,1.0,3258.0,5743.0
2021-03-09 20:00:00+00:00,2914.0,17292.0,0.0,0.0,0.0,328.0,3814.0,103.0,0.0,3708.0,5872.0
2021-03-09 20:30:00+00:00,2926.0,15041.0,0.0,0.0,0.0,317.0,3811.0,101.0,0.0,4062.0,5730.0
2021-03-09 21:00:00+00:00,2918.0,12716.0,0.0,0.0,50.0,288.0,3814.0,104.0,0.0,4501.0,5811.0
2021-03-09 21:30:00+00:00,2917.0,10629.0,0.0,0.0,0.0,265.0,3812.0,99.0,0.0,4602.0,5629.0
2021-03-09 22:00:00+00:00,2922.0,9755.0,0.0,0.0,146.0,233.0,3815.0,113.0,0.0,4724.0,5858.0
2021-03-09 22:30:00+00:00,2921.0,8553.0,0.0,0.0,0.0,270.0,3821.0,101.0,0.0,4863.0,5762.0
2021-03-09 23:00:00+00:00,2910.0,6543.0,0.0,0.0,0.0,361.0,3816.0,101.0,0.0,5071.0,5964.0
2021-03-09 23:30:00+00:00,2628.0,5487.0,0.0,0.0,0.0,316.0,3816.0,101.0,0.0,5146.0,5921.0
2021-03-10 00:00:00+00:00,2649.0,5323.0,0.0,0.0,0.0,303.0,3839.0,101.0,0.0,5256.0,6186.0
2021-03-10 00:30:00+00:00,2919.0,5135.0,0.0,0.0,0.0,309.0,3837.0,107.0,0.0,5424.0,6146.0
2021-03-10 01:00:00+00:00,2925.0,5216.0,0.0,0.0,0.0,334.0,3836.0,114.0,0.0,5529.0,6180.0
2021-03-10 01:30:00+00:00,2921.0,4940.0,0.0,0.0,0.0,338.0,3830.0,113.0,0.0,5643.0,5916.0
2021-03-10 02:00:00+00:00,2920.0,4609.0,0.0,0.0,0.0,454.0,3835.0,108.0,0.0,5587.0,5768.0
2021-03-10 02:30:00+00:00,2917.0,4740.0,0.0,0.0,0.0,371.0,3827.0,115.0,0.0,5471.0,5894.0
2021-03-10 03:00:00+00:00,2920.0,4485.0,0.0,0.0,0.0,363.0,3836.0,105.0,0.0,5727.0,5948.0
2021-03-10 03:30:00+00:00,2907.0,4009.0,0.0,0.0,0.0,377.0,3837.0,102.0,0.0,5787.0,5854.0
2021-03-10 04:00:00+00:00,2657.0,3659.0,0.0,0.0,0.0,382.0,3832.0,101.0,0.0,5997.0,5751.0
2021-03-10 04:30:00+00:00,2354.0,3987.0,0.0,0.0,0.0,388.0,3859.0,113.0,0.0,6016.0,2911.0
2021-03-10 05:00:00+00:00,1950.0,3878.0,0.0,0.0,0.0,388.0,3882.0,101.0,0.0,6036.0,5126.0
2021-03-10 05:30:00+00:00,1893.0,4570.0,0.0,0.0,0.0,492.0,3883.0,102.0,0.0,5984.0,5057.0
2021-03-10 06:00:00+00:00,2181.0,5820.0,0.0,0.0,0.0,424.0,3933.0,103.0,0.0,5771.0,4893.0
2021-03-10 06:30:00+00:00,2847.0,7301.0,0.0,0.0,0.0,407.0,3927.0,102.0,1.0,5822.0,5067.0
2021-03-10 07:00:00+00:00,2951.0,9792.0,0.0,0.0,20.0,427.0,3926.0,117.0,27.0,5809.0,5027.0
2021-03-10 07:30:00+00:00,2960.0,12798.0,0.0,0.0,148.0,443.0,3923.0,131.0,122.0,5843.0,4864.0
2021-03-10 08:00:00+00:00,2959.0,13339.0,0.0,0.0,92.0,420.0,3924.0,192.0,259.0,5707.0,4551.0
2021-03-10 08:30:00+00:00,2954.0,13719.0,0.0,0.0,0.0,829.0,3928.0,139.0,398.0,5543.0,4521.0
2021-03-10 09:00:00+00:00,2958.0,14250.0,0.0,0.0,65.0,791.0,3917.0,221.0,590.0,5645.0,4492.0
2021-03-10 09:30:00+00:00,2955.0,14443.0,0.0,0.0,452.0,637.0,3919.0,237.0,781.0,5562.0,4674.0
2021-03-10 10:00:00+00:00,2957.0,14161.0,0.0,0.0,374.0,655.0,3922.0,246.0,935.0,5554.0,5028.0
2021-03-10 10:30:00+00:00,2956.0,13844.0,0.0,0.0,149.0,656.0,3924.0,319.0,1020.0,5533.0,5315.0
2021-03-10 11:00:00+00:00,2954.0,13749.0,0.0,0.0,301.0,588.0,3917.0,216.0,1000.0,5560.0,5362.0
2021-03-10 11:30:00+00:00,2955.0,13844.0,0.0,0.0,139.0,662.0,3914.0,186.0,924.0,5701.0,5493.0
2021-03-10 12:00:00+00:00,2954.0,13666.0,0.0,0.0,34.0,659.0,3925.0,296.0,876.0,5659.0,5943.0
2021-03-10 12:30:00+00:00,2964.0,13157.0,0.0,0.0,0.0,679.0,3943.0,306.0,793.0,6222.0,6016.0
2021-03-10 13:00:00+00:00,2958.0,13054.0,0.0,0.0,0.0,488.0,3982.0,115.0,706.0,6306.0,6638.0
2021-03-10 13:30:00+00:00,2953.0,12649.0,0.0,0.0,0.0,356.0,4003.0,105.0,612.0,6424.0,6712.0
2021-03-10 14:00:00+00:00,2952.0,12014.0,0.0,0.0,0.0,336.0,4025.0,104.0,540.0,6587.0,6783.0
2021-03-10 14:30:00+00:00,2911.0,11638.0,0.0,0.0,0.0,325.0,4026.0,104.0,454.0,6604.0,6795.0
2021-03-10 15:00:00+00:00,2916.0,11357.0,0.0,0.0,0.0,322.0,4032.0,105.0,357.0,6675.0,6889.0
2021-03-10 15:30:00+00:00,2915.0,11695.0,0.0,0.0,0.0,349.0,4033.0,113.0,263.0,6701.0,6719.0
2021-03-10 16:00:00+00:00,2916.0,12259.0,0.0,0.0,0.0,366.0,4029.0,144.0,211.0,6697.0,6939.0
2021-03-10 16:30:00+00:00,2917.0,12944.0,0.0,0.0,0.0,417.0,4028.0,163.0,126.0,6708.0,6808.0
2021-03-10 17:00:00+00:00,2926.0,13899.0,0.0,0.0,24.0,475.0,4032.0,254.0,48.0,6724.0,7137.0
2021-03-10 17:30:00+00:00,2923.0,13949.0,0.0,0.0,492.0,492.0,4026.0,443.0,7.0,6673.0,7181.0
2021-03-10 18:00:00+00:00,2934.0,13835.0,0.0,0.0,1239.0,506.0,4026.0,383.0,0.0,6675.0,7213.0
2021-03-10 18:30:00+00:00,2907.0,13984.0,0.0,0.0,1275.0,455.0,4046.0,324.0,0.0,6571.0,7118.0
2021-03-10 19:00:00+00:00,2899.0,13564.0,0.0,0.0,300.0,454.0,4045.0,418.0,0.0,6483.0,7317.0
2021-03-10 19:30:00+00:00,2914.0,12499.0,0.0,0.0,0.0,450.0,4049.0,204.0,0.0,6437.0,7239.0
2021-03-10 20:00:00+00:00,2923.0,10534.0,0.0,0.0,244.0,407.0,4045.0,141.0,0.0,6408.0,7024.0
2021-03-10 20:30:00+00:00,2922.0,9190.0,0.0,0.0,0.0,405.0,4053.0,103.0,0.0,6571.0,7101.0
2021-03-10 21:00:00+00:00,2895.0,8018.0,0.0,0.0,196.0,372.0,4046.0,107.0,0.0,6606.0,3665.0
2021-03-10 21:30:00+00:00,2855.0,6428.0,0.0,0.0,0.0,336.0,4066.0,102.0,0.0,6641.0,6977.0
2021-03-10 22:00:00+00:00,2890.0,6057.0,0.0,0.0,156.0,337.0,4080.0,108.0,0.0,6643.0,6061.0
2021-03-10 22:30:00+00:00,2876.0,4889.0,0.0,0.0,151.0,369.0,4085.0,103.0,0.0,6600.0,6267.0
2021-03-10 23:00:00+00:00,2206.0,5058.0,0.0,0.0,0.0,368.0,4097.0,103.0,0.0,6630.0,6243.0
2021-03-10 23:30:00+00:00,2121.0,4562.0,0.0,0.0,0.0,363.0,4100.0,104.0,0.0,6558.0,5938.0
2021-03-11 00:00:00+00:00,2164.0,4382.0,0.0,0.0,0.0,352.0,4103.0,106.0,0.0,6538.0,5931.0
2021-03-11 00:30:00+00:00,2701.0,4470.0,0.0,0.0,0.0,346.0,4095.0,111.0,0.0,6430.0,5778.0
2021-03-11 01:00:00+00:00,2729.0,4413.0,0.0,0.0,0.0,364.0,4120.0,103.0,0.0,6399.0,5773.0
2021-03-11 01:30:00+00:00,2834.0,4281.0,0.0,0.0,0.0,359.0,4139.0,103.0,0.0,6354.0,5811.0
2021-03-11 02:00:00+00:00,2631.0,4046.0,0.0,0.0,0.0,357.0,4146.0,105.0,0.0,6317.0,5860.0
2021-03-11 02:30:00+00:00,2424.0,4089.0,0.0,0.0,0.0,369.0,4138.0,107.0,0.0,6300.0,5826.0
2021-03-11 03:00:00+00:00,2700.0,4169.0,0.0,0.0,0.0,387.0,4142.0,108.0,0.0,6298.0,5785.0
2021-03-11 03:30:00+00:00,2833.0,4216.0,0.0,0.0,0.0,373.0,4141.0,106.0,0.0,6349.0,5754.0
2021-03-11 04:00:00+00:00,2870.0,4445.0,0.0,0.0,0.0,373.0,4149.0,102.0,0.0,6428.0,5798.0
2021-03-11 04:30:00+00:00,2867.0,4490.0,0.0,0.0,0.0,372.0,4143.0,101.0,0.0,6465.0,5814.0
2021-03-11 05:00:00+00:00,2841.0,4104.0,0.0,0.0,0.0,373.0,4141.0,108.0,0.0,6331.0,5797.0
2021-03-11 05:30:00+00:00,2787.0,4025.0,0.0,0.0,0.0,372.0,4157.0,112.0,0.0,6284.0,5849.0
2021-03-11 06:00:00+00:00,2661.0,4679.0,0.0,0.0,0.0,381.0,4154.0,105.0,0.0,6312.0,6256.0
2021-03-11 06:30:00+00:00,2850.0,5693.0,0.0,0.0,167.0,393.0,4154.0,121.0,19.0,5833.0,6723.0
2021-03-11 07:00:00+00:00,2775.0,7848.0,0.0,0.0,87.0,431.0,4161.0,119.0,169.0,5798.0,6823.0
2021-03-11 07:30:00+00:00,2950.0,8919.0,0.0,0.0,87.0,449.0,4154.0,135.0,487.0,5665.0,6780.0
2021-03-11 08:00:00+00:00,2929.0,9968.0,0.0,0.0,0.0,439.0,4156.0,257.0,1040.0,5721.0,6944.0
2021-03-11 08:30:00+00:00,2939.0,9244.0,0.0,0.0,300.0,466.0,4152.0,216.0,1820.0,5776.0,7068.0
2021-03-11 09:00:00+00:00,2961.0,8770.0,0.0,0.0,30.0,491.0,4150.0,237.0,2630.0,5845.0,7076.0
2021-03-11 09:30:00+00:00,2946.0,8156.0,0.0,0.0,70.0,526.0,4152.0,216.0,3140.0,5944.0,7238.0
2021-03-11 10:00:00+00:00,2922.0,7551.0,0.0,0.0,0.0,526.0,4166.0,108.0,3650.0,6193.0,7320.0
2021-03-11 10:30:00+00:00,2766.0,6920.0,0.0,0.0,0.0,527.0,4149.0,114.0,4170.0,6247.0,7322.0
2021-03-11 11:00:00+00:00,2805.0,7164.0,0.0,0.0,0.0,489.0,4135.0,105.0,4470.0,6257.0,7248.0
2021-03-11 11:30:00+00:00,2958.0,7008.0,0.0,0.0,0.0,492.0,4142.0,106.0,4660.0,6273.0,7388.0
2021-03-11 12:00:00+00:00,2936.0,7148.0,0.0,0.0,0.0,461.0,4136.0,106.0,4790.0,6439.0,7416.0
2021-03-11 12:30:00+00:00,2961.0,7060.0,0.0,0.0,0.0,461.0,4144.0,106.0,4480.0,6405.0,7401.0
2021-03-11 13:00:00+00:00,2960.0,7019.0,0.0,0.0,106.0,440.0,4140.0,109.0,4260.0,6320.0,7350.0
2021-03-11 13:30:00+00:00,2916.0,6458.0,0.0,0.0,0.0,481.0,4145.0,108.0,3990.0,6087.0,7448.0
2021-03-11 14:00:00+00:00,2932.0,6210.0,0.0,0.0,0.0,480.0,4115.0,105.0,3790.0,6407.0,7209.0
2021-03-11 14:30:00+00:00,2623.0,6558.0,0.0,0.0,0.0,465.0,4064.0,152.0,3020.0,6318.0,7132.0
2021-03-11 15:00:00+00:00,2637.0,6856.0,0.0,0.0,199.0,442.0,4053.0,145.0,2710.0,6413.0,6968.0
2021-03-11 15:30:00+00:00,2816.0,7325.0,0.0,0.0,238.0,441.0,4031.0,145.0,2080.0,6442.0,3778.0
2021-03-11 16:00:00+00:00,2951.0,8330.0,0.0,0.0,238.0,437.0,4040.0,177.0,1520.0,6470.0,6882.0
2021-03-11 16:30:00+00:00,2967.0,9524.0,0.0,0.0,318.0,472.0,4041.0,202.0,1100.0,6434.0,6863.0
2021-03-11 17:00:00+00:00,2962.0,10921.0,0.0,0.0,664.0,473.0,4053.0,194.0,519.0,6380.0,6840.0
2021-03-11 17:30:00+00:00,2951.0,11669.0,0.0,0.0,1338.0,484.0,4062.0,218.0,109.0,6481.0,6763.0
2021-03-11 18:00:00+00:00,2938.0,11693.0,0.0,0.0,1544.0,479.0,4070.0,428.0,4.0,6386.0,6847.0
2021-03-11 18:30:00+00:00,2941.0,12225.0,0.0,0.0,1575.0,481.0,4096.0,460.0,1.0,6407.0,6550.0
2021-03-11 19:00:00+00:00,2959.0,11750.0,0.0,0.0,1524.0,501.0,4099.0,436.0,0.0,6210.0,6895.0
2021-03-11 19:30:00+00:00,2956.0,11322.0,0.0,0.0,582.0,502.0,4105.0,322.0,0.0,6502.0,6971.0
2021-03-11 20:00:00+00:00,2957.0,11142.0,0.0,0.0,158.0,495.0,4116.0,223.0,0.0,6526.0,6648.0
2021-03-11 20:30:00+00:00,2959.0,9936.0,0.0,0.0,21.0,458.0,4114.0,172.0,0.0,6539.0,6418.0
2021-03-11 21:00:00+00:00,2947.0,8732.0,0.0,0.0,0.0,397.0,4120.0,143.0,0.0,6521.0,6361.0
2021-03-11 21:30:00+00:00,2959.0,6978.0,0.0,0.0,0.0,386.0,4144.0,145.0,0.0,6522.0,6263.0
2021-03-11 22:00:00+00:00,2904.0,6001.0,0.0,0.0,27.0,369.0,4164.0,144.0,0.0,6535.0,6110.0
2021-03-11 22:30:00+00:00,2920.0,4521.0,0.0,0.0,5.0,349.0,4176.0,143.0,0.0,6518.0,6129.0
2021-03-11 23:00:00+00:00,2417.0,4528.0,0.0,0.0,0.0,348.0,4219.0,142.0,0.0,6421.0,5903.0
2021-03-11 23:30:00+00:00,2363.0,4001.0,0.0,0.0,0.0,345.0,4233.0,141.0,0.0,6430.0,5710.0
2021-03-12 00:00:00+00:00,2436.0,4613.0,0.0,0.0,0.0,345.0,4264.0,145.0,0.0,6456.0,5694.0
2021-03-12 00:30:00+00:00,2535.0,4636.0,0.0,0.0,0.0,345.0,4248.0,151.0,0.0,6416.0,5729.0
2021-03-12 01:00:00+00:00,2651.0,4756.0,0.0,0.0,0.0,344.0,4245.0,149.0,0.0,6435.0,5634.0
2021-03-12 01:30:00+00:00,2561.0,4723.0,0.0,0.0,0.0,343.0,4265.0,142.0,0.0,6377.0,5580.0
2021-03-12 02:00:00+00:00,2611.0,4427.0,0.0,0.0,0.0,343.0,4267.0,142.0,0.0,6407.0,5638.0
2021-03-12 02:30:00+00:00,2564.0,4455.0,0.0,0.0,0.0,343.0,4265.0,149.0,0.0,6447.0,5500.0
2021-03-12 03:00:00+00:00,2522.0,4335.0,0.0,0.0,0.0,341.0,4272.0,147.0,0.0,6389.0,5403.0
2021-03-12 03:30:00+00:00,2533.0,3919.0,0.0,0.0,0.0,341.0,4269.0,146.0,0.0,6357.0,5312.0
2021-03-12 04:00:00+00:00,2525.0,3825.0,0.0,0.0,0.0,341.0,4276.0,141.0,0.0,6299.0,5240.0
2021-03-12 04:30:00+00:00,2390.0,3485.0,0.0,0.0,0.0,340.0,4273.0,142.0,0.0,6325.0,5171.0
2021-03-12 05:00:00+00:00,2063.0,3573.0,0.0,0.0,0.0,338.0,4275.0,141.0,0.0,6303.0,4969.0
2021-03-12 05:30:00+00:00,2206.0,3730.0,0.0,0.0,0.0,339.0,4285.0,144.0,0.0,6315.0,5306.0
2021-03-12 06:00:00+00:00,2170.0,3825.0,0.0,0.0,0.0,554.0,4288.0,148.0,0.0,6311.0,5238.0
2021-03-12 06:30:00+00:00,2629.0,4390.0,0.0,0.0,0.0,555.0,4290.0,143.0,40.0,6437.0,5416.0
2021-03-12 07:00:00+00:00,2788.0,5903.0,0.0,0.0,177.0,582.0,4291.0,148.0,226.0,6441.0,5277.0
2021-03-12 07:30:00+00:00,2792.0,7276.0,0.0,0.0,452.0,751.0,4288.0,156.0,569.0,6447.0,5221.0
2021-03-12 08:00:00+00:00,2785.0,7615.0,0.0,0.0,425.0,704.0,4300.0,417.0,946.0,6442.0,5705.0
2021-03-12 08:30:00+00:00,2741.0,7718.0,0.0,0.0,816.0,709.0,4287.0,280.0,1350.0,6424.0,2809.0
2021-03-12 09:00:00+00:00,2746.0,7791.0,0.0,0.0,1151.0,721.0,4294.0,274.0,1950.0,6406.0,5812.0
2021-03-12 09:30:00+00:00,2745.0,8162.0,0.0,0.0,777.0,717.0,4292.0,257.0,2810.0,6392.0,5809.0
2021-03-12 10:00:00+00:00,2746.0,7923.0,0.0,0.0,149.0,714.0,4294.0,224.0,3410.0,6418.0,6101.0
2021-03-12 10:30:00+00:00,2784.0,7744.0,0.0,0.0,52.0,656.0,4292.0,173.0,3960.0,6388.0,6035.0
2021-03-12 11:00:00+00:00,2816.0,7637.0,0.0,0.0,0.0,634.0,4287.0,164.0,4410.0,6375.0,6448.0
2021-03-12 11:30:00+00:00,2838.0,7161.0,0.0,0.0,0.0,543.0,4292.0,146.0,4720.0,6401.0,6403.0
2021-03-12 12:00:00+00:00,2801.0,6988.0,0.0,0.0,0.0,513.0,4296.0,196.0,4790.0,6465.0,6529.0
2021-03-12 12:30:00+00:00,2863.0,6681.0,0.0,0.0,0.0,466.0,4296.0,225.0,4720.0,6440.0,6819.0
2021-03-12 13:00:00+00:00,2865.0,6441.0,0.0,0.0,0.0,459.0,4304.0,188.0,4740.0,6441.0,6801.0
2021-03-12 13:30:00+00:00,2831.0,5936.0,0.0,0.0,0.0,461.0,4310.0,167.0,4600.0,6378.0,6617.0
2021-03-12 14:00:00+00:00,2652.0,5946.0,0.0,0.0,0.0,465.0,4308.0,161.0,4190.0,6364.0,6513.0
2021-03-12 14:30:00+00:00,2546.0,5821.0,0.0,0.0,0.0,477.0,4318.0,147.0,3750.0,6416.0,6478.0
2021-03-12 15:00:00+00:00,2403.0,5880.0,0.0,0.0,0.0,480.0,4314.0,151.0,2950.0,6365.0,6263.0
2021-03-12 15:30:00+00:00,2644.0,6167.0,0.0,0.0,0.0,494.0,4322.0,152.0,2320.0,6320.0,6328.0
2021-03-12 16:00:00+00:00,2867.0,6784.0,0.0,0.0,32.0,528.0,4327.0,201.0,1590.0,6238.0,6045.0
2021-03-12 16:30:00+00:00,2891.0,8180.0,0.0,0.0,102.0,531.0,4329.0,198.0,950.0,6210.0,6132.0
2021-03-12 17:00:00+00:00,2939.0,9623.0,0.0,0.0,492.0,632.0,4335.0,195.0,370.0,6221.0,5606.0
2021-03-12 17:30:00+00:00,2923.0,10602.0,0.0,0.0,937.0,631.0,4336.0,193.0,50.0,6291.0,5906.0
2021-03-12 18:00:00+00:00,2925.0,10813.0,0.0,0.0,1625.0,752.0,4325.0,211.0,0.0,6193.0,5520.0
2021-03-12 18:30:00+00:00,2944.0,11939.0,0.0,0.0,1806.0,765.0,4327.0,266.0,0.0,5963.0,5256.0
2021-03-12 19:00:00+00:00,2935.0,11982.0,0.0,0.0,1452.0,764.0,4326.0,352.0,0.0,5803.0,5080.0
2021-03-12 19:30:00+00:00,2944.0,10913.0,0.0,0.0,818.0,757.0,4328.0,344.0,0.0,5924.0,5092.0
2021-03-12 20:00:00+00:00,2944.0,10819.0,0.0,0.0,383.0,667.0,4323.0,194.0,0.0,5691.0,4891.0
2021-03-12 20:30:00+00:00,2942.0,9438.0,0.0,0.0,88.0,634.0,4322.0,162.0,0.0,5970.0,5039.0
2021-03-12 21:00:00+00:00,2936.0,8803.0,0.0,0.0,145.0,626.0,4330.0,152.0,0.0,5900.0,4639.0
2021-03-12 21:30:00+00:00,2940.0,7442.0,0.0,0.0,0.0,624.0,4325.0,150.0,0.0,6017.0,4453.0
2021-03-12 22:00:00+00:00,2936.0,6641.0,0.0,0.0,0.0,585.0,4330.0,149.0,0.0,5970.0,4220.0
2021-03-12 22:30:00+00:00,2730.0,5668.0,0.0,0.0,0.0,624.0,4327.0,151.0,0.0,5924.0,4153.0
2021-03-12 23:00:00+00:00,2273.0,5324.0,0.0,0.0,150.0,661.0,4325.0,156.0,0.0,5792.0,3968.0
2021-03-12 23:30:00+00:00,2269.0,4945.0,0.0,0.0,0.0,664.0,4331.0,154.0,0.0,5804.0,3661.0
2021-03-13 00:00:00+00:00,2280.0,4602.0,0.0,0.0,0.0,639.0,4339.0,156.0,0.0,5850.0,3273.0
2021-03-13 00:30:00+00:00,2278.0,4802.0,0.0,0.0,0.0,637.0,4344.0,151.0,0.0,5895.0,3088.0
2021-03-13 01:00:00+00:00,2258.0,5047.0,0.0,0.0,0.0,626.0,4341.0,149.0,0.0,5934.0,2947.0
2021-03-13 01:30:00+00:00,2260.0,4387.0,0.0,0.0,0.0,553.0,4350.0,149.0,0.0,5935.0,2984.0
2021-03-13 02:00:00+00:00,2262.0,4298.0,0.0,0.0,0.0,553.0,4353.0,156.0,0.0,5895.0,3004.0
2021-03-13 02:30:00+00:00,2262.0,4043.0,0.0,0.0,0.0,554.0,4354.0,167.0,0.0,5764.0,3045.0
2021-03-13 03:00:00+00:00,2274.0,4455.0,0.0,0.0,0.0,466.0,4350.0,151.0,0.0,5610.0,3154.0
2021-03-13 03:30:00+00:00,2278.0,4082.0,0.0,0.0,0.0,466.0,4341.0,149.0,0.0,5646.0,3321.0
2021-03-13 04:00:00+00:00,2273.0,3745.0,0.0,0.0,0.0,482.0,4361.0,148.0,0.0,5534.0,3638.0
2021-03-13 04:30:00+00:00,2276.0,3593.0,0.0,0.0,0.0,471.0,4361.0,148.0,0.0,5624.0,3814.0
2021-03-13 05:00:00+00:00,2258.0,3804.0,0.0,0.0,0.0,472.0,4357.0,148.0,0.0,5654.0,3983.0
2021-03-13 05:30:00+00:00,2254.0,4147.0,0.0,0.0,0.0,471.0,4376.0,147.0,0.0,5692.0,4161.0
2021-03-13 06:00:00+00:00,2251.0,3894.0,0.0,0.0,0.0,495.0,4376.0,151.0,0.0,5727.0,4357.0
2021-03-13 06:30:00+00:00,2078.0,3889.0,0.0,0.0,0.0,496.0,4381.0,151.0,63.0,5788.0,4498.0
2021-03-13 07:00:00+00:00,1627.0,4064.0,0.0,0.0,50.0,619.0,4373.0,150.0,351.0,5828.0,4729.0
2021-03-13 07:30:00+00:00,1619.0,4588.0,0.0,0.0,0.0,625.0,4380.0,150.0,800.0,5851.0,4743.0
2021-03-13 08:00:00+00:00,1628.0,5014.0,0.0,0.0,0.0,685.0,4377.0,158.0,1380.0,5961.0,5124.0
2021-03-13 08:30:00+00:00,1641.0,5481.0,0.0,0.0,236.0,685.0,4377.0,248.0,1900.0,6103.0,4990.0
2021-03-13 09:00:00+00:00,1647.0,5625.0,0.0,0.0,0.0,694.0,4378.0,363.0,2500.0,6152.0,5359.0
2021-03-13 09:30:00+00:00,1636.0,5657.0,0.0,0.0,88.0,701.0,4384.0,417.0,3100.0,6111.0,5382.0
2021-03-13 10:00:00+00:00,1629.0,5526.0,0.0,0.0,0.0,686.0,4381.0,412.0,3550.0,6288.0,5833.0
2021-03-13 10:30:00+00:00,1618.0,5476.0,0.0,0.0,268.0,683.0,4391.0,272.0,4030.0,6235.0,6033.0
2021-03-13 11:00:00+00:00,1595.0,5488.0,0.0,0.0,0.0,679.0,4401.0,242.0,4610.0,6292.0,6514.0
2021-03-13 11:30:00+00:00,1607.0,5007.0,0.0,0.0,0.0,662.0,4391.0,174.0,4820.0,6184.0,6570.0
2021-03-13 12:00:00+00:00,1608.0,4594.0,0.0,0.0,74.0,531.0,4396.0,176.0,5140.0,6189.0,6965.0
2021-03-13 12:30:00+00:00,1630.0,4877.0,0.0,0.0,89.0,485.0,4390.0,176.0,5220.0,6288.0,6721.0
2021-03-13 13:00:00+00:00,1621.0,4572.0,0.0,0.0,0.0,479.0,4391.0,186.0,5180.0,6078.0,6595.0
2021-03-13 13:30:00+00:00,1636.0,4277.0,0.0,0.0,0.0,481.0,4385.0,194.0,4710.0,6157.0,6651.0
2021-03-13 14:00:00+00:00,1634.0,4232.0,0.0,0.0,296.0,495.0,4383.0,187.0,4360.0,6049.0,6329.0
2021-03-13 14:30:00+00:00,1634.0,4230.0,0.0,0.0,0.0,609.0,4384.0,155.0,3670.0,6056.0,6519.0
2021-03-13 15:00:00+00:00,1631.0,4434.0,0.0,0.0,203.0,589.0,4377.0,153.0,2910.0,6124.0,6368.0
2021-03-13 15:30:00+00:00,1634.0,5206.0,0.0,0.0,88.0,716.0,4382.0,153.0,2300.0,5991.0,6196.0
2021-03-13 16:00:00+00:00,1638.0,5837.0,0.0,0.0,143.0,762.0,4385.0,251.0,1800.0,5809.0,5886.0
2021-03-13 16:30:00+00:00,1640.0,6506.0,0.0,0.0,899.0,903.0,4394.0,203.0,1230.0,6016.0,5874.0
2021-03-13 17:00:00+00:00,1643.0,8859.0,0.0,0.0,899.0,945.0,4384.0,211.0,645.0,6008.0,5054.0
2021-03-13 17:30:00+00:00,1644.0,10539.0,0.0,0.0,749.0,950.0,4400.0,402.0,164.0,5960.0,4961.0
2021-03-13 18:00:00+00:00,1642.0,10732.0,0.0,0.0,1436.0,968.0,4396.0,500.0,3.0,5894.0,4725.0
2021-03-13 18:30:00+00:00,1646.0,11726.0,0.0,0.0,1962.0,969.0,4391.0,506.0,2.0,5818.0,4740.0
2021-03-13 19:00:00+00:00,1641.0,12115.0,0.0,0.0,1804.0,902.0,4395.0,490.0,0.0,5720.0,4789.0
2021-03-13 19:30:00+00:00,1641.0,11303.0,0.0,0.0,1303.0,697.0,4397.0,496.0,0.0,5777.0,5073.0
2021-03-13 20:00:00+00:00,1634.0,11157.0,0.0,0.0,159.0,650.0,4390.0,476.0,0.0,6041.0,5350.0
2021-03-13 20:30:00+00:00,1639.0,10359.0,0.0,0.0,0.0,629.0,4395.0,242.0,0.0,6046.0,5510.0
2021-03-13 21:00:00+00:00,1637.0,9417.0,0.0,0.0,0.0,493.0,4396.0,224.0,0.0,6100.0,5698.0
2021-03-13 21:30:00+00:00,1644.0,8017.0,0.0,0.0,0.0,492.0,4400.0,175.0,0.0,6079.0,5708.0
2021-03-13 22:00:00+00:00,1641.0,6648.0,0.0,0.0,21.0,486.0,4401.0,169.0,0.0,6054.0,5985.0
2021-03-13 22:30:00+00:00,1646.0,5389.0,0.0,0.0,0.0,448.0,4402.0,145.0,0.0,6112.0,6215.0
2021-03-13 23:00:00+00:00,1645.0,4348.0,0.0,0.0,0.0,470.0,4401.0,150.0,0.0,5977.0,6392.0
2021-03-13 23:30:00+00:00,1624.0,3482.0,0.0,0.0,0.0,449.0,4405.0,145.0,0.0,5936.0,6636.0
2021-03-14 00:00:00+00:00,1449.0,3208.0,0.0,0.0,0.0,424.0,4420.0,143.0,0.0,5882.0,6714.0
2021-03-14 00:30:00+00:00,1617.0,3446.0,0.0,0.0,0.0,420.0,4413.0,150.0,1.0,5914.0,6504.0
2021-03-14 01:00:00+00:00,1617.0,3986.0,0.0,0.0,0.0,355.0,4419.0,141.0,3.0,5852.0,6526.0
2021-03-14 01:30:00+00:00,1621.0,3896.0,0.0,0.0,0.0,337.0,4423.0,145.0,0.0,5813.0,6230.0
2021-03-14 02:00:00+00:00,1618.0,3854.0,0.0,0.0,0.0,337.0,4423.0,142.0,1.0,5641.0,6279.0
2021-03-14 02:30:00+00:00,1625.0,3926.0,0.0,0.0,0.0,337.0,4420.0,143.0,2.0,5712.0,6230.0
2021-03-14 03:00:00+00:00,1623.0,3753.0,0.0,0.0,0.0,334.0,4427.0,145.0,1.0,5779.0,6319.0
2021-03-14 03:30:00+00:00,1622.0,3632.0,0.0,0.0,0.0,334.0,4423.0,141.0,0.0,5753.0,6404.0
2021-03-14 04:00:00+00:00,1625.0,3871.0,0.0,0.0,0.0,332.0,4417.0,155.0,1.0,5713.0,6392.0
2021-03-14 04:30:00+00:00,1620.0,3737.0,0.0,0.0,0.0,331.0,4425.0,141.0,0.0,5967.0,6636.0
2021-03-14 05:00:00+00:00,1624.0,3883.0,0.0,0.0,0.0,345.0,4416.0,141.0,0.0,5709.0,6559.0
2021-03-14 05:30:00+00:00,1620.0,4027.0,0.0,0.0,0.0,345.0,4436.0,144.0,0.0,5979.0,6427.0
2021-03-14 06:00:00+00:00,1621.0,4161.0,0.0,0.0,0.0,361.0,4431.0,141.0,2.0,6126.0,6290.0
2021-03-14 06:30:00+00:00,1637.0,3898.0,0.0,0.0,0.0,362.0,4431.0,152.0,156.0,5924.0,6569.0
2021-03-14 07:00:00+00:00,1711.0,3409.0,0.0,0.0,0.0,365.0,4439.0,150.0,614.0,6049.0,6585.0
2021-03-14 07:30:00+00:00,1795.0,3473.0,0.0,0.0,0.0,373.0,4436.0,144.0,1190.0,6112.0,6653.0
2021-03-14 08:00:00+00:00,1917.0,3569.0,0.0,0.0,0.0,403.0,4440.0,144.0,1740.0,6171.0,6607.0
2021-03-14 08:30:00+00:00,2304.0,3610.0,0.0,0.0,0.0,409.0,4435.0,154.0,2370.0,6220.0,6226.0
2021-03-14 09:00:00+00:00,2725.0,3623.0,0.0,0.0,0.0,432.0,4434.0,146.0,2880.0,6150.0,6510.0
2021-03-14 09:30:00+00:00,2810.0,3782.0,0.0,0.0,0.0,491.0,4430.0,149.0,3270.0,6215.0,6468.0
2021-03-14 10:00:00+00:00,2255.0,3823.0,0.0,0.0,0.0,573.0,4432.0,152.0,3390.0,6215.0,6534.0
2021-03-14 10:30:00+00:00,2095.0,4062.0,0.0,0.0,0.0,574.0,4435.0,155.0,3590.0,6191.0,6654.0
2021-03-14 11:00:00+00:00,2394.0,4012.0,0.0,0.0,0.0,510.0,4431.0,153.0,3480.0,6134.0,6509.0
2021-03-14 11:30:00+00:00,2589.0,4112.0,0.0,0.0,0.0,505.0,4431.0,151.0,3210.0,5996.0,6528.0
2021-03-14 12:00:00+00:00,2912.0,4372.0,0.0,0.0,32.0,492.0,4433.0,149.0,3440.0,5727.0,6550.0
2021-03-14 12:30:00+00:00,2930.0,5030.0,0.0,0.0,120.0,465.0,4427.0,152.0,3200.0,5626.0,6161.0
2021-03-14 13:00:00+00:00,2935.0,5744.0,0.0,0.0,178.0,422.0,4428.0,155.0,3050.0,5668.0,5835.0
2021-03-14 13:30:00+00:00,2931.0,6360.0,0.0,0.0,62.0,449.0,4427.0,153.0,2840.0,5473.0,5599.0
2021-03-14 14:00:00+00:00,2936.0,6460.0,0.0,0.0,0.0,422.0,4429.0,170.0,2210.0,5604.0,5331.0
2021-03-14 14:30:00+00:00,2936.0,6742.0,0.0,0.0,0.0,422.0,4424.0,152.0,1600.0,6019.0,5363.0
2021-03-14 15:00:00+00:00,2936.0,7393.0,0.0,0.0,11.0,450.0,4432.0,155.0,1100.0,6019.0,5165.0
2021-03-14 15:30:00+00:00,2919.0,8794.0,0.0,0.0,0.0,446.0,4453.0,151.0,724.0,5913.0,5109.0
2021-03-14 16:00:00+00:00,2932.0,9588.0,0.0,0.0,272.0,447.0,4425.0,153.0,481.0,5849.0,4997.0
2021-03-14 16:30:00+00:00,2937.0,10761.0,0.0,0.0,200.0,496.0,4432.0,157.0,265.0,5869.0,4993.0
2021-03-14 17:00:00+00:00,2923.0,12030.0,0.0,0.0,601.0,585.0,4439.0,182.0,114.0,5774.0,4828.0
2021-03-14 17:30:00+00:00,2887.0,12667.0,0.0,0.0,721.0,710.0,4429.0,345.0,22.0,5849.0,4786.0
2021-03-14 18:00:00+00:00,2902.0,12633.0,0.0,0.0,1071.0,729.0,4428.0,367.0,1.0,5679.0,4698.0
2021-03-14 18:30:00+00:00,2898.0,12411.0,0.0,0.0,1422.0,732.0,4431.0,483.0,1.0,5595.0,4594.0
2021-03-14 19:00:00+00:00,2917.0,12599.0,0.0,0.0,613.0,733.0,4432.0,483.0,0.0,172.0,2222.0
2021-03-14 19:30:00+00:00,2924.0,12585.0,0.0,0.0,0.0,716.0,4431.0,208.0,0.0,5181.0,4685.0
2021-03-14 20:00:00+00:00,2930.0,12037.0,0.0,0.0,0.0,716.0,4431.0,182.0,0.0,5033.0,4778.0
2021-03-14 20:30:00+00:00,2908.0,10372.0,0.0,0.0,0.0,661.0,4427.0,150.0,0.0,5079.0,4838.0
2021-03-14 21:00:00+00:00,2916.0,9201.0,0.0,0.0,0.0,619.0,4424.0,150.0,0.0,5157.0,4828.0
2021-03-14 21:30:00+00:00,2909.0,8192.0,0.0,0.0,0.0,616.0,4429.0,146.0,0.0,5202.0,4741.0
2021-03-14 22:00:00+00:00,2930.0,6698.0,0.0,0.0,0.0,572.0,4430.0,149.0,0.0,5336.0,4672.0
2021-03-14 22:30:00+00:00,2926.0,5293.0,0.0,0.0,0.0,584.0,4434.0,148.0,0.0,5412.0,4651.0
2021-03-14 23:00:00+00:00,2670.0,4574.0,0.0,0.0,0.0,447.0,4432.0,150.0,0.0,5533.0,4669.0
2021-03-14 23:30:00+00:00,2770.0,3844.0,0.0,0.0,0.0,416.0,4432.0,152.0,0.0,5504.0,4611.0
2021-03-15 00:00:00+00:00,2891.0,4080.0,0.0,0.0,0.0,391.0,4436.0,149.0,0.0,5483.0,4396.0
2021-03-15 00:30:00+00:00,2875.0,4151.0,0.0,0.0,0.0,374.0,4432.0,149.0,2.0,5605.0,4351.0
2021-03-15 01:00:00+00:00,2890.0,4531.0,0.0,0.0,0.0,345.0,4430.0,148.0,1.0,5620.0,4313.0
2021-03-15 01:30:00+00:00,2905.0,4468.0,0.0,0.0,0.0,328.0,4432.0,153.0,0.0,5702.0,4275.0
2021-03-15 02:00:00+00:00,2890.0,4679.0,0.0,0.0,0.0,323.0,4436.0,150.0,2.0,5307.0,4216.0
2021-03-15 02:30:00+00:00,2729.0,4802.0,0.0,0.0,0.0,302.0,4431.0,156.0,2.0,5207.0,4027.0
2021-03-15 03:00:00+00:00,2699.0,4525.0,0.0,0.0,0.0,299.0,4430.0,149.0,1.0,5131.0,3922.0
2021-03-15 03:30:00+00:00,2703.0,4608.0,0.0,0.0,0.0,281.0,4431.0,149.0,0.0,5119.0,3892.0
2021-03-15 04:00:00+00:00,2778.0,4271.0,0.0,0.0,0.0,289.0,4436.0,151.0,0.0,4947.0,3862.0
2021-03-15 04:30:00+00:00,2820.0,4623.0,0.0,0.0,0.0,288.0,4429.0,154.0,0.0,4860.0,3764.0
2021-03-15 05:00:00+00:00,2907.0,5048.0,0.0,0.0,0.0,305.0,4432.0,157.0,0.0,4829.0,3487.0
2021-03-15 05:30:00+00:00,2882.0,6028.0,0.0,0.0,0.0,319.0,4443.0,125.0,0.0,4683.0,3261.0
2021-03-15 06:00:00+00:00,2851.0,7184.0,0.0,0.0,33.0,493.0,4439.0,233.0,3.0,4441.0,3045.0
2021-03-15 06:30:00+00:00,2862.0,9313.0,0.0,0.0,0.0,492.0,4436.0,158.0,101.0,4553.0,2922.0
2021-03-15 07:00:00+00:00,2859.0,12310.0,0.0,0.0,15.0,500.0,4441.0,241.0,445.0,4522.0,2810.0
2021-03-15 07:30:00+00:00,2863.0,14744.0,0.0,0.0,0.0,462.0,4436.0,427.0,917.0,4279.0,2693.0
2021-03-15 08:00:00+00:00,2837.0,15768.0,0.0,0.0,35.0,723.0,4446.0,419.0,1570.0,4091.0,2543.0
2021-03-15 08:30:00+00:00,2870.0,16226.0,0.0,0.0,32.0,721.0,4436.0,428.0,2150.0,4028.0,2378.0
2021-03-15 09:00:00+00:00,2879.0,16389.0,0.0,0.0,143.0,599.0,4439.0,420.0,2730.0,5034.0,1421.0
2021-03-15 09:30:00+00:00,2863.0,16720.0,0.0,0.0,0.0,600.0,4443.0,326.0,2990.0,3891.0,2307.0
2021-03-15 10:00:00+00:00,2877.0,16690.0,0.0,0.0,113.0,600.0,4428.0,362.0,3250.0,3814.0,2268.0
2021-03-15 10:30:00+00:00,2875.0,16660.0,0.0,0.0,152.0,604.0,4440.0,361.0,3640.0,3544.0,2185.0
2021-03-15 11:00:00+00:00,2891.0,16609.0,0.0,0.0,165.0,599.0,4431.0,155.0,4010.0,3656.0,2115.0
2021-03-15 11:30:00+00:00,2904.0,16912.0,0.0,0.0,154.0,611.0,4431.0,175.0,4310.0,3680.0,2062.0
2021-03-15 12:00:00+00:00,2875.0,17298.0,0.0,0.0,0.0,631.0,4446.0,197.0,4450.0,3860.0,1410.0
2021-03-15 12:30:00+00:00,2880.0,17330.0,21.0,0.0,167.0,618.0,4442.0,272.0,4640.0,3625.0,2073.0
2021-03-15 13:00:00+00:00,2815.0,17080.0,67.0,0.0,0.0,600.0,4437.0,253.0,4530.0,3731.0,2142.0
2021-03-15 13:30:00+00:00,2775.0,16519.0,245.0,0.0,0.0,600.0,4441.0,155.0,4280.0,3782.0,2169.0
2021-03-15 14:00:00+00:00,2782.0,16538.0,431.0,0.0,0.0,578.0,4443.0,124.0,4080.0,3737.0,2211.0
2021-03-15 14:30:00+00:00,2820.0,16738.0,496.0,0.0,0.0,578.0,4438.0,126.0,3710.0,3722.0,2212.0
2021-03-15 15:00:00+00:00,2832.0,16415.0,563.0,0.0,0.0,551.0,4442.0,125.0,3130.0,3625.0,2043.0
2021-03-15 15:30:00+00:00,2847.0,16578.0,722.0,0.0,0.0,537.0,4439.0,126.0,2460.0,3623.0,1991.0
2021-03-15 16:00:00+00:00,2869.0,17734.0,884.0,0.0,0.0,589.0,4447.0,167.0,1790.0,3679.0,1794.0
2021-03-15 16:30:00+00:00,2871.0,18436.0,1334.0,0.0,516.0,598.0,4441.0,174.0,1070.0,3567.0,1718.0
2021-03-15 17:00:00+00:00,2831.0,19768.0,1361.0,0.0,1433.0,630.0,4439.0,193.0,551.0,3449.0,1341.0
2021-03-15 17:30:00+00:00,2838.0,20874.0,1218.0,0.0,1823.0,630.0,4445.0,298.0,129.0,3351.0,1291.0
2021-03-15 18:00:00+00:00,2839.0,20677.0,1387.0,0.0,2180.0,742.0,4443.0,317.0,5.0,3048.0,1033.0
2021-03-15 18:30:00+00:00,2855.0,21069.0,1467.0,0.0,2318.0,888.0,4436.0,324.0,0.0,2900.0,1086.0
2021-03-15 19:00:00+00:00,2871.0,21059.0,1551.0,0.0,2316.0,892.0,4443.0,323.0,0.0,3786.0,497.0
2021-03-15 19:30:00+00:00,2833.0,20775.0,1631.0,0.0,2028.0,778.0,4444.0,321.0,0.0,2588.0,949.0
2021-03-15 20:00:00+00:00,2767.0,20217.0,1637.0,0.0,1538.0,761.0,4442.0,252.0,0.0,2482.0,1052.0
2021-03-15 20:30:00+00:00,2782.0,19761.0,1658.0,0.0,689.0,635.0,4447.0,208.0,0.0,2329.0,1082.0
2021-03-15 21:00:00+00:00,2779.0,19521.0,1253.0,0.0,546.0,576.0,4479.0,151.0,0.0,2000.0,1170.0
2021-03-15 21:30:00+00:00,2839.0,18738.0,680.0,0.0,81.0,592.0,4518.0,150.0,0.0,1799.0,1284.0
2021-03-15 22:00:00+00:00,2900.0,17508.0,293.0,0.0,0.0,513.0,4531.0,148.0,0.0,1408.0,1473.0
2021-03-15 22:30:00+00:00,2895.0,15674.0,0.0,0.0,52.0,503.0,4537.0,149.0,0.0,1268.0,1615.0
2021-03-15 23:00:00+00:00,2899.0,14004.0,0.0,0.0,0.0,366.0,4537.0,148.0,0.0,1058.0,1877.0
2021-03-15 23:30:00+00:00,2876.0,12127.0,0.0,0.0,0.0,361.0,4556.0,148.0,0.0,1036.0,1967.0
2021-03-16 00:00:00+00:00,2567.0,11419.0,0.0,0.0,0.0,338.0,4593.0,148.0,0.0,1314.0,2151.0
2021-03-16 00:30:00+00:00,2584.0,11113.0,0.0,0.0,0.0,338.0,4624.0,148.0,0.0,1574.0,2418.0
2021-03-16 01:00:00+00:00,2558.0,11179.0,0.0,0.0,0.0,300.0,4633.0,148.0,0.0,1646.0,2801.0
2021-03-16 01:30:00+00:00,2557.0,10424.0,0.0,0.0,0.0,301.0,4652.0,149.0,0.0,1675.0,3020.0
2021-03-16 02:00:00+00:00,2641.0,10596.0,0.0,0.0,0.0,296.0,4667.0,150.0,0.0,1550.0,3117.0
2021-03-16 02:30:00+00:00,2769.0,10229.0,0.0,0.0,0.0,287.0,4672.0,273.0,0.0,1672.0,3123.0
2021-03-16 03:00:00+00:00,2788.0,9926.0,0.0,0.0,0.0,286.0,4667.0,152.0,0.0,1707.0,3337.0
2021-03-16 03:30:00+00:00,2614.0,9947.0,0.0,0.0,0.0,285.0,4667.0,151.0,0.0,1497.0,3096.0
2021-03-16 04:00:00+00:00,2703.0,9873.0,0.0,0.0,0.0,284.0,4677.0,149.0,0.0,1129.0,3288.0
2021-03-16 04:30:00+00:00,2749.0,9434.0,0.0,0.0,0.0,293.0,4681.0,150.0,0.0,842.0,3412.0
2021-03-16 05:00:00+00:00,2810.0,10085.0,0.0,0.0,0.0,275.0,4679.0,151.0,0.0,932.0,4201.0
2021-03-16 05:30:00+00:00,2732.0,10225.0,0.0,0.0,0.0,286.0,4680.0,150.0,0.0,971.0,4580.0
2021-03-16 06:00:00+00:00,2771.0,10978.0,0.0,0.0,0.0,423.0,4686.0,251.0,0.0,868.0,5251.0
2021-03-16 06:30:00+00:00,2838.0,12081.0,229.0,0.0,0.0,351.0,4679.0,330.0,28.0,1319.0,5277.0
2021-03-16 07:00:00+00:00,2900.0,13966.0,457.0,0.0,115.0,382.0,4679.0,370.0,174.0,1452.0,5662.0
2021-03-16 07:30:00+00:00,2903.0,14870.0,500.0,0.0,214.0,410.0,4674.0,388.0,390.0,1416.0,5817.0
2021-03-16 08:00:00+00:00,2899.0,15122.0,518.0,0.0,269.0,626.0,4684.0,467.0,664.0,1665.0,5704.0
2021-03-16 08:30:00+00:00,2907.0,15232.0,466.0,0.0,423.0,606.0,4670.0,490.0,1040.0,1896.0,5530.0
2021-03-16 09:00:00+00:00,2906.0,15126.0,543.0,0.0,234.0,545.0,4672.0,489.0,1580.0,1946.0,5637.0
2021-03-16 09:30:00+00:00,2873.0,15003.0,470.0,0.0,404.0,493.0,4677.0,398.0,2090.0,2216.0,5772.0
2021-03-16 10:00:00+00:00,2853.0,15098.0,585.0,0.0,169.0,495.0,4679.0,371.0,2600.0,2243.0,6115.0
2021-03-16 10:30:00+00:00,2848.0,14428.0,401.0,0.0,0.0,484.0,4682.0,339.0,3270.0,2378.0,6253.0
2021-03-16 11:00:00+00:00,2851.0,13546.0,484.0,0.0,0.0,330.0,4671.0,192.0,3670.0,2492.0,2858.0
2021-03-16 11:30:00+00:00,2859.0,13768.0,570.0,0.0,0.0,320.0,4678.0,157.0,3790.0,2503.0,6443.0
2021-03-16 12:00:00+00:00,2858.0,13625.0,725.0,0.0,0.0,323.0,4693.0,161.0,3960.0,2767.0,6529.0
2021-03-16 12:30:00+00:00,2862.0,13837.0,548.0,0.0,69.0,323.0,4709.0,227.0,4080.0,2913.0,6382.0
2021-03-16 13:00:00+00:00,2856.0,13518.0,316.0,0.0,0.0,322.0,4735.0,225.0,4140.0,3263.0,6240.0
2021-03-16 13:30:00+00:00,2841.0,12646.0,316.0,0.0,0.0,310.0,4742.0,162.0,4200.0,3493.0,6144.0
2021-03-16 14:00:00+00:00,2842.0,11183.0,321.0,0.0,0.0,300.0,4743.0,162.0,4090.0,3966.0,6433.0
2021-03-16 14:30:00+00:00,2854.0,10501.0,313.0,0.0,0.0,289.0,4735.0,164.0,3770.0,4605.0,6301.0
2021-03-16 15:00:00+00:00,2857.0,10848.0,365.0,0.0,0.0,299.0,4740.0,168.0,3450.0,4807.0,6024.0
2021-03-16 15:30:00+00:00,2861.0,12260.0,365.0,0.0,0.0,299.0,4741.0,164.0,3000.0,2492.0,3115.0
2021-03-16 16:00:00+00:00,2853.0,12831.0,365.0,0.0,0.0,352.0,4733.0,196.0,2490.0,5239.0,5527.0
2021-03-16 16:30:00+00:00,2872.0,13548.0,369.0,0.0,0.0,357.0,4751.0,209.0,1790.0,5529.0,5426.0
2021-03-16 17:00:00+00:00,2861.0,13102.0,371.0,0.0,133.0,629.0,4758.0,209.0,974.0,6246.0,4939.0
2021-03-16 17:30:00+00:00,2866.0,14331.0,362.0,0.0,417.0,643.0,4765.0,203.0,280.0,6271.0,4890.0
2021-03-16 18:00:00+00:00,2859.0,15108.0,367.0,0.0,750.0,669.0,4787.0,276.0,13.0,6300.0,4540.0
2021-03-16 18:30:00+00:00,2861.0,15804.0,354.0,0.0,1257.0,671.0,4785.0,263.0,2.0,6349.0,4453.0
2021-03-16 19:00:00+00:00,2862.0,16093.0,365.0,0.0,466.0,691.0,4793.0,205.0,0.0,6174.0,4025.0
2021-03-16 19:30:00+00:00,2863.0,15199.0,367.0,0.0,187.0,707.0,4798.0,172.0,1.0,6244.0,3945.0
2021-03-16 20:00:00+00:00,2863.0,14985.0,366.0,0.0,0.0,589.0,4803.0,157.0,0.0,6208.0,3764.0
2021-03-16 20:30:00+00:00,2873.0,13410.0,364.0,0.0,0.0,605.0,4798.0,152.0,0.0,6244.0,3725.0
2021-03-16 21:00:00+00:00,2836.0,11879.0,365.0,0.0,0.0,557.0,4802.0,154.0,1.0,6330.0,3823.0
2021-03-16 21:30:00+00:00,2537.0,10435.0,366.0,0.0,0.0,521.0,4798.0,155.0,0.0,6325.0,3805.0
2021-03-16 22:00:00+00:00,2489.0,9477.0,364.0,0.0,39.0,438.0,4799.0,156.0,0.0,6268.0,3688.0
2021-03-16 22:30:00+00:00,2626.0,7960.0,365.0,0.0,0.0,446.0,4791.0,152.0,0.0,6259.0,3565.0
2021-03-16 23:00:00+00:00,2118.0,7101.0,355.0,0.0,0.0,445.0,4799.0,151.0,0.0,6438.0,3362.0
2021-03-16 23:30:00+00:00,2089.0,5807.0,366.0,0.0,0.0,446.0,4803.0,151.0,0.0,6455.0,3473.0
2021-03-17 00:00:00+00:00,2045.0,5842.0,352.0,0.0,0.0,416.0,4814.0,151.0,0.0,6185.0,3322.0
2021-03-17 00:30:00+00:00,2010.0,6517.0,318.0,0.0,0.0,399.0,4817.0,152.0,0.0,5745.0,3326.0
2021-03-17 01:00:00+00:00,2284.0,6457.0,319.0,0.0,0.0,279.0,4821.0,151.0,0.0,5506.0,3430.0
2021-03-17 01:30:00+00:00,2077.0,6025.0,321.0,0.0,0.0,278.0,4822.0,150.0,0.0,5621.0,3441.0
2021-03-17 02:00:00+00:00,2048.0,6180.0,327.0,0.0,0.0,279.0,4828.0,150.0,0.0,5288.0,3517.0
2021-03-17 02:30:00+00:00,2276.0,6174.0,313.0,0.0,0.0,280.0,4838.0,150.0,0.0,5256.0,3633.0
2021-03-17 03:00:00+00:00,2041.0,5906.0,317.0,0.0,0.0,279.0,4829.0,152.0,0.0,5462.0,3770.0
2021-03-17 03:30:00+00:00,2000.0,5860.0,312.0,0.0,0.0,279.0,4830.0,154.0,0.0,5359.0,3991.0
2021-03-17 04:00:00+00:00,2016.0,5694.0,282.0,0.0,0.0,275.0,4836.0,152.0,0.0,4988.0,3956.0
2021-03-17 04:30:00+00:00,1990.0,5634.0,286.0,0.0,0.0,275.0,4837.0,152.0,0.0,4880.0,4000.0
2021-03-17 05:00:00+00:00,1996.0,5670.0,279.0,0.0,0.0,324.0,4852.0,152.0,0.0,5045.0,3890.0
2021-03-17 05:30:00+00:00,2028.0,5997.0,277.0,0.0,0.0,331.0,4863.0,152.0,0.0,5248.0,3751.0
2021-03-17 06:00:00+00:00,1988.0,7727.0,349.0,0.0,0.0,359.0,4869.0,151.0,2.0,5113.0,3668.0
2021-03-17 06:30:00+00:00,2006.0,10433.0,357.0,0.0,0.0,352.0,4866.0,151.0,140.0,4905.0,3599.0
2021-03-17 07:00:00+00:00,2571.0,13132.0,367.0,0.0,49.0,456.0,4873.0,154.0,518.0,4984.0,3596.0
2021-03-17 07:30:00+00:00,2840.0,15020.0,315.0,0.0,120.0,570.0,4869.0,154.0,888.0,4793.0,3593.0
2021-03-17 08:00:00+00:00,2826.0,14958.0,310.0,0.0,270.0,697.0,4874.0,315.0,1280.0,4403.0,3625.0
2021-03-17 08:30:00+00:00,2849.0,15129.0,308.0,0.0,176.0,779.0,4873.0,485.0,1600.0,4262.0,3472.0
2021-03-17 09:00:00+00:00,2852.0,15230.0,306.0,0.0,564.0,769.0,4873.0,485.0,1880.0,4208.0,3295.0
2021-03-17 09:30:00+00:00,2828.0,15135.0,309.0,0.0,280.0,771.0,4868.0,477.0,2260.0,4225.0,3113.0
2021-03-17 10:00:00+00:00,2792.0,15325.0,313.0,0.0,425.0,740.0,4860.0,407.0,2570.0,4114.0,2749.0
2021-03-17 10:30:00+00:00,2785.0,15543.0,309.0,0.0,129.0,698.0,4877.0,487.0,2730.0,4343.0,2671.0
2021-03-17 11:00:00+00:00,2830.0,15589.0,303.0,0.0,136.0,555.0,4883.0,499.0,2750.0,4321.0,2695.0
2021-03-17 11:30:00+00:00,2851.0,15629.0,311.0,0.0,0.0,492.0,4901.0,485.0,2810.0,4838.0,2696.0
2021-03-17 12:00:00+00:00,2853.0,16164.0,305.0,0.0,118.0,482.0,4896.0,424.0,2850.0,4580.0,2580.0
2021-03-17 12:30:00+00:00,2853.0,15873.0,317.0,0.0,0.0,468.0,4905.0,392.0,3070.0,4730.0,2596.0
2021-03-17 13:00:00+00:00,2846.0,15484.0,311.0,0.0,0.0,465.0,4906.0,212.0,3570.0,4648.0,1691.0
2021-03-17 13:30:00+00:00,2561.0,15142.0,314.0,0.0,0.0,465.0,4905.0,203.0,3970.0,4567.0,2456.0
2021-03-17 14:00:00+00:00,2028.0,14698.0,309.0,0.0,158.0,472.0,4898.0,180.0,4270.0,4238.0,2469.0
2021-03-17 14:30:00+00:00,1741.0,15029.0,315.0,0.0,53.0,459.0,4909.0,327.0,3930.0,3871.0,2523.0
2021-03-17 15:00:00+00:00,1759.0,15019.0,317.0,0.0,10.0,473.0,4917.0,129.0,3460.0,3756.0,2337.0
2021-03-17 15:30:00+00:00,1820.0,15601.0,261.0,0.0,0.0,498.0,4915.0,147.0,2850.0,3635.0,2229.0
2021-03-17 16:00:00+00:00,2171.0,16592.0,324.0,0.0,0.0,527.0,4924.0,167.0,2220.0,3587.0,1945.0
2021-03-17 16:30:00+00:00,2733.0,18138.0,303.0,0.0,94.0,575.0,4924.0,190.0,1540.0,3179.0,1957.0
2021-03-17 17:00:00+00:00,2729.0,19906.0,304.0,0.0,420.0,904.0,4921.0,222.0,847.0,2924.0,1655.0
2021-03-17 17:30:00+00:00,2748.0,20971.0,297.0,0.0,900.0,905.0,4916.0,284.0,286.0,2543.0,1027.0
2021-03-17 18:00:00+00:00,2734.0,21574.0,298.0,0.0,1722.0,932.0,4918.0,318.0,20.0,2161.0,1399.0
2021-03-17 18:30:00+00:00,2736.0,22223.0,313.0,0.0,1806.0,943.0,4918.0,479.0,1.0,2171.0,1458.0
2021-03-17 19:00:00+00:00,2735.0,22328.0,254.0,0.0,1712.0,943.0,4914.0,474.0,1.0,2395.0,1454.0
2021-03-17 19:30:00+00:00,2736.0,22021.0,313.0,0.0,1113.0,943.0,4918.0,435.0,0.0,2281.0,1449.0
2021-03-17 20:00:00+00:00,2750.0,22221.0,315.0,0.0,364.0,648.0,4914.0,323.0,0.0,2044.0,1472.0
2021-03-17 20:30:00+00:00,2730.0,20754.0,315.0,0.0,0.0,646.0,4923.0,219.0,0.0,2146.0,1546.0
2021-03-17 21:00:00+00:00,2736.0,20063.0,312.0,0.0,0.0,543.0,4919.0,197.0,0.0,1980.0,1521.0
2021-03-17 21:30:00+00:00,2740.0,18241.0,313.0,0.0,23.0,497.0,4935.0,149.0,0.0,1926.0,1497.0
2021-03-17 22:00:00+00:00,2729.0,16809.0,312.0,0.0,85.0,403.0,4932.0,143.0,0.0,1924.0,1426.0
2021-03-17 22:30:00+00:00,2738.0,15137.0,310.0,0.0,0.0,365.0,4931.0,152.0,0.0,1860.0,1476.0
2021-03-17 23:00:00+00:00,2715.0,13745.0,311.0,0.0,0.0,307.0,4938.0,143.0,0.0,1920.0,1423.0
2021-03-17 23:30:00+00:00,2021.0,12690.0,316.0,0.0,0.0,288.0,4934.0,143.0,0.0,1963.0,1427.0
2021-03-18 00:00:00+00:00,1833.0,12309.0,317.0,0.0,0.0,269.0,4935.0,145.0,0.0,2082.0,1377.0
2021-03-18 00:30:00+00:00,1822.0,12448.0,313.0,0.0,0.0,265.0,4935.0,143.0,0.0,2306.0,1339.0
2021-03-18 01:00:00+00:00,1817.0,12323.0,303.0,0.0,0.0,265.0,4934.0,149.0,0.0,2419.0,1425.0
2021-03-18 01:30:00+00:00,1811.0,11655.0,302.0,0.0,0.0,265.0,4943.0,142.0,0.0,2739.0,1450.0
2021-03-18 02:00:00+00:00,1877.0,11267.0,317.0,0.0,0.0,262.0,4952.0,150.0,0.0,2652.0,1524.0
2021-03-18 02:30:00+00:00,2262.0,11127.0,312.0,0.0,0.0,262.0,4952.0,147.0,0.0,2910.0,1597.0
2021-03-18 03:00:00+00:00,2130.0,10403.0,301.0,0.0,0.0,246.0,4964.0,145.0,0.0,3449.0,1770.0
2021-03-18 03:30:00+00:00,2070.0,9998.0,315.0,0.0,0.0,247.0,4964.0,141.0,0.0,3751.0,1838.0
2021-03-18 04:00:00+00:00,2161.0,9857.0,313.0,0.0,0.0,244.0,4962.0,146.0,0.0,3677.0,1005.0
2021-03-18 04:30:00+00:00,2120.0,9881.0,315.0,0.0,0.0,243.0,4970.0,141.0,0.0,3604.0,2094.0
2021-03-18 05:00:00+00:00,2259.0,11110.0,315.0,0.0,0.0,313.0,4974.0,141.0,0.0,3546.0,2196.0
2021-03-18 05:30:00+00:00,2092.0,11657.0,308.0,0.0,0.0,346.0,4979.0,141.0,0.0,3681.0,2267.0
2021-03-18 06:00:00+00:00,2425.0,13087.0,311.0,0.0,0.0,546.0,4979.0,142.0,1.0,3605.0,2454.0
2021-03-18 06:30:00+00:00,2302.0,15822.0,312.0,0.0,0.0,547.0,4967.0,141.0,80.0,3733.0,2433.0
2021-03-18 07:00:00+00:00,2779.0,17239.0,312.0,0.0,110.0,554.0,4969.0,219.0,346.0,3725.0,2521.0
2021-03-18 07:30:00+00:00,2979.0,18586.0,315.0,0.0,292.0,584.0,4971.0,378.0,710.0,3474.0,2480.0
2021-03-18 08:00:00+00:00,2975.0,18438.0,312.0,0.0,111.0,727.0,4970.0,464.0,1130.0,3653.0,2455.0
2021-03-18 08:30:00+00:00,3004.0,18787.0,318.0,0.0,449.0,534.0,4966.0,338.0,1480.0,3560.0,2493.0
2021-03-18 09:00:00+00:00,3006.0,18489.0,315.0,0.0,0.0,532.0,4972.0,330.0,1790.0,3622.0,2573.0
2021-03-18 09:30:00+00:00,3001.0,18201.0,322.0,0.0,0.0,495.0,4972.0,136.0,2110.0,3891.0,2504.0
2021-03-18 10:00:00+00:00,3012.0,18209.0,314.0,0.0,0.0,445.0,4968.0,135.0,2370.0,3777.0,2620.0
2021-03-18 10:30:00+00:00,3000.0,18077.0,315.0,0.0,15.0,573.0,4967.0,133.0,2670.0,3701.0,2619.0
2021-03-18 11:00:00+00:00,2999.0,17184.0,305.0,0.0,0.0,580.0,4966.0,326.0,3010.0,3776.0,2779.0
2021-03-18 11:30:00+00:00,2988.0,17426.0,313.0,0.0,0.0,543.0,4973.0,140.0,3440.0,3594.0,1403.0
2021-03-18 12:00:00+00:00,3002.0,17112.0,292.0,0.0,0.0,393.0,4970.0,126.0,3500.0,3412.0,2964.0
2021-03-18 12:30:00+00:00,2927.0,16865.0,314.0,0.0,0.0,384.0,4975.0,131.0,3360.0,3216.0,3153.0
2021-03-18 13:00:00+00:00,3035.0,17413.0,314.0,0.0,0.0,420.0,4986.0,135.0,3290.0,2921.0,3202.0
2021-03-18 13:30:00+00:00,3035.0,18089.0,309.0,0.0,146.0,418.0,4976.0,127.0,3010.0,2907.0,3266.0
2021-03-18 14:00:00+00:00,3036.0,18158.0,319.0,0.0,24.0,420.0,4985.0,127.0,2640.0,2803.0,3483.0
2021-03-18 14:30:00+00:00,3045.0,18166.0,316.0,0.0,111.0,442.0,4977.0,127.0,2350.0,2761.0,3387.0
2021-03-18 15:00:00+00:00,3043.0,18276.0,309.0,0.0,389.0,593.0,4983.0,129.0,2020.0,2600.0,3357.0
2021-03-18 15:30:00+00:00,3033.0,18767.0,316.0,0.0,32.0,600.0,4986.0,127.0,1770.0,2773.0,3288.0
2021-03-18 16:00:00+00:00,3036.0,18981.0,309.0,0.0,0.0,597.0,4983.0,207.0,1270.0,2746.0,3119.0
2021-03-18 16:30:00+00:00,3004.0,19873.0,315.0,0.0,0.0,743.0,4985.0,203.0,762.0,2557.0,3067.0
2021-03-18 17:00:00+00:00,2997.0,20014.0,318.0,0.0,368.0,772.0,4983.0,237.0,411.0,2573.0,3033.0
2021-03-18 17:30:00+00:00,2981.0,20221.0,312.0,0.0,901.0,741.0,4991.0,298.0,155.0,2683.0,2842.0
2021-03-18 18:00:00+00:00,2985.0,20813.0,317.0,0.0,722.0,908.0,4990.0,406.0,10.0,2847.0,2798.0
2021-03-18 18:30:00+00:00,3036.0,20897.0,312.0,0.0,1349.0,909.0,4982.0,425.0,1.0,2882.0,1425.0
2021-03-18 19:00:00+00:00,3051.0,20228.0,315.0,0.0,896.0,762.0,4994.0,277.0,3.0,2917.0,3006.0
2021-03-18 19:30:00+00:00,3054.0,19481.0,314.0,0.0,87.0,772.0,4988.0,178.0,0.0,2923.0,3049.0
2021-03-18 20:00:00+00:00,3049.0,18615.0,309.0,0.0,0.0,760.0,4992.0,174.0,0.0,3017.0,1700.0
2021-03-18 20:30:00+00:00,3064.0,17235.0,312.0,0.0,0.0,675.0,4987.0,129.0,0.0,3110.0,3199.0
2021-03-18 21:00:00+00:00,3049.0,15258.0,311.0,0.0,0.0,592.0,4986.0,122.0,0.0,3207.0,3286.0
2021-03-18 21:30:00+00:00,3058.0,13441.0,316.0,0.0,0.0,583.0,4990.0,125.0,0.0,3149.0,3214.0
2021-03-18 22:00:00+00:00,3055.0,12910.0,311.0,0.0,0.0,482.0,4994.0,143.0,1.0,2907.0,3111.0
2021-03-18 22:30:00+00:00,3020.0,12198.0,315.0,0.0,0.0,449.0,5001.0,128.0,0.0,2494.0,3129.0
2021-03-18 23:00:00+00:00,2695.0,9802.0,308.0,0.0,0.0,394.0,4988.0,127.0,0.0,2505.0,3066.0
2021-03-18 23:30:00+00:00,2492.0,8872.0,277.0,0.0,0.0,393.0,4994.0,129.0,0.0,2398.0,2968.0
2021-03-19 00:00:00+00:00,2379.0,8602.0,272.0,0.0,0.0,278.0,4987.0,133.0,0.0,2578.0,2711.0
2021-03-19 00:30:00+00:00,2285.0,8997.0,271.0,0.0,0.0,278.0,4999.0,131.0,0.0,2927.0,2583.0
2021-03-19 01:00:00+00:00,2198.0,9144.0,274.0,0.0,0.0,277.0,4995.0,125.0,0.0,2895.0,2474.0
2021-03-19 01:30:00+00:00,2170.0,8843.0,276.0,0.0,0.0,278.0,4998.0,123.0,0.0,3136.0,2428.0
2021-03-19 02:00:00+00:00,2173.0,8572.0,279.0,0.0,0.0,276.0,4996.0,123.0,0.0,3075.0,2427.0
2021-03-19 02:30:00+00:00,2145.0,8744.0,277.0,0.0,0.0,276.0,4997.0,126.0,0.0,3065.0,2391.0
2021-03-19 03:00:00+00:00,2187.0,8924.0,276.0,0.0,0.0,265.0,4994.0,130.0,0.0,2993.0,2290.0
2021-03-19 03:30:00+00:00,2177.0,9324.0,277.0,0.0,0.0,264.0,4993.0,126.0,0.0,2763.0,2250.0
2021-03-19 04:00:00+00:00,2167.0,9720.0,277.0,0.0,0.0,283.0,4994.0,128.0,0.0,2585.0,2137.0
2021-03-19 04:30:00+00:00,2317.0,10258.0,276.0,0.0,0.0,282.0,4996.0,125.0,0.0,2225.0,2116.0
2021-03-19 05:00:00+00:00,2566.0,10266.0,275.0,0.0,0.0,306.0,4996.0,123.0,0.0,2076.0,2005.0
2021-03-19 05:30:00+00:00,2414.0,10771.0,277.0,0.0,0.0,306.0,5006.0,124.0,0.0,1967.0,1999.0
2021-03-19 06:00:00+00:00,2345.0,12917.0,277.0,0.0,0.0,343.0,5011.0,123.0,5.0,1756.0,1905.0
2021-03-19 06:30:00+00:00,2607.0,15189.0,276.0,0.0,57.0,349.0,5006.0,122.0,97.0,1497.0,1905.0
2021-03-19 07:00:00+00:00,2990.0,17710.0,280.0,0.0,0.0,458.0,5001.0,123.0,378.0,1343.0,1757.0
2021-03-19 07:30:00+00:00,3023.0,19231.0,308.0,0.0,122.0,585.0,5003.0,189.0,803.0,1164.0,1817.0
2021-03-19 08:00:00+00:00,2995.0,19511.0,475.0,0.0,0.0,656.0,5001.0,181.0,1320.0,1167.0,1799.0
2021-03-19 08:30:00+00:00,2967.0,19366.0,755.0,0.0,0.0,678.0,4999.0,136.0,1860.0,1131.0,1155.0
2021-03-19 09:00:00+00:00,2783.0,19511.0,847.0,0.0,0.0,670.0,5001.0,179.0,2370.0,1094.0,1641.0
2021-03-19 09:30:00+00:00,2783.0,19385.0,1051.0,0.0,0.0,671.0,4999.0,232.0,2780.0,1037.0,1629.0
2021-03-19 10:00:00+00:00,2877.0,19722.0,1144.0,0.0,0.0,757.0,5008.0,160.0,3260.0,1070.0,1596.0
2021-03-19 10:30:00+00:00,2990.0,19779.0,1193.0,0.0,0.0,820.0,4998.0,159.0,3500.0,1076.0,1553.0
2021-03-19 11:00:00+00:00,2983.0,19551.0,846.0,0.0,0.0,713.0,5001.0,143.0,3760.0,879.0,1105.0
2021-03-19 11:30:00+00:00,2976.0,19565.0,817.0,0.0,0.0,754.0,4995.0,134.0,3720.0,1163.0,1484.0
2021-03-19 12:00:00+00:00,2969.0,19977.0,854.0,0.0,0.0,750.0,5001.0,127.0,3700.0,1001.0,1372.0
2021-03-19 12:30:00+00:00,2960.0,19812.0,994.0,0.0,0.0,739.0,5005.0,127.0,3660.0,1031.0,1367.0
2021-03-19 13:00:00+00:00,2919.0,19845.0,879.0,0.0,0.0,440.0,5007.0,133.0,3430.0,1077.0,1335.0
2021-03-19 13:30:00+00:00,2896.0,19436.0,919.0,0.0,0.0,425.0,5003.0,130.0,3150.0,1011.0,974.0
2021-03-19 14:00:00+00:00,2953.0,19419.0,863.0,0.0,0.0,440.0,5012.0,128.0,2880.0,1133.0,1313.0
2021-03-19 14:30:00+00:00,2964.0,19398.0,783.0,0.0,0.0,468.0,5008.0,128.0,2530.0,1037.0,1320.0
2021-03-19 15:00:00+00:00,2964.0,18609.0,782.0,0.0,0.0,368.0,5017.0,126.0,2110.0,1063.0,1221.0
2021-03-19 15:30:00+00:00,2964.0,18470.0,1078.0,0.0,0.0,376.0,5016.0,129.0,1690.0,1237.0,1195.0
2021-03-19 16:00:00+00:00,2958.0,19276.0,1137.0,0.0,0.0,373.0,5014.0,162.0,1250.0,1110.0,1104.0
2021-03-19 16:30:00+00:00,2944.0,19522.0,1202.0,0.0,38.0,553.0,5011.0,411.0,773.0,1130.0,1067.0
2021-03-19 17:00:00+00:00,2974.0,19512.0,1162.0,0.0,1048.0,752.0,5011.0,444.0,399.0,1198.0,891.0
2021-03-19 17:30:00+00:00,2964.0,20019.0,1041.0,0.0,1908.0,760.0,5011.0,450.0,112.0,1248.0,875.0
2021-03-19 18:00:00+00:00,2986.0,20192.0,1139.0,0.0,1740.0,950.0,5017.0,494.0,4.0,1233.0,731.0
2021-03-19 18:30:00+00:00,2985.0,20467.0,1289.0,0.0,2108.0,993.0,5008.0,493.0,0.0,1122.0,752.0
2021-03-19 19:00:00+00:00,2989.0,20628.0,1291.0,0.0,2037.0,844.0,5021.0,482.0,0.0,924.0,424.0
2021-03-19 19:30:00+00:00,2995.0,19905.0,1290.0,0.0,1828.0,845.0,5011.0,444.0,0.0,1062.0,701.0
2021-03-19 20:00:00+00:00,2984.0,19846.0,1285.0,0.0,1066.0,749.0,5017.0,415.0,0.0,952.0,674.0
2021-03-19 20:30:00+00:00,2999.0,19830.0,1213.0,0.0,122.0,671.0,5009.0,329.0,0.0,934.0,693.0
2021-03-19 21:00:00+00:00,2994.0,19448.0,848.0,0.0,0.0,498.0,5018.0,193.0,0.0,877.0,625.0
2021-03-19 21:30:00+00:00,3000.0,18964.0,304.0,0.0,0.0,467.0,5014.0,162.0,0.0,948.0,615.0
2021-03-19 22:00:00+00:00,2994.0,18356.0,0.0,0.0,270.0,408.0,5007.0,122.0,0.0,1016.0,595.0
2021-03-19 22:30:00+00:00,2969.0,17351.0,0.0,0.0,0.0,342.0,5018.0,119.0,0.0,1090.0,576.0
2021-03-19 23:00:00+00:00,2560.0,15845.0,0.0,0.0,7.0,320.0,5010.0,117.0,0.0,989.0,562.0
2021-03-19 23:30:00+00:00,1658.0,15163.0,0.0,0.0,23.0,321.0,5009.0,113.0,0.0,899.0,553.0
2021-03-20 00:00:00+00:00,1820.0,14389.0,0.0,0.0,88.0,317.0,5007.0,113.0,0.0,804.0,592.0
2021-03-20 00:30:00+00:00,1880.0,14328.0,0.0,0.0,45.0,488.0,5009.0,115.0,0.0,748.0,628.0
2021-03-20 01:00:00+00:00,1910.0,14266.0,0.0,0.0,54.0,474.0,5006.0,115.0,0.0,700.0,691.0
2021-03-20 01:30:00+00:00,1693.0,14064.0,0.0,0.0,0.0,441.0,5009.0,112.0,0.0,646.0,740.0
2021-03-20 02:00:00+00:00,1602.0,13856.0,0.0,0.0,0.0,344.0,5009.0,112.0,0.0,579.0,822.0
2021-03-20 02:30:00+00:00,1587.0,13733.0,0.0,0.0,0.0,313.0,5013.0,112.0,0.0,601.0,863.0
2021-03-20 03:00:00+00:00,1482.0,13999.0,0.0,0.0,0.0,214.0,5004.0,117.0,0.0,591.0,1006.0
2021-03-20 03:30:00+00:00,1588.0,13526.0,0.0,0.0,0.0,213.0,5004.0,114.0,0.0,956.0,387.0
2021-03-20 04:00:00+00:00,1482.0,13880.0,0.0,0.0,0.0,214.0,5016.0,114.0,0.0,419.0,1223.0
2021-03-20 04:30:00+00:00,1474.0,13715.0,0.0,0.0,0.0,213.0,5011.0,113.0,0.0,406.0,1362.0
2021-03-20 05:00:00+00:00,1576.0,13657.0,0.0,0.0,0.0,232.0,5007.0,114.0,0.0,593.0,530.0
2021-03-20 05:30:00+00:00,1579.0,13924.0,0.0,0.0,0.0,231.0,5019.0,114.0,0.0,383.0,1575.0
2021-03-20 06:00:00+00:00,1623.0,14154.0,0.0,0.0,0.0,288.0,5015.0,113.0,5.0,463.0,1635.0
2021-03-20 06:30:00+00:00,1560.0,14108.0,0.0,0.0,0.0,290.0,5009.0,115.0,82.0,437.0,1689.0
2021-03-20 07:00:00+00:00,1906.0,14289.0,0.0,0.0,120.0,322.0,5018.0,120.0,255.0,420.0,1790.0
2021-03-20 07:30:00+00:00,1762.0,14551.0,0.0,0.0,0.0,474.0,5009.0,395.0,504.0,345.0,1934.0
2021-03-20 08:00:00+00:00,1824.0,14870.0,0.0,0.0,210.0,542.0,5014.0,368.0,835.0,287.0,2196.0
2021-03-20 08:30:00+00:00,2273.0,14983.0,0.0,0.0,150.0,744.0,5012.0,299.0,1230.0,320.0,2372.0
2021-03-20 09:00:00+00:00,2338.0,15605.0,0.0,0.0,150.0,778.0,5003.0,188.0,1600.0,391.0,2728.0
2021-03-20 09:30:00+00:00,2340.0,15729.0,0.0,0.0,148.0,791.0,5010.0,191.0,1990.0,371.0,2931.0
2021-03-20 10:00:00+00:00,2333.0,15500.0,0.0,0.0,159.0,792.0,5013.0,243.0,2250.0,499.0,3505.0
2021-03-20 10:30:00+00:00,2326.0,15176.0,0.0,0.0,0.0,790.0,5014.0,250.0,2500.0,549.0,3745.0
2021-03-20 11:00:00+00:00,2333.0,15145.0,0.0,0.0,231.0,601.0,5004.0,251.0,2550.0,560.0,4138.0
2021-03-20 11:30:00+00:00,2321.0,15031.0,0.0,0.0,131.0,552.0,4958.0,235.0,2520.0,629.0,4222.0
2021-03-20 12:00:00+00:00,2320.0,15039.0,0.0,0.0,11.0,487.0,4951.0,216.0,2410.0,747.0,4439.0
2021-03-20 12:30:00+00:00,2283.0,14923.0,0.0,0.0,0.0,542.0,4956.0,330.0,2360.0,702.0,4600.0
2021-03-20 13:00:00+00:00,1870.0,15260.0,0.0,0.0,0.0,473.0,4951.0,245.0,2220.0,880.0,5030.0
2021-03-20 13:30:00+00:00,2182.0,14460.0,0.0,0.0,97.0,265.0,4947.0,145.0,2010.0,835.0,5173.0
2021-03-20 14:00:00+00:00,1874.0,14183.0,0.0,0.0,0.0,261.0,4967.0,117.0,1800.0,1224.0,5558.0
2021-03-20 14:30:00+00:00,1870.0,13758.0,0.0,0.0,0.0,261.0,4953.0,124.0,1650.0,1213.0,5528.0
2021-03-20 15:00:00+00:00,1808.0,13282.0,0.0,0.0,0.0,295.0,4959.0,117.0,1440.0,1284.0,5978.0
2021-03-20 15:30:00+00:00,1863.0,13283.0,0.0,0.0,0.0,296.0,4947.0,124.0,1170.0,1373.0,5827.0
2021-03-20 16:00:00+00:00,1828.0,13939.0,0.0,0.0,0.0,297.0,4952.0,117.0,854.0,1396.0,5760.0
2021-03-20 16:30:00+00:00,1856.0,14535.0,0.0,0.0,0.0,412.0,4959.0,122.0,608.0,1633.0,5780.0
2021-03-20 17:00:00+00:00,1871.0,15805.0,0.0,0.0,0.0,592.0,4957.0,117.0,356.0,1794.0,5353.0
2021-03-20 17:30:00+00:00,2378.0,16177.0,0.0,0.0,215.0,542.0,4954.0,188.0,115.0,1825.0,5037.0
2021-03-20 18:00:00+00:00,2414.0,16125.0,0.0,0.0,578.0,636.0,4961.0,244.0,9.0,2139.0,4679.0
2021-03-20 18:30:00+00:00,2406.0,16582.0,0.0,0.0,1217.0,688.0,4951.0,256.0,2.0,2146.0,4596.0
2021-03-20 19:00:00+00:00,2406.0,16455.0,0.0,0.0,1453.0,754.0,4955.0,243.0,0.0,2456.0,4169.0
2021-03-20 19:30:00+00:00,2409.0,16334.0,0.0,0.0,834.0,663.0,4957.0,140.0,0.0,2260.0,4101.0
2021-03-20 20:00:00+00:00,2406.0,15650.0,0.0,0.0,150.0,805.0,4953.0,315.0,0.0,2350.0,3706.0
2021-03-20 20:30:00+00:00,2389.0,14726.0,0.0,0.0,0.0,667.0,4951.0,315.0,0.0,2407.0,3553.0
2021-03-20 21:00:00+00:00,2173.0,13567.0,0.0,0.0,0.0,633.0,4962.0,294.0,0.0,2587.0,3158.0
2021-03-20 21:30:00+00:00,2019.0,12729.0,0.0,0.0,27.0,575.0,4954.0,118.0,0.0,2650.0,2971.0
2021-03-20 22:00:00+00:00,1972.0,12120.0,0.0,0.0,225.0,284.0,4954.0,113.0,0.0,2304.0,2713.0
2021-03-20 22:30:00+00:00,1967.0,11411.0,0.0,0.0,0.0,478.0,4966.0,113.0,0.0,2433.0,2330.0
2021-03-20 23:00:00+00:00,1803.0,10578.0,0.0,0.0,111.0,294.0,4953.0,113.0,0.0,2947.0,2135.0
2021-03-20 23:30:00+00:00,1624.0,9405.0,0.0,0.0,0.0,256.0,4963.0,113.0,0.0,3212.0,2040.0
2021-03-21 00:00:00+00:00,1459.0,8777.0,0.0,0.0,240.0,257.0,4951.0,113.0,0.0,3461.0,1852.0
2021-03-21 00:30:00+00:00,1414.0,9313.0,0.0,0.0,0.0,257.0,4955.0,114.0,2.0,3378.0,1751.0
2021-03-21 01:00:00+00:00,1399.0,9113.0,0.0,0.0,0.0,233.0,4959.0,112.0,2.0,3708.0,1754.0
2021-03-21 01:30:00+00:00,1439.0,8910.0,0.0,0.0,0.0,226.0,4834.0,113.0,0.0,3554.0,1718.0
2021-03-21 02:00:00+00:00,1412.0,8516.0,0.0,0.0,0.0,209.0,4833.0,123.0,2.0,3420.0,1632.0
2021-03-21 02:30:00+00:00,1550.0,8241.0,0.0,0.0,0.0,209.0,4823.0,114.0,2.0,3370.0,1722.0
2021-03-21 03:00:00+00:00,1488.0,7949.0,0.0,0.0,0.0,206.0,4838.0,112.0,1.0,3509.0,1646.0
2021-03-21 03:30:00+00:00,1500.0,8121.0,0.0,0.0,0.0,206.0,4826.0,112.0,0.0,3752.0,1596.0
2021-03-21 04:00:00+00:00,1433.0,7695.0,0.0,0.0,0.0,206.0,4827.0,112.0,0.0,3783.0,1590.0
2021-03-21 04:30:00+00:00,1531.0,7715.0,0.0,0.0,0.0,206.0,4830.0,112.0,0.0,3711.0,1566.0
2021-03-21 05:00:00+00:00,1412.0,7746.0,0.0,0.0,0.0,225.0,4825.0,112.0,0.0,3737.0,1484.0
2021-03-21 05:30:00+00:00,1474.0,7922.0,0.0,0.0,0.0,225.0,4832.0,113.0,0.0,3666.0,1408.0
2021-03-21 06:00:00+00:00,1718.0,7952.0,0.0,0.0,0.0,272.0,4828.0,112.0,5.0,3559.0,1250.0
2021-03-21 06:30:00+00:00,1584.0,8709.0,0.0,0.0,0.0,340.0,4831.0,112.0,108.0,3415.0,1236.0
2021-03-21 07:00:00+00:00,1805.0,9179.0,0.0,0.0,0.0,340.0,4832.0,114.0,353.0,3357.0,1209.0
2021-03-21 07:30:00+00:00,2353.0,9199.0,0.0,0.0,0.0,257.0,4829.0,114.0,691.0,3542.0,1161.0
2021-03-21 08:00:00+00:00,2408.0,9975.0,0.0,0.0,0.0,277.0,4838.0,115.0,1060.0,3652.0,1130.0
2021-03-21 08:30:00+00:00,2413.0,11437.0,0.0,0.0,0.0,303.0,4826.0,116.0,1580.0,3483.0,1170.0
2021-03-21 09:00:00+00:00,2406.0,12120.0,0.0,0.0,0.0,446.0,4834.0,115.0,2320.0,3327.0,1226.0
2021-03-21 09:30:00+00:00,2412.0,12896.0,0.0,0.0,0.0,449.0,4822.0,115.0,3010.0,3191.0,1258.0
2021-03-21 10:00:00+00:00,2400.0,13088.0,0.0,0.0,0.0,527.0,4829.0,115.0,3680.0,2978.0,1290.0
2021-03-21 10:30:00+00:00,2401.0,12888.0,0.0,0.0,0.0,557.0,4827.0,115.0,4030.0,2678.0,690.0
2021-03-21 11:00:00+00:00,2396.0,12779.0,0.0,0.0,0.0,553.0,4829.0,116.0,4370.0,2997.0,1433.0
2021-03-21 11:30:00+00:00,2322.0,13350.0,0.0,0.0,0.0,541.0,4827.0,116.0,4490.0,2753.0,1537.0
2021-03-21 12:00:00+00:00,2398.0,14009.0,0.0,0.0,0.0,526.0,4830.0,116.0,4400.0,2292.0,1613.0
2021-03-21 12:30:00+00:00,2397.0,14503.0,0.0,0.0,0.0,514.0,4839.0,284.0,4090.0,1791.0,1750.0
2021-03-21 13:00:00+00:00,2308.0,14662.0,0.0,0.0,0.0,468.0,4834.0,242.0,3680.0,1821.0,1741.0
2021-03-21 13:30:00+00:00,2296.0,14684.0,0.0,0.0,0.0,465.0,4835.0,123.0,3420.0,1988.0,1796.0
2021-03-21 14:00:00+00:00,2129.0,14843.0,0.0,0.0,0.0,397.0,4837.0,123.0,3140.0,1921.0,1822.0
2021-03-21 14:30:00+00:00,2137.0,14941.0,0.0,0.0,0.0,394.0,4836.0,123.0,2860.0,1868.0,1924.0
2021-03-21 15:00:00+00:00,2114.0,15965.0,0.0,0.0,0.0,394.0,4832.0,123.0,2410.0,1614.0,1883.0
2021-03-21 15:30:00+00:00,2369.0,16595.0,0.0,0.0,0.0,414.0,4830.0,123.0,1960.0,1603.0,1900.0
2021-03-21 16:00:00+00:00,2375.0,17358.0,135.0,0.0,0.0,637.0,4835.0,128.0,1570.0,1646.0,1909.0
2021-03-21 16:30:00+00:00,2365.0,18625.0,280.0,0.0,0.0,664.0,4832.0,253.0,1140.0,1698.0,1840.0
2021-03-21 17:00:00+00:00,2399.0,19719.0,370.0,0.0,576.0,686.0,4826.0,295.0,676.0,1587.0,1645.0
2021-03-21 17:30:00+00:00,2374.0,19854.0,493.0,0.0,1051.0,862.0,4838.0,412.0,289.0,1528.0,1624.0
2021-03-21 18:00:00+00:00,2383.0,20233.0,488.0,0.0,1105.0,836.0,4830.0,449.0,34.0,1335.0,1527.0
2021-03-21 18:30:00+00:00,2403.0,20454.0,492.0,0.0,1224.0,836.0,4826.0,452.0,1.0,1263.0,1467.0
2021-03-21 19:00:00+00:00,2403.0,20609.0,489.0,0.0,1493.0,890.0,4830.0,452.0,0.0,1045.0,1508.0
2021-03-21 19:30:00+00:00,2409.0,20379.0,350.0,0.0,1045.0,795.0,4833.0,445.0,0.0,968.0,1523.0
2021-03-21 20:00:00+00:00,2410.0,20101.0,456.0,0.0,482.0,696.0,4828.0,433.0,0.0,922.0,1553.0
2021-03-21 20:30:00+00:00,2460.0,19602.0,398.0,0.0,242.0,754.0,4829.0,410.0,0.0,821.0,1525.0
2021-03-21 21:00:00+00:00,2485.0,18797.0,400.0,0.0,65.0,679.0,4832.0,128.0,0.0,685.0,1571.0
2021-03-21 21:30:00+00:00,2518.0,17564.0,337.0,0.0,0.0,644.0,4825.0,137.0,0.0,677.0,1570.0
2021-03-21 22:00:00+00:00,2629.0,16009.0,0.0,0.0,339.0,575.0,4825.0,122.0,0.0,580.0,1596.0
2021-03-21 22:30:00+00:00,2853.0,14453.0,0.0,0.0,0.0,487.0,4844.0,261.0,0.0,607.0,1681.0
2021-03-21 23:00:00+00:00,3066.0,12936.0,0.0,0.0,0.0,413.0,4838.0,228.0,0.0,627.0,1856.0
2021-03-21 23:30:00+00:00,3069.0,11612.0,0.0,0.0,55.0,413.0,4829.0,119.0,0.0,675.0,1926.0
2021-03-22 00:00:00+00:00,3064.0,11419.0,0.0,0.0,0.0,283.0,4834.0,119.0,0.0,592.0,2041.0
2021-03-22 00:30:00+00:00,3073.0,11307.0,0.0,0.0,0.0,272.0,4832.0,118.0,0.0,595.0,2046.0
2021-03-22 01:00:00+00:00,3073.0,11142.0,0.0,0.0,139.0,271.0,4836.0,118.0,0.0,535.0,2011.0
2021-03-22 01:30:00+00:00,3076.0,10662.0,0.0,0.0,63.0,271.0,4836.0,197.0,0.0,537.0,2062.0
2021-03-22 02:00:00+00:00,3079.0,10853.0,0.0,0.0,69.0,237.0,4830.0,122.0,0.0,557.0,2036.0
2021-03-22 02:30:00+00:00,3078.0,10816.0,0.0,0.0,0.0,237.0,4835.0,118.0,0.0,588.0,2085.0
2021-03-22 03:00:00+00:00,3080.0,10669.0,0.0,0.0,0.0,237.0,4829.0,118.0,0.0,559.0,2307.0
2021-03-22 03:30:00+00:00,3079.0,10596.0,0.0,0.0,0.0,235.0,4828.0,119.0,0.0,448.0,2425.0
2021-03-22 04:00:00+00:00,3076.0,10698.0,0.0,0.0,0.0,235.0,4831.0,118.0,0.0,433.0,2435.0
2021-03-22 04:30:00+00:00,3075.0,10789.0,0.0,0.0,0.0,234.0,4827.0,118.0,0.0,399.0,2509.0
2021-03-22 05:00:00+00:00,3085.0,11265.0,0.0,0.0,74.0,233.0,4831.0,118.0,0.0,366.0,2560.0
2021-03-22 05:30:00+00:00,3076.0,11766.0,0.0,0.0,0.0,237.0,4833.0,226.0,1.0,342.0,2606.0
2021-03-22 06:00:00+00:00,3080.0,12536.0,30.0,0.0,0.0,692.0,4845.0,257.0,25.0,402.0,2708.0
2021-03-22 06:30:00+00:00,3081.0,13976.0,52.0,0.0,177.0,732.0,4835.0,338.0,273.0,389.0,2661.0
2021-03-22 07:00:00+00:00,3075.0,17051.0,90.0,0.0,120.0,775.0,4835.0,340.0,764.0,307.0,2719.0
2021-03-22 07:30:00+00:00,3074.0,19340.0,189.0,0.0,0.0,636.0,4835.0,338.0,1320.0,385.0,2708.0
2021-03-22 08:00:00+00:00,3080.0,19310.0,281.0,0.0,103.0,625.0,4839.0,237.0,1870.0,372.0,2829.0
2021-03-22 08:30:00+00:00,3066.0,19547.0,285.0,0.0,0.0,557.0,4842.0,214.0,2330.0,343.0,2873.0
2021-03-22 09:00:00+00:00,3041.0,19716.0,316.0,0.0,0.0,658.0,4835.0,330.0,2880.0,401.0,2902.0
2021-03-22 09:30:00+00:00,3057.0,19610.0,332.0,0.0,0.0,658.0,4831.0,432.0,3480.0,399.0,3019.0
2021-03-22 10:00:00+00:00,3066.0,19162.0,357.0,0.0,0.0,745.0,4832.0,450.0,4050.0,590.0,3315.0
2021-03-22 10:30:00+00:00,3081.0,19250.0,294.0,0.0,0.0,575.0,4845.0,382.0,4540.0,704.0,3431.0
2021-03-22 11:00:00+00:00,3073.0,18838.0,324.0,0.0,0.0,341.0,4827.0,133.0,4860.0,803.0,3463.0
2021-03-22 11:30:00+00:00,3074.0,18463.0,315.0,0.0,0.0,322.0,4830.0,124.0,5090.0,829.0,3456.0
2021-03-22 12:00:00+00:00,3072.0,18383.0,321.0,0.0,0.0,303.0,4832.0,124.0,5290.0,851.0,3584.0
2021-03-22 12:30:00+00:00,3075.0,18273.0,315.0,0.0,0.0,303.0,4839.0,123.0,5410.0,787.0,1192.0
2021-03-22 13:00:00+00:00,3076.0,17880.0,321.0,0.0,0.0,286.0,4843.0,125.0,5450.0,724.0,3290.0
2021-03-22 13:30:00+00:00,3079.0,17125.0,324.0,0.0,0.0,271.0,4842.0,119.0,5350.0,708.0,3196.0
2021-03-22 14:00:00+00:00,3071.0,17205.0,314.0,0.0,0.0,272.0,4842.0,121.0,5050.0,680.0,3381.0
2021-03-22 14:30:00+00:00,3058.0,17010.0,320.0,0.0,0.0,271.0,4838.0,119.0,4800.0,809.0,3264.0
2021-03-22 15:00:00+00:00,3044.0,17192.0,320.0,0.0,0.0,272.0,4842.0,119.0,4160.0,761.0,3088.0
2021-03-22 15:30:00+00:00,3061.0,17789.0,333.0,0.0,0.0,291.0,4843.0,119.0,3350.0,815.0,3040.0
2021-03-22 16:00:00+00:00,3058.0,18579.0,508.0,0.0,0.0,363.0,4837.0,160.0,2570.0,865.0,2956.0
2021-03-22 16:30:00+00:00,3042.0,19602.0,741.0,0.0,0.0,396.0,4844.0,174.0,1770.0,958.0,2963.0
2021-03-22 17:00:00+00:00,3056.0,20067.0,799.0,0.0,36.0,719.0,4853.0,187.0,967.0,909.0,2661.0
2021-03-22 17:30:00+00:00,3057.0,21012.0,802.0,0.0,371.0,776.0,4847.0,270.0,341.0,999.0,2599.0
2021-03-22 18:00:00+00:00,3055.0,21309.0,711.0,0.0,599.0,843.0,4843.0,497.0,35.0,1010.0,2387.0
2021-03-22 18:30:00+00:00,3069.0,21639.0,714.0,0.0,737.0,981.0,4851.0,487.0,1.0,984.0,2422.0
2021-03-22 19:00:00+00:00,3076.0,21941.0,748.0,0.0,836.0,996.0,4849.0,495.0,0.0,979.0,2407.0
2021-03-22 19:30:00+00:00,3086.0,21098.0,743.0,0.0,696.0,847.0,4845.0,376.0,0.0,1081.0,2315.0
2021-03-22 20:00:00+00:00,3094.0,20662.0,649.0,0.0,319.0,739.0,4845.0,255.0,0.0,1078.0,2294.0
2021-03-22 20:30:00+00:00,3079.0,19520.0,640.0,0.0,0.0,701.0,4844.0,160.0,2.0,1200.0,2273.0
2021-03-22 21:00:00+00:00,3038.0,18137.0,631.0,0.0,139.0,528.0,4839.0,118.0,0.0,1228.0,2212.0
2021-03-22 21:30:00+00:00,3034.0,16765.0,354.0,0.0,17.0,450.0,4844.0,119.0,0.0,1160.0,2211.0
2021-03-22 22:00:00+00:00,3032.0,15437.0,321.0,0.0,107.0,409.0,4842.0,120.0,0.0,1136.0,2184.0
2021-03-22 22:30:00+00:00,3041.0,14041.0,301.0,0.0,0.0,378.0,4843.0,113.0,0.0,1123.0,2200.0
2021-03-22 23:00:00+00:00,3037.0,12501.0,322.0,0.0,0.0,351.0,4848.0,115.0,0.0,1112.0,2220.0
2021-03-22 23:30:00+00:00,3052.0,10715.0,337.0,0.0,0.0,350.0,4880.0,118.0,0.0,1119.0,2269.0
2021-03-23 00:00:00+00:00,3040.0,10109.0,320.0,0.0,107.0,324.0,4892.0,209.0,0.0,1154.0,2300.0
2021-03-23 00:30:00+00:00,3047.0,10276.0,300.0,0.0,0.0,465.0,4937.0,115.0,0.0,1051.0,2339.0
2021-03-23 01:00:00+00:00,3038.0,10251.0,320.0,0.0,0.0,457.0,4969.0,113.0,0.0,887.0,2500.0
2021-03-23 01:30:00+00:00,3039.0,10172.0,325.0,0.0,0.0,456.0,4979.0,113.0,0.0,878.0,2411.0
2021-03-23 02:00:00+00:00,3045.0,10028.0,319.0,0.0,0.0,261.0,5014.0,113.0,0.0,996.0,2441.0
2021-03-23 02:30:00+00:00,3050.0,9632.0,324.0,0.0,0.0,248.0,5001.0,117.0,0.0,955.0,2432.0
2021-03-23 03:00:00+00:00,3044.0,9543.0,322.0,0.0,0.0,246.0,4991.0,113.0,0.0,924.0,2606.0
2021-03-23 03:30:00+00:00,3038.0,8652.0,320.0,0.0,0.0,246.0,4968.0,113.0,0.0,1128.0,2754.0
2021-03-23 04:00:00+00:00,3050.0,9113.0,321.0,0.0,0.0,257.0,4978.0,113.0,0.0,1238.0,3041.0
2021-03-23 04:30:00+00:00,3044.0,8970.0,344.0,0.0,0.0,257.0,4977.0,113.0,0.0,1276.0,3356.0
2021-03-23 05:00:00+00:00,3023.0,9398.0,350.0,0.0,0.0,276.0,4980.0,113.0,0.0,1183.0,3614.0
2021-03-23 05:30:00+00:00,3042.0,10426.0,332.0,0.0,0.0,272.0,4979.0,113.0,0.0,1112.0,3718.0
2021-03-23 06:00:00+00:00,3037.0,11291.0,332.0,0.0,0.0,535.0,4989.0,113.0,19.0,1298.0,4023.0
2021-03-23 06:30:00+00:00,3033.0,12840.0,353.0,0.0,0.0,553.0,4976.0,292.0,142.0,1499.0,4209.0
2021-03-23 07:00:00+00:00,3034.0,13410.0,353.0,0.0,0.0,588.0,4979.0,349.0,412.0,1607.0,4404.0
2021-03-23 07:30:00+00:00,3037.0,14295.0,353.0,0.0,2.0,603.0,4986.0,200.0,716.0,1407.0,4581.0
2021-03-23 08:00:00+00:00,3034.0,14034.0,349.0,0.0,0.0,638.0,4989.0,313.0,1090.0,1417.0,5053.0
2021-03-23 08:30:00+00:00,3012.0,14043.0,351.0,0.0,0.0,637.0,4990.0,339.0,1430.0,1499.0,5223.0
2021-03-23 09:00:00+00:00,3010.0,13660.0,352.0,0.0,34.0,530.0,5023.0,342.0,1800.0,1604.0,5614.0
2021-03-23 09:30:00+00:00,3019.0,13376.0,354.0,0.0,0.0,510.0,5063.0,316.0,2120.0,1467.0,5895.0
2021-03-23 10:00:00+00:00,3020.0,13095.0,346.0,0.0,0.0,448.0,5062.0,355.0,2440.0,1827.0,6424.0
2021-03-23 10:30:00+00:00,3025.0,13023.0,339.0,0.0,0.0,317.0,5065.0,256.0,2790.0,2008.0,6707.0
2021-03-23 11:00:00+00:00,3028.0,11973.0,3.0,0.0,33.0,293.0,5061.0,118.0,3010.0,2130.0,7007.0
2021-03-23 11:30:00+00:00,3026.0,10347.0,0.0,0.0,0.0,281.0,5050.0,118.0,3220.0,2505.0,7136.0
2021-03-23 12:00:00+00:00,2975.0,9785.0,0.0,0.0,0.0,266.0,5059.0,117.0,3500.0,2750.0,2878.0
2021-03-23 12:30:00+00:00,2959.0,9159.0,0.0,0.0,0.0,267.0,5054.0,124.0,3810.0,2949.0,2878.0
2021-03-23 13:00:00+00:00,2959.0,8716.0,0.0,0.0,101.0,266.0,5121.0,118.0,4060.0,3425.0,7790.0
2021-03-23 13:30:00+00:00,2991.0,8254.0,0.0,0.0,0.0,271.0,5132.0,115.0,4130.0,3628.0,7825.0
2021-03-23 14:00:00+00:00,3006.0,8368.0,0.0,0.0,0.0,286.0,5126.0,123.0,3980.0,3750.0,8055.0
2021-03-23 14:30:00+00:00,3009.0,8819.0,0.0,0.0,0.0,291.0,5124.0,122.0,3780.0,3825.0,8050.0
2021-03-23 15:00:00+00:00,2992.0,8764.0,0.0,0.0,0.0,299.0,5136.0,116.0,3260.0,4134.0,8144.0
2021-03-23 15:30:00+00:00,2992.0,9309.0,0.0,0.0,177.0,300.0,5129.0,120.0,2660.0,3910.0,7958.0
2021-03-23 16:00:00+00:00,3010.0,10672.0,0.0,0.0,0.0,334.0,5126.0,160.0,2060.0,3589.0,8142.0
2021-03-23 16:30:00+00:00,3019.0,11991.0,0.0,0.0,0.0,334.0,5123.0,174.0,1450.0,3746.0,8132.0
2021-03-23 17:00:00+00:00,3020.0,13485.0,0.0,0.0,260.0,414.0,5125.0,180.0,787.0,3750.0,7652.0
2021-03-23 17:30:00+00:00,2992.0,14183.0,0.0,0.0,626.0,563.0,5128.0,305.0,271.0,3646.0,3007.0
2021-03-23 18:00:00+00:00,3012.0,14185.0,0.0,0.0,659.0,513.0,5129.0,331.0,21.0,4289.0,7357.0
2021-03-23 18:30:00+00:00,3036.0,13981.0,0.0,0.0,454.0,440.0,5127.0,342.0,2.0,4794.0,7312.0
2021-03-23 19:00:00+00:00,3012.0,13979.0,0.0,0.0,632.0,440.0,5130.0,311.0,0.0,4803.0,7113.0
2021-03-23 19:30:00+00:00,3035.0,13325.0,0.0,0.0,79.0,441.0,5125.0,172.0,0.0,5016.0,6902.0
2021-03-23 20:00:00+00:00,3036.0,13210.0,0.0,0.0,0.0,407.0,5119.0,128.0,0.0,5201.0,6504.0
2021-03-23 20:30:00+00:00,3028.0,12238.0,0.0,0.0,7.0,387.0,5130.0,122.0,0.0,5582.0,6372.0
2021-03-23 21:00:00+00:00,3022.0,11232.0,0.0,0.0,0.0,296.0,5200.0,121.0,0.0,5701.0,6071.0
2021-03-23 21:30:00+00:00,3043.0,9576.0,0.0,0.0,76.0,286.0,5217.0,126.0,0.0,5772.0,5724.0
2021-03-23 22:00:00+00:00,3045.0,8869.0,0.0,0.0,52.0,270.0,5217.0,123.0,0.0,5489.0,5517.0
2021-03-23 22:30:00+00:00,3046.0,7485.0,0.0,0.0,0.0,256.0,5212.0,122.0,0.0,5319.0,5403.0
2021-03-23 23:00:00+00:00,3036.0,6552.0,0.0,0.0,0.0,242.0,5220.0,123.0,0.0,5486.0,5357.0
2021-03-23 23:30:00+00:00,2649.0,5949.0,0.0,0.0,0.0,241.0,5221.0,122.0,0.0,5234.0,5309.0
2021-03-24 00:00:00+00:00,2874.0,5622.0,0.0,0.0,0.0,199.0,5219.0,120.0,0.0,4830.0,4992.0
2021-03-24 00:30:00+00:00,3042.0,5601.0,0.0,0.0,0.0,185.0,5225.0,119.0,0.0,4672.0,5002.0
2021-03-24 01:00:00+00:00,3038.0,5808.0,0.0,0.0,0.0,166.0,5255.0,119.0,0.0,4550.0,4983.0
2021-03-24 01:30:00+00:00,3052.0,5831.0,0.0,0.0,15.0,166.0,5253.0,125.0,0.0,4388.0,4954.0
2021-03-24 02:00:00+00:00,3021.0,5650.0,0.0,0.0,0.0,166.0,5256.0,119.0,0.0,4331.0,4974.0
2021-03-24 02:30:00+00:00,3019.0,5476.0,0.0,0.0,0.0,166.0,5254.0,122.0,0.0,4190.0,4948.0
2021-03-24 03:00:00+00:00,3091.0,5943.0,0.0,0.0,0.0,166.0,5255.0,122.0,0.0,3988.0,4716.0
2021-03-24 03:30:00+00:00,3096.0,6145.0,0.0,0.0,0.0,166.0,5247.0,121.0,0.0,3765.0,4590.0
2021-03-24 04:00:00+00:00,3086.0,6276.0,0.0,0.0,0.0,166.0,5246.0,119.0,0.0,3653.0,4336.0
2021-03-24 04:30:00+00:00,3084.0,6225.0,0.0,0.0,0.0,184.0,5244.0,119.0,0.0,3809.0,4189.0
2021-03-24 05:00:00+00:00,3078.0,7090.0,0.0,0.0,134.0,349.0,5239.0,120.0,0.0,3777.0,3963.0
2021-03-24 05:30:00+00:00,3088.0,8776.0,0.0,0.0,0.0,524.0,5244.0,120.0,0.0,3518.0,3901.0
2021-03-24 06:00:00+00:00,3092.0,9796.0,0.0,0.0,0.0,376.0,5246.0,119.0,38.0,3383.0,3949.0
2021-03-24 06:30:00+00:00,3090.0,11718.0,0.0,0.0,0.0,415.0,5244.0,121.0,270.0,3274.0,3855.0
2021-03-24 07:00:00+00:00,3085.0,12861.0,0.0,0.0,1.0,498.0,5248.0,121.0,646.0,3446.0,3983.0
2021-03-24 07:30:00+00:00,3079.0,14390.0,0.0,0.0,33.0,632.0,5256.0,127.0,1110.0,3377.0,3861.0
2021-03-24 08:00:00+00:00,3071.0,14177.0,0.0,0.0,0.0,649.0,5257.0,128.0,1650.0,3469.0,4247.0
2021-03-24 08:30:00+00:00,3067.0,13823.0,0.0,0.0,0.0,602.0,5246.0,169.0,2210.0,3364.0,4508.0
2021-03-24 09:00:00+00:00,3085.0,13507.0,0.0,0.0,0.0,581.0,5252.0,229.0,2870.0,3104.0,5114.0
2021-03-24 09:30:00+00:00,3074.0,12947.0,0.0,0.0,0.0,548.0,5254.0,207.0,3290.0,3340.0,5482.0
2021-03-24 10:00:00+00:00,3081.0,12215.0,0.0,0.0,0.0,478.0,5251.0,159.0,3690.0,3325.0,5681.0
2021-03-24 10:30:00+00:00,3076.0,11197.0,0.0,0.0,0.0,445.0,5251.0,128.0,4200.0,3419.0,5833.0
2021-03-24 11:00:00+00:00,3001.0,10511.0,0.0,0.0,0.0,380.0,5247.0,132.0,4450.0,3407.0,6378.0
2021-03-24 11:30:00+00:00,3078.0,10083.0,0.0,0.0,0.0,318.0,5283.0,128.0,4790.0,3452.0,6454.0
2021-03-24 12:00:00+00:00,3081.0,9815.0,0.0,0.0,0.0,309.0,5276.0,127.0,5180.0,3607.0,6385.0
2021-03-24 12:30:00+00:00,3039.0,9635.0,0.0,0.0,0.0,298.0,5286.0,124.0,5360.0,3666.0,6706.0
2021-03-24 13:00:00+00:00,3074.0,8996.0,0.0,0.0,0.0,292.0,5287.0,129.0,5460.0,3858.0,6830.0
2021-03-24 13:30:00+00:00,3067.0,8759.0,0.0,0.0,0.0,292.0,5290.0,127.0,5270.0,3725.0,6728.0
2021-03-24 14:00:00+00:00,3079.0,8940.0,0.0,0.0,0.0,292.0,5285.0,124.0,4920.0,3534.0,6821.0
2021-03-24 14:30:00+00:00,3051.0,9784.0,0.0,0.0,0.0,292.0,5291.0,127.0,4500.0,3278.0,6726.0
2021-03-24 15:00:00+00:00,3041.0,10206.0,0.0,0.0,0.0,288.0,5280.0,125.0,3800.0,3226.0,6736.0
2021-03-24 15:30:00+00:00,3043.0,10467.0,0.0,0.0,0.0,288.0,5279.0,122.0,3110.0,3284.0,6853.0
2021-03-24 16:00:00+00:00,3059.0,11380.0,0.0,0.0,0.0,352.0,5281.0,162.0,2400.0,3253.0,6722.0
2021-03-24 16:30:00+00:00,3076.0,12817.0,0.0,0.0,0.0,391.0,5283.0,179.0,1690.0,3402.0,6819.0
2021-03-24 17:00:00+00:00,3078.0,14071.0,0.0,0.0,0.0,482.0,5283.0,179.0,1020.0,3493.0,6565.0
2021-03-24 17:30:00+00:00,3085.0,15323.0,0.0,0.0,0.0,497.0,5284.0,198.0,383.0,3592.0,6434.0
2021-03-24 18:00:00+00:00,3059.0,15576.0,0.0,0.0,796.0,516.0,5290.0,267.0,44.0,3712.0,5966.0
2021-03-24 18:30:00+00:00,3045.0,15918.0,0.0,0.0,1781.0,518.0,5281.0,323.0,1.0,3662.0,5594.0
2021-03-24 19:00:00+00:00,3062.0,16531.0,0.0,0.0,1325.0,524.0,5285.0,304.0,1.0,3628.0,5096.0
2021-03-24 19:30:00+00:00,3068.0,16060.0,0.0,0.0,926.0,530.0,5283.0,147.0,0.0,3403.0,5181.0
2021-03-24 20:00:00+00:00,3059.0,15978.0,0.0,0.0,116.0,526.0,5284.0,158.0,1.0,3480.0,5118.0
2021-03-24 20:30:00+00:00,3057.0,14763.0,0.0,0.0,0.0,442.0,5280.0,175.0,0.0,3650.0,5155.0
2021-03-24 21:00:00+00:00,3066.0,14199.0,0.0,0.0,427.0,377.0,5280.0,128.0,0.0,3696.0,5189.0
2021-03-24 21:30:00+00:00,3061.0,13007.0,0.0,0.0,0.0,348.0,5284.0,121.0,0.0,3823.0,5125.0
2021-03-24 22:00:00+00:00,3065.0,10906.0,0.0,0.0,0.0,327.0,5278.0,124.0,0.0,4104.0,4957.0
2021-03-24 22:30:00+00:00,3050.0,9239.0,0.0,0.0,0.0,314.0,5278.0,120.0,0.0,4084.0,4822.0
2021-03-24 23:00:00+00:00,3065.0,7591.0,0.0,0.0,179.0,312.0,5273.0,119.0,0.0,3940.0,4623.0
2021-03-24 23:30:00+00:00,3065.0,6727.0,0.0,0.0,72.0,309.0,5279.0,122.0,0.0,3895.0,4636.0
2021-03-25 00:00:00+00:00,3060.0,6009.0,0.0,0.0,0.0,277.0,5290.0,118.0,0.0,3936.0,4473.0
2021-03-25 00:30:00+00:00,3060.0,5860.0,0.0,0.0,0.0,265.0,5307.0,120.0,2.0,4035.0,4358.0
2021-03-25 01:00:00+00:00,3059.0,5294.0,0.0,0.0,0.0,217.0,5309.0,119.0,3.0,3924.0,4220.0
2021-03-25 01:30:00+00:00,3062.0,5356.0,0.0,0.0,0.0,215.0,5309.0,121.0,3.0,3563.0,3958.0
2021-03-25 02:00:00+00:00,3065.0,5483.0,0.0,0.0,44.0,313.0,5311.0,255.0,2.0,3059.0,3738.0
2021-03-25 02:30:00+00:00,3064.0,5595.0,0.0,0.0,0.0,312.0,5308.0,270.0,2.0,2678.0,3740.0
2021-03-25 03:00:00+00:00,3053.0,5502.0,0.0,0.0,0.0,312.0,5310.0,289.0,1.0,2467.0,3776.0
2021-03-25 03:30:00+00:00,3066.0,5481.0,0.0,0.0,0.0,298.0,5306.0,179.0,1.0,2548.0,3618.0
2021-03-25 04:00:00+00:00,3064.0,5474.0,0.0,0.0,0.0,316.0,5302.0,119.0,1.0,2532.0,3598.0
2021-03-25 04:30:00+00:00,3044.0,5580.0,0.0,0.0,0.0,318.0,5305.0,119.0,0.0,2502.0,3514.0
2021-03-25 05:00:00+00:00,3045.0,6107.0,0.0,0.0,0.0,371.0,5314.0,119.0,0.0,2614.0,3533.0
2021-03-25 05:30:00+00:00,3062.0,6424.0,0.0,0.0,0.0,421.0,5311.0,130.0,0.0,2692.0,3673.0
2021-03-25 06:00:00+00:00,3052.0,7046.0,0.0,0.0,300.0,552.0,5311.0,150.0,71.0,2624.0,3783.0
2021-03-25 06:30:00+00:00,3052.0,9252.0,0.0,0.0,0.0,583.0,5309.0,187.0,416.0,2728.0,3666.0
2021-03-25 07:00:00+00:00,3053.0,10481.0,0.0,0.0,300.0,625.0,5310.0,289.0,951.0,2707.0,3853.0
2021-03-25 07:30:00+00:00,3027.0,11712.0,0.0,0.0,249.0,691.0,5308.0,342.0,1510.0,2555.0,4148.0
2021-03-25 08:00:00+00:00,3016.0,11468.0,0.0,0.0,600.0,757.0,5307.0,220.0,2030.0,2485.0,4479.0
2021-03-25 08:30:00+00:00,2959.0,10707.0,0.0,0.0,600.0,690.0,5308.0,258.0,2520.0,2740.0,4603.0
2021-03-25 09:00:00+00:00,2939.0,10426.0,0.0,0.0,64.0,681.0,5316.0,190.0,3100.0,3125.0,4998.0
2021-03-25 09:30:00+00:00,2934.0,10091.0,0.0,0.0,0.0,672.0,5331.0,122.0,3620.0,3301.0,5158.0
2021-03-25 10:00:00+00:00,2924.0,9722.0,0.0,0.0,0.0,436.0,5336.0,129.0,4010.0,3364.0,5555.0
2021-03-25 10:30:00+00:00,2839.0,9311.0,0.0,0.0,0.0,411.0,5337.0,157.0,4350.0,3516.0,5657.0
2021-03-25 11:00:00+00:00,2960.0,8801.0,0.0,0.0,0.0,365.0,5345.0,150.0,4440.0,3820.0,6316.0
2021-03-25 11:30:00+00:00,2969.0,7992.0,0.0,0.0,0.0,368.0,5342.0,134.0,4550.0,3921.0,6530.0
2021-03-25 12:00:00+00:00,2962.0,7573.0,0.0,0.0,128.0,354.0,5336.0,136.0,4720.0,4323.0,6447.0
2021-03-25 12:30:00+00:00,2948.0,6980.0,0.0,0.0,64.0,335.0,5343.0,128.0,4770.0,4662.0,6517.0
2021-03-25 13:00:00+00:00,2866.0,6835.0,0.0,0.0,0.0,333.0,5346.0,127.0,4700.0,4708.0,6774.0
2021-03-25 13:30:00+00:00,2864.0,6358.0,0.0,0.0,0.0,339.0,5342.0,133.0,4600.0,4853.0,6822.0
2021-03-25 14:00:00+00:00,2864.0,6049.0,0.0,0.0,0.0,332.0,5344.0,132.0,4200.0,5277.0,6937.0
2021-03-25 14:30:00+00:00,2874.0,5769.0,0.0,0.0,0.0,321.0,5346.0,128.0,3830.0,5368.0,6860.0
2021-03-25 15:00:00+00:00,2906.0,5948.0,0.0,0.0,0.0,336.0,5349.0,126.0,3400.0,5462.0,6994.0
2021-03-25 15:30:00+00:00,2954.0,6373.0,0.0,0.0,0.0,350.0,5347.0,129.0,2850.0,5488.0,6973.0
2021-03-25 16:00:00+00:00,2956.0,8103.0,0.0,0.0,0.0,349.0,5335.0,169.0,2370.0,5369.0,6846.0
2021-03-25 16:30:00+00:00,2911.0,9057.0,0.0,0.0,0.0,374.0,5258.0,205.0,1690.0,5607.0,7015.0
2021-03-25 17:00:00+00:00,2908.0,9746.0,0.0,0.0,0.0,442.0,5186.0,208.0,944.0,5980.0,6965.0
2021-03-25 17:30:00+00:00,2953.0,9926.0,0.0,0.0,601.0,465.0,5180.0,228.0,344.0,6049.0,7008.0
2021-03-25 18:00:00+00:00,2932.0,10032.0,0.0,0.0,899.0,499.0,5187.0,283.0,36.0,6155.0,6956.0
2021-03-25 18:30:00+00:00,2913.0,10447.0,0.0,0.0,899.0,523.0,5187.0,296.0,1.0,6336.0,6978.0
2021-03-25 19:00:00+00:00,2953.0,11014.0,0.0,0.0,642.0,535.0,5192.0,214.0,0.0,6414.0,6795.0
2021-03-25 19:30:00+00:00,2927.0,10565.0,0.0,0.0,0.0,530.0,5189.0,206.0,1.0,6533.0,6761.0
2021-03-25 20:00:00+00:00,2920.0,9177.0,0.0,0.0,0.0,441.0,5185.0,156.0,0.0,6510.0,7031.0
2021-03-25 20:30:00+00:00,2906.0,8272.0,0.0,0.0,326.0,413.0,5183.0,152.0,0.0,6537.0,6840.0
2021-03-25 21:00:00+00:00,2910.0,7444.0,0.0,0.0,0.0,350.0,5190.0,149.0,0.0,6407.0,6962.0
2021-03-25 21:30:00+00:00,2917.0,5669.0,0.0,0.0,0.0,351.0,5181.0,146.0,0.0,6326.0,7143.0
2021-03-25 22:00:00+00:00,2866.0,4692.0,0.0,0.0,144.0,358.0,5184.0,157.0,0.0,6559.0,7216.0
2021-03-25 22:30:00+00:00,2442.0,4230.0,0.0,0.0,0.0,369.0,5190.0,145.0,0.0,6504.0,7199.0
2021-03-25 23:00:00+00:00,2109.0,4286.0,0.0,0.0,90.0,363.0,5184.0,149.0,0.0,6631.0,7003.0
2021-03-25 23:30:00+00:00,2460.0,3754.0,0.0,0.0,0.0,362.0,5179.0,145.0,0.0,6900.0,6843.0
2021-03-26 00:00:00+00:00,2166.0,3691.0,0.0,0.0,0.0,279.0,5187.0,146.0,0.0,6997.0,7176.0
2021-03-26 00:30:00+00:00,2255.0,3588.0,0.0,0.0,0.0,278.0,5188.0,146.0,0.0,6906.0,7176.0
2021-03-26 01:00:00+00:00,2333.0,3700.0,0.0,0.0,96.0,259.0,5186.0,151.0,1.0,6841.0,7136.0
2021-03-26 01:30:00+00:00,2403.0,3893.0,0.0,0.0,0.0,259.0,5192.0,146.0,0.0,6558.0,6975.0
2021-03-26 02:00:00+00:00,2462.0,3521.0,0.0,0.0,0.0,257.0,5196.0,145.0,0.0,6464.0,7109.0
2021-03-26 02:30:00+00:00,2459.0,3529.0,0.0,0.0,0.0,256.0,5188.0,145.0,0.0,6389.0,7164.0
2021-03-26 03:00:00+00:00,2455.0,3552.0,0.0,0.0,0.0,256.0,5186.0,145.0,1.0,6355.0,7204.0
2021-03-26 03:30:00+00:00,2466.0,3414.0,0.0,0.0,0.0,255.0,5187.0,145.0,0.0,6284.0,7180.0
2021-03-26 04:00:00+00:00,2460.0,3161.0,0.0,0.0,0.0,248.0,5192.0,145.0,0.0,6425.0,7263.0
2021-03-26 04:30:00+00:00,2120.0,3102.0,0.0,0.0,0.0,248.0,5187.0,146.0,1.0,6548.0,7343.0
2021-03-26 05:00:00+00:00,2324.0,3366.0,0.0,0.0,0.0,285.0,5189.0,146.0,0.0,6540.0,6982.0
2021-03-26 05:30:00+00:00,2438.0,3681.0,0.0,0.0,0.0,298.0,5198.0,146.0,1.0,6622.0,6719.0
2021-03-26 06:00:00+00:00,2406.0,4135.0,0.0,0.0,37.0,397.0,5193.0,147.0,37.0,6610.0,6643.0
2021-03-26 06:30:00+00:00,2449.0,4976.0,0.0,0.0,89.0,448.0,5186.0,149.0,234.0,6928.0,6729.0
2021-03-26 07:00:00+00:00,2406.0,5492.0,0.0,0.0,188.0,496.0,4608.0,147.0,563.0,6905.0,7087.0
2021-03-26 07:30:00+00:00,2439.0,5759.0,0.0,0.0,422.0,612.0,4607.0,177.0,823.0,7127.0,6704.0
2021-03-26 08:00:00+00:00,2442.0,6196.0,0.0,0.0,180.0,700.0,4604.0,233.0,1170.0,6678.0,6545.0
2021-03-26 08:30:00+00:00,2441.0,6425.0,0.0,0.0,293.0,749.0,4617.0,201.0,1360.0,6494.0,6472.0
2021-03-26 09:00:00+00:00,2446.0,6991.0,0.0,0.0,5.0,781.0,4605.0,232.0,1450.0,6576.0,6245.0
2021-03-26 09:30:00+00:00,2439.0,7026.0,0.0,0.0,0.0,904.0,4609.0,235.0,1860.0,6646.0,6344.0
2021-03-26 10:00:00+00:00,2464.0,6856.0,0.0,0.0,0.0,796.0,4609.0,156.0,2400.0,6838.0,6599.0
2021-03-26 10:30:00+00:00,2448.0,6563.0,0.0,0.0,79.0,708.0,4617.0,193.0,2870.0,6602.0,6846.0
2021-03-26 11:00:00+00:00,2459.0,6386.0,0.0,0.0,0.0,677.0,4619.0,156.0,3410.0,6679.0,7111.0
2021-03-26 11:30:00+00:00,2447.0,6166.0,0.0,0.0,0.0,664.0,4541.0,153.0,4010.0,6744.0,7348.0
2021-03-26 12:00:00+00:00,2419.0,6157.0,0.0,0.0,0.0,647.0,4449.0,150.0,4330.0,6703.0,7322.0
2021-03-26 12:30:00+00:00,2324.0,5707.0,0.0,0.0,0.0,634.0,4386.0,83.0,4700.0,6660.0,7779.0
2021-03-26 13:00:00+00:00,2297.0,5567.0,0.0,0.0,0.0,638.0,4394.0,84.0,4750.0,6656.0,7684.0
2021-03-26 13:30:00+00:00,2279.0,5450.0,0.0,0.0,0.0,661.0,4409.0,83.0,4640.0,6599.0,7733.0
2021-03-26 14:00:00+00:00,2325.0,5704.0,0.0,0.0,0.0,656.0,4279.0,91.0,4370.0,6519.0,7675.0
2021-03-26 14:30:00+00:00,2325.0,6061.0,0.0,0.0,0.0,641.0,4270.0,82.0,3800.0,6074.0,7425.0
2021-03-26 15:00:00+00:00,2293.0,6546.0,0.0,0.0,0.0,593.0,4270.0,83.0,3380.0,5212.0,7080.0
2021-03-26 15:30:00+00:00,2298.0,6987.0,0.0,0.0,49.0,607.0,4280.0,95.0,2820.0,4704.0,7068.0
2021-03-26 16:00:00+00:00,2297.0,7696.0,0.0,0.0,0.0,618.0,4291.0,111.0,2310.0,4590.0,6948.0
2021-03-26 16:30:00+00:00,2313.0,8760.0,0.0,0.0,299.0,697.0,4318.0,140.0,1780.0,4537.0,6817.0
2021-03-26 17:00:00+00:00,2322.0,10380.0,0.0,0.0,380.0,741.0,4320.0,144.0,1210.0,4509.0,6256.0
2021-03-26 17:30:00+00:00,2323.0,10451.0,0.0,0.0,968.0,749.0,4369.0,138.0,530.0,5042.0,6206.0
2021-03-26 18:00:00+00:00,2301.0,10726.0,0.0,0.0,1627.0,750.0,4374.0,229.0,67.0,4945.0,5829.0
2021-03-26 18:30:00+00:00,2327.0,11258.0,0.0,0.0,1676.0,892.0,4383.0,294.0,1.0,4925.0,5722.0
2021-03-26 19:00:00+00:00,2318.0,11962.0,0.0,0.0,1686.0,868.0,4417.0,317.0,0.0,5088.0,5174.0
2021-03-26 19:30:00+00:00,2316.0,11543.0,0.0,0.0,774.0,750.0,4416.0,282.0,1.0,5333.0,5302.0
2021-03-26 20:00:00+00:00,2336.0,11271.0,0.0,0.0,503.0,639.0,4415.0,84.0,0.0,5746.0,5202.0
2021-03-26 20:30:00+00:00,2328.0,9734.0,0.0,0.0,514.0,621.0,4415.0,83.0,0.0,6063.0,5173.0
2021-03-26 21:00:00+00:00,2322.0,9463.0,0.0,0.0,0.0,556.0,4421.0,73.0,0.0,5983.0,5441.0
2021-03-26 21:30:00+00:00,2337.0,7780.0,0.0,0.0,0.0,556.0,4476.0,72.0,0.0,5818.0,5010.0
2021-03-26 22:00:00+00:00,2337.0,6294.0,0.0,0.0,234.0,521.0,4505.0,86.0,0.0,6224.0,5089.0
2021-03-26 22:30:00+00:00,2280.0,5113.0,0.0,0.0,0.0,512.0,4500.0,76.0,0.0,6208.0,5285.0
2021-03-26 23:00:00+00:00,2009.0,4067.0,0.0,0.0,136.0,508.0,4514.0,79.0,0.0,6250.0,5829.0
2021-03-26 23:30:00+00:00,1988.0,3194.0,0.0,0.0,0.0,510.0,4518.0,73.0,0.0,6386.0,5900.0
2021-03-27 00:00:00+00:00,1977.0,2833.0,0.0,0.0,148.0,496.0,4513.0,73.0,0.0,6426.0,5967.0
2021-03-27 00:30:00+00:00,1982.0,3113.0,0.0,0.0,0.0,497.0,4522.0,78.0,0.0,6067.0,6097.0
2021-03-27 01:00:00+00:00,1996.0,3519.0,0.0,0.0,0.0,497.0,4521.0,78.0,2.0,6392.0,5963.0
2021-03-27 01:30:00+00:00,2089.0,3261.0,0.0,0.0,0.0,491.0,4518.0,75.0,1.0,6395.0,5811.0
2021-03-27 02:00:00+00:00,2178.0,3363.0,0.0,0.0,148.0,492.0,4521.0,72.0,1.0,6327.0,5423.0
2021-03-27 02:30:00+00:00,2245.0,3424.0,0.0,0.0,127.0,487.0,4527.0,74.0,1.0,6341.0,5557.0
2021-03-27 03:00:00+00:00,2284.0,3780.0,0.0,0.0,0.0,464.0,4518.0,75.0,1.0,6353.0,5587.0
2021-03-27 03:30:00+00:00,2282.0,4063.0,0.0,0.0,0.0,466.0,4527.0,70.0,0.0,6358.0,5483.0
2021-03-27 04:00:00+00:00,2288.0,3972.0,0.0,0.0,0.0,466.0,4526.0,75.0,0.0,6385.0,5375.0
2021-03-27 04:30:00+00:00,2331.0,4172.0,0.0,0.0,0.0,467.0,4518.0,80.0,0.0,6402.0,5280.0
2021-03-27 05:00:00+00:00,2312.0,4425.0,0.0,0.0,0.0,560.0,4520.0,73.0,0.0,6408.0,5458.0
2021-03-27 05:30:00+00:00,2322.0,4355.0,0.0,0.0,0.0,608.0,4553.0,73.0,1.0,6436.0,5589.0
2021-03-27 06:00:00+00:00,2305.0,4024.0,0.0,0.0,0.0,608.0,4609.0,74.0,141.0,6508.0,5524.0
2021-03-27 06:30:00+00:00,2574.0,4318.0,0.0,0.0,0.0,609.0,4608.0,80.0,685.0,6546.0,5754.0
2021-03-27 07:00:00+00:00,2902.0,3862.0,0.0,0.0,0.0,654.0,4615.0,75.0,1450.0,6657.0,5617.0
2021-03-27 07:30:00+00:00,2871.0,3757.0,0.0,0.0,0.0,535.0,4616.0,73.0,2270.0,6769.0,5487.0
2021-03-27 08:00:00+00:00,2968.0,3635.0,0.0,0.0,0.0,588.0,4612.0,75.0,3140.0,6813.0,5573.0
2021-03-27 08:30:00+00:00,3018.0,3928.0,0.0,0.0,0.0,630.0,4615.0,75.0,4060.0,6639.0,5430.0
2021-03-27 09:00:00+00:00,2822.0,3605.0,0.0,0.0,0.0,617.0,4612.0,78.0,4770.0,6439.0,5559.0
2021-03-27 09:30:00+00:00,2794.0,3526.0,0.0,0.0,0.0,630.0,4614.0,75.0,5230.0,6613.0,5746.0
2021-03-27 10:00:00+00:00,3035.0,3340.0,0.0,0.0,0.0,596.0,4607.0,144.0,5490.0,6456.0,5864.0
2021-03-27 10:30:00+00:00,2915.0,3630.0,0.0,0.0,0.0,596.0,4608.0,146.0,5630.0,6099.0,6027.0
2021-03-27 11:00:00+00:00,2898.0,4157.0,0.0,0.0,349.0,595.0,4495.0,149.0,5440.0,5663.0,5790.0
2021-03-27 11:30:00+00:00,2849.0,4333.0,0.0,0.0,0.0,641.0,4489.0,143.0,5280.0,5657.0,5958.0
2021-03-27 12:00:00+00:00,2844.0,3862.0,0.0,0.0,279.0,685.0,4489.0,157.0,4920.0,5514.0,5804.0
2021-03-27 12:30:00+00:00,2850.0,4304.0,0.0,0.0,529.0,674.0,4491.0,157.0,4340.0,5286.0,5789.0
2021-03-27 13:00:00+00:00,2936.0,4341.0,0.0,0.0,456.0,692.0,4484.0,153.0,3840.0,4750.0,6063.0
2021-03-27 13:30:00+00:00,2989.0,4513.0,0.0,0.0,271.0,679.0,4555.0,347.0,3610.0,4184.0,6320.0
2021-03-27 14:00:00+00:00,3031.0,4175.0,0.0,0.0,0.0,572.0,4595.0,345.0,3390.0,3971.0,6714.0
2021-03-27 14:30:00+00:00,3031.0,3691.0,0.0,0.0,203.0,570.0,4600.0,150.0,2860.0,4074.0,6812.0
2021-03-27 15:00:00+00:00,3037.0,3994.0,0.0,0.0,0.0,566.0,4599.0,144.0,2460.0,4428.0,6837.0
2021-03-27 15:30:00+00:00,3057.0,4005.0,0.0,0.0,300.0,565.0,4596.0,154.0,1870.0,4278.0,7261.0
2021-03-27 16:00:00+00:00,3000.0,4767.0,0.0,0.0,409.0,505.0,4630.0,148.0,1350.0,4237.0,7450.0
2021-03-27 16:30:00+00:00,3011.0,5687.0,0.0,0.0,750.0,541.0,4709.0,329.0,829.0,4165.0,7625.0
2021-03-27 17:00:00+00:00,3009.0,6273.0,0.0,0.0,1201.0,607.0,4701.0,341.0,436.0,4323.0,7528.0
2021-03-27 17:30:00+00:00,3065.0,7842.0,0.0,0.0,1071.0,560.0,4711.0,390.0,156.0,4292.0,7585.0
2021-03-27 18:00:00+00:00,3098.0,7753.0,0.0,0.0,1428.0,560.0,4811.0,484.0,25.0,4582.0,7746.0
2021-03-27 18:30:00+00:00,3097.0,8042.0,0.0,0.0,1360.0,555.0,4811.0,566.0,2.0,4706.0,7613.0
2021-03-27 19:00:00+00:00,3091.0,8212.0,0.0,0.0,1291.0,541.0,4818.0,742.0,0.0,5054.0,7454.0
2021-03-27 19:30:00+00:00,3090.0,7902.0,0.0,0.0,245.0,515.0,4811.0,687.0,0.0,5401.0,7170.0
2021-03-27 20:00:00+00:00,3078.0,7045.0,0.0,0.0,258.0,465.0,4820.0,330.0,0.0,5899.0,7475.0
2021-03-27 20:30:00+00:00,3117.0,6475.0,0.0,0.0,118.0,460.0,4818.0,146.0,0.0,6306.0,7541.0
2021-03-27 21:00:00+00:00,3099.0,5338.0,0.0,0.0,181.0,467.0,4813.0,145.0,0.0,6511.0,7474.0
2021-03-27 21:30:00+00:00,2877.0,4389.0,0.0,0.0,212.0,450.0,4811.0,145.0,0.0,6581.0,6837.0
2021-03-27 22:00:00+00:00,3010.0,4417.0,0.0,0.0,154.0,438.0,4804.0,233.0,0.0,6511.0,7090.0
2021-03-27 22:30:00+00:00,2932.0,4226.0,0.0,0.0,0.0,434.0,4811.0,234.0,0.0,6691.0,6922.0
2021-03-27 23:00:00+00:00,2917.0,3879.0,0.0,0.0,15.0,406.0,4810.0,142.0,0.0,6870.0,6893.0
2021-03-27 23:30:00+00:00,2020.0,4009.0,0.0,0.0,0.0,409.0,4814.0,141.0,0.0,6877.0,6814.0
2021-03-28 00:00:00+00:00,1856.0,4084.0,0.0,0.0,0.0,413.0,4816.0,147.0,0.0,6919.0,6795.0
2021-03-28 00:30:00+00:00,1963.0,4511.0,0.0,0.0,0.0,412.0,4845.0,154.0,2.0,6871.0,3971.0
2021-03-28 02:00:00+01:00,1863.0,4484.0,0.0,0.0,0.0,413.0,4840.0,202.0,2.0,6823.0,6873.0
2021-03-28 02:30:00+01:00,1839.0,4300.0,0.0,0.0,0.0,94.0,4841.0,139.0,0.0,6805.0,6881.0
2021-03-28 03:00:00+01:00,1809.0,3848.0,0.0,0.0,0.0,437.0,4845.0,140.0,0.0,6909.0,7014.0
2021-03-28 03:30:00+01:00,1775.0,3725.0,0.0,0.0,0.0,455.0,4844.0,141.0,0.0,6897.0,7074.0
2021-03-28 04:00:00+01:00,1834.0,3605.0,0.0,0.0,0.0,446.0,4846.0,141.0,1.0,6766.0,7146.0
2021-03-28 04:30:00+01:00,1815.0,3679.0,0.0,0.0,0.0,445.0,4841.0,139.0,0.0,6547.0,7273.0
2021-03-28 05:00:00+01:00,1857.0,3354.0,0.0,0.0,0.0,445.0,4838.0,145.0,0.0,6689.0,7203.0
2021-03-28 05:30:00+01:00,1838.0,2984.0,0.0,0.0,0.0,471.0,4841.0,142.0,1.0,6915.0,7323.0
2021-03-28 06:00:00+01:00,1805.0,3127.0,0.0,0.0,0.0,470.0,4841.0,140.0,0.0,6889.0,7202.0
2021-03-28 06:30:00+01:00,2126.0,2940.0,0.0,0.0,0.0,465.0,4836.0,148.0,1.0,6832.0,7366.0
2021-03-28 07:00:00+01:00,2344.0,2752.0,0.0,0.0,0.0,463.0,4842.0,142.0,23.0,6811.0,7271.0
2021-03-28 07:30:00+01:00,2535.0,2818.0,0.0,0.0,0.0,443.0,4838.0,143.0,140.0,6871.0,7445.0
2021-03-28 08:00:00+01:00,2144.0,2911.0,0.0,0.0,0.0,442.0,4831.0,144.0,328.0,6886.0,6653.0
2021-03-28 08:30:00+01:00,1920.0,2928.0,0.0,0.0,0.0,445.0,4836.0,145.0,565.0,6773.0,7415.0
2021-03-28 09:00:00+01:00,1979.0,2961.0,0.0,0.0,40.0,472.0,4839.0,143.0,817.0,6736.0,7363.0
2021-03-28 09:30:00+01:00,2270.0,2986.0,0.0,0.0,0.0,569.0,4850.0,143.0,1150.0,6735.0,7402.0
2021-03-28 10:00:00+01:00,2511.0,2994.0,0.0,0.0,0.0,606.0,4838.0,143.0,1460.0,6667.0,7572.0
2021-03-28 10:30:00+01:00,2578.0,3030.0,0.0,0.0,105.0,583.0,4838.0,144.0,1670.0,6591.0,7654.0
2021-03-28 11:00:00+01:00,2624.0,3172.0,0.0,0.0,144.0,630.0,4838.0,145.0,1900.0,6667.0,7497.0
2021-03-28 11:30:00+01:00,2993.0,3008.0,0.0,0.0,109.0,642.0,4844.0,142.0,2290.0,6768.0,7757.0
2021-03-28 12:00:00+01:00,3065.0,3213.0,0.0,0.0,82.0,604.0,4837.0,145.0,2500.0,6698.0,7967.0
2021-03-28 12:30:00+01:00,3066.0,3487.0,0.0,0.0,197.0,648.0,4840.0,146.0,2480.0,6757.0,7816.0
2021-03-28 13:00:00+01:00,3017.0,3569.0,0.0,0.0,120.0,653.0,4837.0,153.0,2360.0,6805.0,7832.0
2021-03-28 13:30:00+01:00,3061.0,3265.0,0.0,0.0,0.0,659.0,4843.0,144.0,2500.0,6865.0,7877.0
2021-03-28 14:00:00+01:00,3021.0,2953.0,0.0,0.0,0.0,624.0,4844.0,154.0,2340.0,6898.0,8336.0
2021-03-28 14:30:00+01:00,2977.0,3020.0,0.0,0.0,0.0,570.0,4838.0,147.0,2250.0,6856.0,8395.0
2021-03-28 15:00:00+01:00,3007.0,3382.0,0.0,0.0,142.0,546.0,4839.0,154.0,2030.0,6954.0,8334.0
2021-03-28 15:30:00+01:00,2978.0,4221.0,0.0,0.0,0.0,561.0,4838.0,148.0,1740.0,6808.0,8402.0
2021-03-28 16:00:00+01:00,2999.0,4397.0,0.0,0.0,96.0,529.0,4850.0,143.0,1350.0,6902.0,8458.0
2021-03-28 16:30:00+01:00,3028.0,4964.0,0.0,0.0,150.0,540.0,4843.0,151.0,1030.0,6849.0,8538.0
2021-03-28 17:00:00+01:00,3072.0,4934.0,0.0,0.0,150.0,630.0,4842.0,150.0,736.0,6805.0,8772.0
2021-03-28 17:30:00+01:00,3056.0,4897.0,0.0,0.0,682.0,613.0,4837.0,149.0,474.0,6839.0,8909.0
2021-03-28 18:00:00+01:00,3059.0,4947.0,0.0,0.0,1080.0,625.0,4837.0,221.0,250.0,6909.0,8973.0
2021-03-28 18:30:00+01:00,3040.0,4891.0,0.0,0.0,1154.0,624.0,4841.0,285.0,102.0,7069.0,8633.0
2021-03-28 19:00:00+01:00,3071.0,4897.0,0.0,0.0,835.0,623.0,4838.0,328.0,13.0,7159.0,8526.0
2021-03-28 19:30:00+01:00,3086.0,5089.0,0.0,0.0,462.0,631.0,4833.0,413.0,1.0,7206.0,8478.0
2021-03-28 20:00:00+01:00,3031.0,6055.0,0.0,0.0,188.0,641.0,4826.0,381.0,0.0,7184.0,8025.0
2021-03-28 20:30:00+01:00,3003.0,4875.0,0.0,0.0,181.0,642.0,4831.0,281.0,0.0,7152.0,8038.0
2021-03-28 21:00:00+01:00,3047.0,4815.0,0.0,0.0,150.0,639.0,4836.0,153.0,1.0,7152.0,7921.0
2021-03-28 21:30:00+01:00,2874.0,4008.0,0.0,0.0,0.0,625.0,4846.0,142.0,1.0,7040.0,7882.0
2021-03-28 22:00:00+01:00,2684.0,4296.0,0.0,0.0,148.0,634.0,4851.0,142.0,0.0,7106.0,7901.0
2021-03-28 22:30:00+01:00,2654.0,4157.0,0.0,0.0,0.0,621.0,4837.0,148.0,0.0,7140.0,7215.0
2021-03-28 23:00:00+01:00,2490.0,3433.0,0.0,0.0,0.0,560.0,4851.0,146.0,0.0,6962.0,7188.0
2021-03-28 23:30:00+01:00,2254.0,3063.0,0.0,0.0,0.0,548.0,4843.0,147.0,0.0,6930.0,6993.0
2021-03-29 00:00:00+01:00,2282.0,3752.0,0.0,0.0,0.0,494.0,4838.0,143.0,0.0,6909.0,6732.0
2021-03-29 00:30:00+01:00,2200.0,3341.0,0.0,0.0,0.0,494.0,4844.0,140.0,0.0,6847.0,6896.0
2021-03-29 01:00:00+01:00,2222.0,3318.0,0.0,0.0,0.0,477.0,4856.0,140.0,1.0,6950.0,6883.0
2021-03-29 01:30:00+01:00,2200.0,3829.0,0.0,0.0,0.0,472.0,4847.0,141.0,1.0,6756.0,6883.0
2021-03-29 02:00:00+01:00,2251.0,3777.0,0.0,0.0,0.0,503.0,4838.0,145.0,0.0,6931.0,6868.0
2021-03-29 02:30:00+01:00,2207.0,3777.0,0.0,0.0,0.0,540.0,4834.0,142.0,0.0,6786.0,6893.0
2021-03-29 03:00:00+01:00,2218.0,3540.0,0.0,0.0,0.0,547.0,4829.0,142.0,0.0,6741.0,6904.0
2021-03-29 03:30:00+01:00,2211.0,3454.0,0.0,0.0,0.0,549.0,4845.0,142.0,0.0,6845.0,6873.0
2021-03-29 04:00:00+01:00,2231.0,3362.0,0.0,0.0,0.0,548.0,4852.0,142.0,0.0,6876.0,6722.0
2021-03-29 04:30:00+01:00,2251.0,3523.0,0.0,0.0,0.0,543.0,4849.0,143.0,0.0,6888.0,6692.0
2021-03-29 05:00:00+01:00,2271.0,3765.0,0.0,0.0,0.0,544.0,4850.0,146.0,0.0,6828.0,6564.0
2021-03-29 05:30:00+01:00,2207.0,4127.0,0.0,0.0,0.0,546.0,4851.0,140.0,0.0,6871.0,6638.0
2021-03-29 06:00:00+01:00,2190.0,4902.0,0.0,0.0,132.0,552.0,4852.0,140.0,0.0,6767.0,6755.0
2021-03-29 06:30:00+01:00,2543.0,6146.0,0.0,0.0,184.0,557.0,4855.0,152.0,1.0,6811.0,6720.0
2021-03-29 07:00:00+01:00,3001.0,5541.0,0.0,0.0,110.0,565.0,4844.0,200.0,52.0,6568.0,6923.0
2021-03-29 07:30:00+01:00,3063.0,6094.0,0.0,0.0,150.0,666.0,4849.0,154.0,251.0,6486.0,7398.0
2021-03-29 08:00:00+01:00,3062.0,5760.0,0.0,0.0,689.0,603.0,4844.0,177.0,561.0,6506.0,6999.0
2021-03-29 08:30:00+01:00,3050.0,6229.0,0.0,0.0,298.0,628.0,4854.0,143.0,1020.0,6403.0,7454.0
2021-03-29 09:00:00+01:00,3064.0,6192.0,0.0,0.0,513.0,623.0,4841.0,151.0,1640.0,6403.0,7548.0
2021-03-29 09:30:00+01:00,3051.0,6297.0,0.0,0.0,639.0,618.0,4847.0,146.0,2460.0,6313.0,7309.0
2021-03-29 10:00:00+01:00,3036.0,6087.0,0.0,0.0,639.0,626.0,4855.0,146.0,3230.0,6365.0,7363.0
2021-03-29 10:30:00+01:00,3037.0,5407.0,0.0,0.0,639.0,638.0,4850.0,144.0,3930.0,6336.0,7571.0
2021-03-29 11:00:00+01:00,3037.0,4860.0,0.0,0.0,310.0,646.0,4856.0,143.0,4560.0,6169.0,7565.0
2021-03-29 11:30:00+01:00,3047.0,4192.0,0.0,0.0,182.0,651.0,4853.0,145.0,5110.0,6195.0,7567.0
2021-03-29 12:00:00+01:00,2969.0,3830.0,0.0,0.0,148.0,657.0,4853.0,142.0,5610.0,6250.0,7687.0
2021-03-29 12:30:00+01:00,2947.0,3604.0,0.0,0.0,0.0,659.0,4854.0,143.0,6010.0,6152.0,7789.0
2021-03-29 13:00:00+01:00,2706.0,3893.0,0.0,0.0,0.0,658.0,4855.0,144.0,6210.0,5861.0,7696.0
2021-03-29 13:30:00+01:00,2820.0,3643.0,0.0,0.0,0.0,662.0,4849.0,145.0,6280.0,5775.0,7744.0
2021-03-29 14:00:00+01:00,2191.0,3565.0,0.0,0.0,0.0,671.0,4844.0,147.0,6310.0,5941.0,7532.0
2021-03-29 14:30:00+01:00,2029.0,3560.0,0.0,0.0,0.0,681.0,4842.0,147.0,6190.0,5806.0,7410.0
2021-03-29 15:00:00+01:00,2050.0,3635.0,0.0,0.0,0.0,704.0,4847.0,150.0,5990.0,5833.0,7308.0
2021-03-29 15:30:00+01:00,2150.0,3754.0,0.0,0.0,0.0,704.0,4838.0,158.0,5610.0,5822.0,7542.0
2021-03-29 16:00:00+01:00,2151.0,3832.0,0.0,0.0,0.0,705.0,4845.0,173.0,4950.0,5750.0,7518.0
2021-03-29 16:30:00+01:00,2495.0,4310.0,0.0,0.0,0.0,706.0,4843.0,183.0,4250.0,5846.0,7723.0
2021-03-29 17:00:00+01:00,2310.0,4809.0,0.0,0.0,258.0,705.0,4846.0,190.0,3440.0,5805.0,7731.0
2021-03-29 17:30:00+01:00,2816.0,5508.0,0.0,0.0,513.0,695.0,4841.0,195.0,2570.0,5809.0,7507.0
2021-03-29 18:00:00+01:00,3069.0,6563.0,0.0,0.0,591.0,690.0,4847.0,190.0,1630.0,5373.0,7191.0
2021-03-29 18:30:00+01:00,3074.0,7350.0,0.0,0.0,528.0,683.0,4855.0,189.0,786.0,5575.0,6904.0
2021-03-29 19:00:00+01:00,3010.0,7309.0,0.0,0.0,887.0,682.0,4853.0,185.0,165.0,5625.0,6770.0
2021-03-29 19:30:00+01:00,3069.0,7466.0,0.0,0.0,1225.0,684.0,4849.0,206.0,3.0,5633.0,6269.0
2021-03-29 20:00:00+01:00,3067.0,8313.0,0.0,0.0,1093.0,683.0,4847.0,169.0,1.0,5533.0,6116.0
2021-03-29 20:30:00+01:00,3061.0,8174.0,0.0,0.0,573.0,683.0,4849.0,289.0,0.0,5648.0,6313.0
2021-03-29 21:00:00+01:00,3035.0,7637.0,0.0,0.0,454.0,683.0,4842.0,144.0,0.0,5687.0,6462.0
2021-03-29 21:30:00+01:00,3046.0,7042.0,0.0,0.0,9.0,684.0,4843.0,140.0,0.0,5662.0,6455.0
2021-03-29 22:00:00+01:00,3059.0,5944.0,0.0,0.0,90.0,679.0,4846.0,142.0,0.0,5560.0,6295.0
2021-03-29 22:30:00+01:00,3064.0,5333.0,0.0,0.0,151.0,682.0,4846.0,142.0,0.0,5325.0,5970.0
2021-03-29 23:00:00+01:00,3043.0,5557.0,0.0,0.0,5.0,700.0,4850.0,145.0,0.0,5132.0,5820.0
2021-03-29 23:30:00+01:00,3062.0,5096.0,0.0,0.0,151.0,700.0,4850.0,142.0,0.0,5146.0,5329.0
2021-03-30 00:00:00+01:00,3069.0,5425.0,0.0,0.0,101.0,695.0,4856.0,142.0,0.0,4928.0,5141.0
2021-03-30 00:30:00+01:00,3067.0,5664.0,0.0,0.0,0.0,694.0,4847.0,142.0,0.0,4796.0,5195.0
2021-03-30 01:00:00+01:00,3060.0,5288.0,0.0,0.0,0.0,675.0,4869.0,141.0,0.0,4757.0,5028.0
2021-03-30 01:30:00+01:00,3056.0,5576.0,0.0,0.0,77.0,678.0,4865.0,142.0,1.0,4722.0,4922.0
2021-03-30 02:00:00+01:00,3060.0,5183.0,0.0,0.0,0.0,678.0,4865.0,220.0,0.0,4656.0,4838.0
2021-03-30 02:30:00+01:00,3054.0,4919.0,0.0,0.0,0.0,678.0,4861.0,159.0,0.0,4472.0,4841.0
2021-03-30 03:00:00+01:00,3060.0,4447.0,0.0,0.0,0.0,702.0,4864.0,159.0,0.0,4372.0,4793.0
2021-03-30 03:30:00+01:00,3068.0,4468.0,0.0,0.0,0.0,708.0,4864.0,160.0,0.0,4199.0,4754.0
2021-03-30 04:00:00+01:00,3068.0,4570.0,0.0,0.0,0.0,707.0,4866.0,159.0,0.0,3958.0,4739.0
2021-03-30 04:30:00+01:00,3013.0,5072.0,0.0,0.0,0.0,708.0,4871.0,160.0,1.0,3642.0,4759.0
2021-03-30 05:00:00+01:00,3073.0,4844.0,0.0,0.0,0.0,707.0,4873.0,159.0,0.0,3495.0,4753.0
2021-03-30 05:30:00+01:00,3070.0,4863.0,0.0,0.0,0.0,706.0,4880.0,158.0,0.0,3304.0,5017.0
2021-03-30 06:00:00+01:00,3095.0,5825.0,0.0,0.0,114.0,707.0,4870.0,159.0,0.0,3067.0,4889.0
2021-03-30 06:30:00+01:00,3081.0,7780.0,0.0,0.0,469.0,707.0,4868.0,156.0,12.0,2811.0,4955.0
2021-03-30 07:00:00+01:00,3092.0,9911.0,0.0,0.0,287.0,707.0,4862.0,164.0,271.0,2490.0,4907.0
2021-03-30 07:30:00+01:00,3086.0,12066.0,0.0,0.0,378.0,830.0,4864.0,196.0,864.0,2221.0,4799.0
2021-03-30 08:00:00+01:00,3081.0,12854.0,0.0,0.0,418.0,870.0,4864.0,408.0,1610.0,2031.0,4743.0
2021-03-30 08:30:00+01:00,3081.0,12817.0,0.0,0.0,418.0,871.0,4860.0,386.0,2420.0,2018.0,4610.0
2021-03-30 09:00:00+01:00,3090.0,12508.0,0.0,0.0,450.0,872.0,4863.0,293.0,3210.0,1875.0,4777.0
2021-03-30 09:30:00+01:00,3071.0,12476.0,0.0,0.0,0.0,853.0,4866.0,253.0,4060.0,1704.0,4893.0
2021-03-30 10:00:00+01:00,0.0,0.0,0.0,0.0,0.0,0.0,0.0,0.0,4860.0,1540.0,5117.0
2021-03-30 10:30:00+01:00,0.0,0.0,0.0,0.0,0.0,0.0,0.0,0.0,5570.0,1510.0,5026.0
2021-03-30 11:00:00+01:00,0.0,0.0,0.0,0.0,0.0,0.0,0.0,0.0,6200.0,1573.0,5044.0
2021-03-30 11:30:00+01:00,0.0,0.0,0.0,0.0,0.0,0.0,0.0,0.0,6750.0,1634.0,5078.0
2021-03-30 12:00:00+01:00,3091.0,9792.0,0.0,0.0,45.0,703.0,4864.0,158.0,7140.0,1599.0,5139.0
2021-03-30 12:30:00+01:00,3091.0,8855.0,0.0,0.0,120.0,701.0,4864.0,155.0,7490.0,1590.0,5182.0
2021-03-30 13:00:00+01:00,3083.0,8773.0,0.0,0.0,0.0,677.0,4866.0,155.0,7500.0,1591.0,5166.0
2021-03-30 13:30:00+01:00,3085.0,8340.0,0.0,0.0,0.0,667.0,4865.0,155.0,7450.0,1632.0,5243.0
2021-03-30 14:00:00+01:00,3085.0,8035.0,0.0,0.0,0.0,658.0,4870.0,155.0,7220.0,1592.0,5100.0
2021-03-30 14:30:00+01:00,3087.0,8327.0,0.0,0.0,0.0,653.0,4864.0,156.0,6770.0,1598.0,4901.0
2021-03-30 15:00:00+01:00,3076.0,8610.0,0.0,0.0,0.0,655.0,4866.0,156.0,6160.0,1709.0,4702.0
2021-03-30 15:30:00+01:00,3074.0,9475.0,0.0,0.0,0.0,674.0,4862.0,158.0,5480.0,1672.0,4498.0
2021-03-30 16:00:00+01:00,3079.0,10471.0,0.0,0.0,0.0,742.0,4862.0,191.0,4600.0,1524.0,4060.0
2021-03-30 16:30:00+01:00,3062.0,12308.0,0.0,0.0,0.0,779.0,4868.0,196.0,3690.0,1490.0,3890.0
2021-03-30 17:00:00+01:00,3075.0,14050.0,0.0,0.0,0.0,802.0,4871.0,196.0,2770.0,1379.0,3584.0
2021-03-30 17:30:00+01:00,3073.0,14903.0,0.0,0.0,9.0,803.0,4862.0,387.0,1880.0,1349.0,3505.0
2021-03-30 18:00:00+01:00,3077.0,15903.0,0.0,0.0,0.0,802.0,4875.0,388.0,1070.0,1309.0,3101.0
2021-03-30 18:30:00+01:00,3084.0,16296.0,0.0,0.0,261.0,804.0,4867.0,391.0,427.0,1291.0,3224.0
2021-03-30 19:00:00+01:00,3086.0,16315.0,0.0,0.0,1214.0,798.0,4866.0,248.0,77.0,1172.0,2880.0
2021-03-30 19:30:00+01:00,3091.0,16896.0,0.0,0.0,1507.0,788.0,4862.0,232.0,2.0,1008.0,2868.0
2021-03-30 20:00:00+01:00,3084.0,17416.0,0.0,0.0,1651.0,789.0,4866.0,246.0,1.0,1047.0,2762.0
2021-03-30 20:30:00+01:00,3029.0,17348.0,0.0,0.0,963.0,770.0,4865.0,384.0,1.0,1082.0,2622.0
2021-03-30 21:00:00+01:00,3064.0,16987.0,0.0,0.0,265.0,751.0,4874.0,252.0,1.0,1141.0,2556.0
2021-03-30 21:30:00+01:00,3063.0,16260.0,0.0,0.0,0.0,723.0,4879.0,151.0,0.0,1278.0,2427.0
2021-03-30 22:00:00+01:00,3067.0,14506.0,0.0,0.0,176.0,721.0,4854.0,169.0,0.0,1396.0,2323.0
2021-03-30 22:30:00+01:00,3062.0,12767.0,0.0,0.0,121.0,719.0,4862.0,168.0,0.0,1532.0,2258.0
2021-03-30 23:00:00+01:00,3039.0,11115.0,0.0,0.0,0.0,721.0,4857.0,186.0,0.0,1612.0,2121.0
2021-03-30 23:30:00+01:00,2694.0,9795.0,0.0,0.0,0.0,721.0,4858.0,169.0,0.0,1677.0,2012.0
2021-03-31 00:00:00+01:00,2662.0,9206.0,0.0,0.0,0.0,677.0,4851.0,150.0,0.0,1656.0,1918.0
2021-03-31 00:30:00+01:00,2656.0,8789.0,0.0,0.0,0.0,657.0,4867.0,149.0,0.0,1565.0,1900.0
2021-03-31 01:00:00+01:00,2666.0,8807.0,0.0,0.0,0.0,654.0,4866.0,149.0,0.0,1500.0,1775.0
2021-03-31 01:30:00+01:00,2730.0,8985.0,0.0,0.0,0.0,650.0,4883.0,148.0,0.0,1464.0,1766.0
2021-03-31 02:00:00+01:00,2707.0,9254.0,0.0,0.0,0.0,645.0,4889.0,148.0,0.0,1497.0,1701.0
2021-03-31 02:30:00+01:00,2735.0,8810.0,0.0,0.0,0.0,648.0,4885.0,148.0,0.0,1507.0,1694.0
2021-03-31 03:00:00+01:00,2730.0,8879.0,0.0,0.0,0.0,671.0,4885.0,147.0,0.0,1395.0,1511.0
2021-03-31 03:30:00+01:00,2752.0,8986.0,0.0,0.0,0.0,672.0,4882.0,148.0,0.0,1350.0,1512.0
2021-03-31 04:00:00+01:00,2752.0,9014.0,0.0,0.0,0.0,668.0,4888.0,148.0,0.0,1351.0,1405.0
2021-03-31 04:30:00+01:00,2750.0,9109.0,0.0,0.0,0.0,669.0,4886.0,148.0,0.0,1398.0,1447.0
2021-03-31 05:00:00+01:00,2703.0,9648.0,0.0,0.0,0.0,658.0,4890.0,148.0,0.0,1464.0,1497.0
2021-03-31 05:30:00+01:00,2707.0,10231.0,0.0,0.0,0.0,659.0,4888.0,149.0,0.0,1455.0,1582.0
2021-03-31 06:00:00+01:00,2763.0,12054.0,0.0,0.0,0.0,724.0,4888.0,185.0,1.0,1505.0,1585.0
2021-03-31 06:30:00+01:00,2742.0,13688.0,0.0,0.0,24.0,723.0,4893.0,236.0,6.0,1477.0,1678.0
2021-03-31 07:00:00+01:00,2713.0,15133.0,0.0,0.0,84.0,702.0,4886.0,233.0,147.0,1497.0,1734.0
2021-03-31 07:30:00+01:00,2420.0,16073.0,0.0,0.0,681.0,823.0,4878.0,279.0,537.0,1526.0,1851.0
2021-03-31 08:00:00+01:00,2434.0,16224.0,0.0,0.0,1140.0,795.0,4874.0,304.0,1100.0,1563.0,1795.0
2021-03-31 08:30:00+01:00,2445.0,16213.0,0.0,0.0,753.0,785.0,4874.0,487.0,1710.0,1309.0,1830.0
2021-03-31 09:00:00+01:00,2454.0,16543.0,0.0,0.0,451.0,786.0,4875.0,489.0,2360.0,1292.0,1691.0
2021-03-31 09:30:00+01:00,2444.0,16335.0,0.0,0.0,464.0,827.0,4880.0,405.0,3030.0,1297.0,1677.0
2021-03-31 10:00:00+01:00,2447.0,16327.0,0.0,0.0,0.0,744.0,4884.0,331.0,3650.0,1301.0,1751.0
2021-03-31 10:30:00+01:00,2288.0,15847.0,0.0,0.0,0.0,826.0,4886.0,156.0,4060.0,1341.0,1937.0
2021-03-31 11:00:00+01:00,2233.0,15186.0,0.0,0.0,120.0,829.0,4880.0,154.0,4460.0,1244.0,1929.0
2021-03-31 11:30:00+01:00,2235.0,15146.0,0.0,0.0,270.0,671.0,4884.0,156.0,4870.0,1117.0,1917.0
2021-03-31 12:00:00+01:00,2241.0,14879.0,0.0,0.0,0.0,685.0,4889.0,160.0,5060.0,1204.0,2124.0
2021-03-31 12:30:00+01:00,2241.0,14559.0,0.0,0.0,0.0,685.0,4887.0,160.0,5120.0,1207.0,2093.0
2021-03-31 13:00:00+01:00,2198.0,14296.0,0.0,0.0,0.0,649.0,4893.0,159.0,5020.0,1218.0,2339.0
2021-03-31 13:30:00+01:00,1658.0,14667.0,0.0,0.0,0.0,643.0,4846.0,157.0,4800.0,1067.0,2456.0
2021-03-31 14:00:00+01:00,1668.0,14371.0,0.0,0.0,0.0,660.0,4851.0,157.0,4600.0,1017.0,2727.0
2021-03-31 14:30:00+01:00,1746.0,13995.0,0.0,0.0,0.0,681.0,4841.0,157.0,4320.0,1004.0,2855.0
2021-03-31 15:00:00+01:00,1788.0,13765.0,0.0,0.0,0.0,708.0,4843.0,158.0,3970.0,921.0,3298.0
2021-03-31 15:30:00+01:00,1871.0,13866.0,0.0,0.0,0.0,711.0,4844.0,157.0,3540.0,942.0,3640.0
2021-03-31 16:00:00+01:00,1901.0,14318.0,0.0,0.0,0.0,757.0,4839.0,192.0,3000.0,889.0,3917.0
2021-03-31 16:30:00+01:00,2385.0,14902.0,0.0,0.0,0.0,757.0,4837.0,193.0,2480.0,806.0,3954.0
2021-03-31 17:00:00+01:00,2460.0,15959.0,0.0,0.0,0.0,776.0,4833.0,226.0,2020.0,782.0,4105.0
2021-03-31 17:30:00+01:00,2457.0,16370.0,0.0,0.0,28.0,784.0,4878.0,376.0,1430.0,806.0,4085.0
2021-03-31 18:00:00+01:00,2449.0,16460.0,0.0,0.0,586.0,794.0,4880.0,383.0,876.0,797.0,4096.0
2021-03-31 18:30:00+01:00,2462.0,16547.0,0.0,0.0,721.0,923.0,4882.0,392.0,405.0,975.0,4230.0
2021-03-31 19:00:00+01:00,2459.0,17056.0,0.0,0.0,28.0,1013.0,4886.0,397.0,94.0,1142.0,4215.0
2021-03-31 19:30:00+01:00,2454.0,17238.0,0.0,0.0,413.0,940.0,4887.0,434.0,1.0,1146.0,4386.0
2021-03-31 20:00:00+01:00,2470.0,17202.0,0.0,0.0,601.0,945.0,4884.0,343.0,1.0,1263.0,4255.0
2021-03-31 20:30:00+01:00,2466.0,17171.0,0.0,0.0,107.0,941.0,4889.0,261.0,1.0,1153.0,4225.0
2021-03-31 21:00:00+01:00,2464.0,16424.0,0.0,0.0,176.0,790.0,4893.0,178.0,0.0,1237.0,4211.0
2021-03-31 21:30:00+01:00,2446.0,14731.0,0.0,0.0,54.0,790.0,4899.0,156.0,0.0,1424.0,4175.0
2021-03-31 22:00:00+01:00,2239.0,12988.0,0.0,0.0,56.0,736.0,4891.0,151.0,0.0,1513.0,4202.0
2021-03-31 22:30:00+01:00,1795.0,10778.0,0.0,0.0,26.0,733.0,4893.0,160.0,0.0,1837.0,4222.0
2021-03-31 23:00:00+01:00,1627.0,8964.0,0.0,0.0,0.0,734.0,4906.0,149.0,0.0,1839.0,4292.0
2021-03-31 23:30:00+01:00,1471.0,7049.0,0.0,0.0,0.0,732.0,4901.0,149.0,0.0,2124.0,4209.0
2021-04-01 00:00:00+01:00,1300.0,6209.0,0.0,0.0,0.0,723.0,4898.0,153.0,0.0,2265.0,4180.0
2021-04-01 00:30:00+01:00,1138.0,5794.0,0.0,0.0,0.0,723.0,4884.0,150.0,0.0,2490.0,3708.0
2021-04-01 01:00:00+01:00,1174.0,5857.0,0.0,0.0,0.0,721.0,4895.0,162.0,0.0,3708.0,3563.0
2021-04-01 01:30:00+01:00,1168.0,5119.0,0.0,0.0,0.0,720.0,4894.0,148.0,0.0,3931.0,3677.0
2021-04-01 02:00:00+01:00,1456.0,5043.0,0.0,0.0,0.0,704.0,4894.0,149.0,0.0,3854.0,3674.0
2021-04-01 02:30:00+01:00,1488.0,5070.0,0.0,0.0,0.0,700.0,4888.0,152.0,0.0,3761.0,3583.0
2021-04-01 03:00:00+01:00,1488.0,4977.0,0.0,0.0,0.0,699.0,4889.0,158.0,0.0,3795.0,3452.0
2021-04-01 03:30:00+01:00,1494.0,4834.0,0.0,0.0,0.0,700.0,4907.0,148.0,0.0,3962.0,3388.0
2021-04-01 04:00:00+01:00,1494.0,4867.0,0.0,0.0,0.0,702.0,4910.0,149.0,0.0,4656.0,3054.0
2021-04-01 04:30:00+01:00,1484.0,4413.0,0.0,0.0,0.0,701.0,4904.0,148.0,0.0,4772.0,2765.0
2021-04-01 05:00:00+01:00,1492.0,4840.0,0.0,0.0,0.0,728.0,4898.0,149.0,0.0,4915.0,2876.0
2021-04-01 05:30:00+01:00,1377.0,5940.0,0.0,0.0,0.0,728.0,4912.0,154.0,0.0,4975.0,2662.0
2021-04-01 06:00:00+01:00,1411.0,6734.0,0.0,0.0,0.0,772.0,4908.0,151.0,0.0,4711.0,2692.0
2021-04-01 06:30:00+01:00,1511.0,7786.0,0.0,0.0,19.0,791.0,4902.0,157.0,2.0,4685.0,2829.0
2021-04-01 07:00:00+01:00,1498.0,9928.0,0.0,0.0,0.0,809.0,4902.0,154.0,68.0,4635.0,2945.0
2021-04-01 07:30:00+01:00,1647.0,11926.0,0.0,0.0,120.0,808.0,4894.0,155.0,273.0,4945.0,3128.0
2021-04-01 08:00:00+01:00,1698.0,12035.0,0.0,0.0,205.0,795.0,4895.0,235.0,609.0,5081.0,3105.0
2021-04-01 08:30:00+01:00,1669.0,12186.0,0.0,0.0,678.0,793.0,4902.0,235.0,1030.0,5023.0,3043.0
2021-04-01 09:00:00+01:00,1634.0,11837.0,0.0,0.0,700.0,758.0,4893.0,237.0,1510.0,4865.0,3121.0
2021-04-01 09:30:00+01:00,1501.0,12372.0,0.0,0.0,569.0,758.0,4889.0,167.0,2020.0,4687.0,2989.0
2021-04-01 10:00:00+01:00,1178.0,12428.0,0.0,0.0,120.0,751.0,4890.0,318.0,2610.0,4583.0,3236.0
2021-04-01 10:30:00+01:00,1195.0,12352.0,0.0,0.0,0.0,747.0,4890.0,296.0,3120.0,4596.0,3208.0
2021-04-01 11:00:00+01:00,1190.0,12065.0,0.0,0.0,6.0,747.0,4891.0,263.0,3580.0,4491.0,3176.0
2021-04-01 11:30:00+01:00,1187.0,12045.0,0.0,0.0,0.0,726.0,4895.0,250.0,4060.0,4401.0,3063.0
2021-04-01 12:00:00+01:00,1190.0,11913.0,0.0,0.0,161.0,698.0,4901.0,338.0,4390.0,4307.0,3029.0
2021-04-01 12:30:00+01:00,1180.0,11814.0,0.0,0.0,151.0,675.0,4904.0,330.0,4650.0,4365.0,2928.0
2021-04-01 13:00:00+01:00,1184.0,11823.0,0.0,0.0,0.0,675.0,4901.0,283.0,4740.0,4347.0,2741.0
2021-04-01 13:30:00+01:00,1187.0,11640.0,0.0,0.0,0.0,676.0,4909.0,283.0,4780.0,5462.0,3327.0
2021-04-01 14:00:00+01:00,1187.0,11727.0,0.0,0.0,0.0,676.0,4901.0,226.0,4700.0,4128.0,2423.0
2021-04-01 14:30:00+01:00,1187.0,11702.0,0.0,0.0,0.0,821.0,4904.0,218.0,4460.0,3905.0,2338.0
2021-04-01 15:00:00+01:00,1192.0,11699.0,0.0,0.0,0.0,849.0,4904.0,188.0,4170.0,3835.0,2266.0
2021-04-01 15:30:00+01:00,1186.0,12264.0,0.0,0.0,0.0,852.0,4903.0,175.0,3830.0,3709.0,2220.0
2021-04-01 16:00:00+01:00,1183.0,12906.0,0.0,0.0,0.0,895.0,4896.0,183.0,3420.0,5533.0,3153.0
2021-04-01 16:30:00+01:00,1182.0,13747.0,0.0,0.0,0.0,900.0,4903.0,188.0,2870.0,3637.0,2135.0
2021-04-01 17:00:00+01:00,1181.0,14086.0,0.0,0.0,508.0,945.0,4894.0,212.0,2210.0,3647.0,2111.0
2021-04-01 17:30:00+01:00,1183.0,14610.0,0.0,0.0,712.0,948.0,4890.0,212.0,1520.0,3700.0,2116.0
2021-04-01 18:00:00+01:00,1185.0,14934.0,0.0,0.0,1099.0,965.0,4888.0,213.0,922.0,3932.0,2109.0
2021-04-01 18:30:00+01:00,1183.0,14901.0,0.0,0.0,1048.0,970.0,4895.0,277.0,422.0,4122.0,2142.0
2021-04-01 19:00:00+01:00,1183.0,14833.0,0.0,0.0,1048.0,961.0,4886.0,316.0,102.0,4385.0,1965.0
2021-04-01 19:30:00+01:00,1183.0,14543.0,0.0,0.0,1048.0,955.0,4896.0,428.0,3.0,4528.0,1946.0
2021-04-01 20:00:00+01:00,1180.0,15093.0,0.0,0.0,1074.0,913.0,4894.0,389.0,0.0,5483.0,2840.0
2021-04-01 20:30:00+01:00,1180.0,15264.0,0.0,0.0,661.0,914.0,4890.0,374.0,0.0,4295.0,1836.0
2021-04-01 21:00:00+01:00,1183.0,14784.0,0.0,0.0,298.0,748.0,4900.0,187.0,0.0,4347.0,1796.0
2021-04-01 21:30:00+01:00,1173.0,13900.0,0.0,0.0,0.0,745.0,4906.0,162.0,0.0,4382.0,1808.0
2021-04-01 22:00:00+01:00,1177.0,12296.0,0.0,0.0,72.0,739.0,4903.0,166.0,0.0,4185.0,1764.0
2021-04-01 22:30:00+01:00,1254.0,11099.0,0.0,0.0,31.0,711.0,4901.0,164.0,0.0,3984.0,1742.0
2021-04-01 23:00:00+01:00,1395.0,10194.0,0.0,0.0,159.0,693.0,4905.0,165.0,0.0,3614.0,1636.0
2021-04-01 23:30:00+01:00,1474.0,9244.0,0.0,0.0,0.0,692.0,4891.0,162.0,0.0,3513.0,1573.0
2021-04-02 00:00:00+01:00,1476.0,8681.0,0.0,0.0,0.0,679.0,4905.0,161.0,0.0,3374.0,1488.0
2021-04-02 00:30:00+01:00,1477.0,8205.0,0.0,0.0,0.0,675.0,4900.0,161.0,0.0,3343.0,1510.0
2021-04-02 01:00:00+01:00,1482.0,8063.0,0.0,0.0,0.0,666.0,4894.0,163.0,0.0,3196.0,1452.0
2021-04-02 01:30:00+01:00,1476.0,8201.0,0.0,0.0,0.0,650.0,4904.0,161.0,0.0,3200.0,1445.0
2021-04-02 02:00:00+01:00,1475.0,8467.0,0.0,0.0,0.0,652.0,4901.0,160.0,1.0,3116.0,1458.0
2021-04-02 02:30:00+01:00,1475.0,8175.0,0.0,0.0,0.0,637.0,4900.0,160.0,0.0,3124.0,1438.0
2021-04-02 03:00:00+01:00,1476.0,7982.0,0.0,0.0,0.0,637.0,4891.0,161.0,0.0,3227.0,1442.0
2021-04-02 03:30:00+01:00,1475.0,7823.0,0.0,0.0,0.0,637.0,4897.0,160.0,0.0,3143.0,1469.0
2021-04-02 04:00:00+01:00,1494.0,7644.0,0.0,0.0,0.0,637.0,4897.0,164.0,0.0,3118.0,1508.0
2021-04-02 04:30:00+01:00,1480.0,7553.0,0.0,0.0,0.0,629.0,4904.0,160.0,0.0,3134.0,1506.0
2021-04-02 05:00:00+01:00,1474.0,7679.0,0.0,0.0,0.0,626.0,4897.0,160.0,0.0,3118.0,1481.0
2021-04-02 05:30:00+01:00,1465.0,8189.0,0.0,0.0,0.0,646.0,4903.0,161.0,0.0,3131.0,1410.0
2021-04-02 06:00:00+01:00,1475.0,8725.0,0.0,0.0,0.0,701.0,4904.0,162.0,0.0,3277.0,1460.0
2021-04-02 06:30:00+01:00,1452.0,9544.0,0.0,0.0,0.0,702.0,4913.0,160.0,5.0,3438.0,1496.0
2021-04-02 07:00:00+01:00,1443.0,10225.0,0.0,0.0,0.0,749.0,4906.0,162.0,149.0,3406.0,1532.0
2021-04-02 07:30:00+01:00,1458.0,11334.0,0.0,0.0,0.0,753.0,4896.0,164.0,458.0,3096.0,1516.0
2021-04-02 08:00:00+01:00,1500.0,12207.0,0.0,0.0,0.0,793.0,4903.0,169.0,888.0,3164.0,1555.0
2021-04-02 08:30:00+01:00,1520.0,12480.0,0.0,0.0,418.0,859.0,4899.0,169.0,1380.0,3182.0,1533.0
2021-04-02 09:00:00+01:00,1724.0,12753.0,0.0,0.0,419.0,1020.0,4899.0,181.0,1930.0,3094.0,1631.0
2021-04-02 09:30:00+01:00,1681.0,12725.0,0.0,0.0,408.0,1067.0,4895.0,295.0,2610.0,3261.0,1645.0
2021-04-02 10:00:00+01:00,1717.0,12815.0,0.0,0.0,189.0,1064.0,4890.0,254.0,3490.0,2997.0,1739.0
2021-04-02 10:30:00+01:00,1686.0,12620.0,0.0,0.0,0.0,1013.0,4891.0,239.0,4380.0,3088.0,1745.0
2021-04-02 11:00:00+01:00,1599.0,12139.0,0.0,0.0,0.0,854.0,4892.0,178.0,5110.0,3257.0,1848.0
2021-04-02 11:30:00+01:00,1539.0,11712.0,0.0,0.0,0.0,750.0,4892.0,164.0,5810.0,3391.0,1859.0
2021-04-02 12:00:00+01:00,1124.0,11926.0,0.0,0.0,0.0,667.0,4892.0,164.0,6350.0,3437.0,2051.0
2021-04-02 12:30:00+01:00,1153.0,11379.0,0.0,0.0,0.0,647.0,4889.0,162.0,6910.0,3414.0,2119.0
2021-04-02 13:00:00+01:00,1140.0,10493.0,0.0,0.0,0.0,643.0,4904.0,163.0,7190.0,3330.0,2203.0
2021-04-02 13:30:00+01:00,1177.0,9592.0,0.0,0.0,0.0,632.0,4907.0,164.0,7310.0,3403.0,2212.0
2021-04-02 14:00:00+01:00,1179.0,8801.0,0.0,0.0,0.0,632.0,4907.0,165.0,7180.0,3739.0,2164.0
2021-04-02 14:30:00+01:00,1178.0,8526.0,0.0,0.0,0.0,632.0,4895.0,166.0,6760.0,3776.0,2156.0
2021-04-02 15:00:00+01:00,1177.0,8129.0,0.0,0.0,0.0,694.0,4899.0,165.0,6270.0,4112.0,2187.0
2021-04-02 15:30:00+01:00,1180.0,8000.0,0.0,0.0,0.0,695.0,4899.0,165.0,5550.0,4434.0,2214.0
2021-04-02 16:00:00+01:00,1183.0,8426.0,0.0,0.0,0.0,695.0,4899.0,202.0,4720.0,4535.0,2235.0
2021-04-02 16:30:00+01:00,1184.0,9787.0,0.0,0.0,0.0,701.0,4898.0,199.0,3880.0,4143.0,2254.0
2021-04-02 17:00:00+01:00,1184.0,11235.0,0.0,0.0,83.0,788.0,4894.0,197.0,3020.0,4571.0,2384.0
2021-04-02 17:30:00+01:00,1182.0,12685.0,0.0,0.0,0.0,856.0,4894.0,204.0,2180.0,4561.0,2412.0
2021-04-02 18:00:00+01:00,1155.0,12998.0,0.0,0.0,693.0,1022.0,4896.0,235.0,1380.0,4946.0,2257.0
2021-04-02 18:30:00+01:00,1154.0,13456.0,0.0,0.0,1138.0,1025.0,4893.0,232.0,715.0,4626.0,2179.0
2021-04-02 19:00:00+01:00,1155.0,14010.0,0.0,0.0,719.0,1028.0,4894.0,276.0,218.0,4667.0,1690.0
2021-04-02 19:30:00+01:00,1151.0,14224.0,0.0,0.0,868.0,1041.0,4890.0,320.0,10.0,4324.0,1667.0
2021-04-02 20:00:00+01:00,1149.0,14160.0,0.0,0.0,1509.0,1037.0,4901.0,305.0,2.0,4307.0,1515.0
2021-04-02 20:30:00+01:00,1151.0,14331.0,0.0,0.0,1316.0,1035.0,4886.0,296.0,1.0,4231.0,1514.0
2021-04-02 21:00:00+01:00,1146.0,14124.0,0.0,0.0,460.0,962.0,4896.0,271.0,1.0,4505.0,1548.0
2021-04-02 21:30:00+01:00,1153.0,13125.0,0.0,0.0,33.0,804.0,4896.0,198.0,0.0,4714.0,1540.0
2021-04-02 22:00:00+01:00,1154.0,12301.0,0.0,0.0,0.0,683.0,4898.0,174.0,0.0,4697.0,1513.0
2021-04-02 22:30:00+01:00,1268.0,10604.0,0.0,0.0,0.0,727.0,4899.0,145.0,0.0,4837.0,1492.0
2021-04-02 23:00:00+01:00,1471.0,8846.0,0.0,0.0,0.0,720.0,4909.0,144.0,0.0,4905.0,1456.0
2021-04-02 23:30:00+01:00,1481.0,7249.0,0.0,0.0,0.0,709.0,4909.0,145.0,0.0,5037.0,1417.0
2021-04-03 00:00:00+01:00,1483.0,6654.0,0.0,0.0,247.0,708.0,4908.0,151.0,0.0,4733.0,1366.0
2021-04-03 00:30:00+01:00,1465.0,6495.0,0.0,0.0,0.0,705.0,4902.0,145.0,0.0,4649.0,1352.0
2021-04-03 01:00:00+01:00,1517.0,6204.0,0.0,0.0,67.0,691.0,4899.0,151.0,3.0,4547.0,1327.0
2021-04-03 01:30:00+01:00,1518.0,6608.0,0.0,0.0,0.0,674.0,4901.0,151.0,4.0,4446.0,1316.0
2021-04-03 02:00:00+01:00,1490.0,6845.0,0.0,0.0,0.0,679.0,4899.0,143.0,3.0,4524.0,1314.0
2021-04-03 02:30:00+01:00,1496.0,6256.0,0.0,0.0,0.0,681.0,4899.0,143.0,0.0,4595.0,1339.0
2021-04-03 03:00:00+01:00,1484.0,6067.0,0.0,0.0,0.0,679.0,4891.0,142.0,0.0,4752.0,1346.0
2021-04-03 03:30:00+01:00,1484.0,5955.0,0.0,0.0,0.0,678.0,4889.0,142.0,0.0,4651.0,1390.0
2021-04-03 04:00:00+01:00,1492.0,5964.0,0.0,0.0,0.0,675.0,4891.0,143.0,0.0,4652.0,1408.0
2021-04-03 04:30:00+01:00,1485.0,6406.0,0.0,0.0,0.0,674.0,4887.0,142.0,0.0,4647.0,1359.0
2021-04-03 05:00:00+01:00,1483.0,6048.0,0.0,0.0,0.0,691.0,4889.0,142.0,0.0,4627.0,1375.0
2021-04-03 05:30:00+01:00,1426.0,5743.0,0.0,0.0,0.0,702.0,4889.0,143.0,0.0,4934.0,1396.0
2021-04-03 06:00:00+01:00,1519.0,6565.0,0.0,0.0,0.0,720.0,4894.0,144.0,1.0,4942.0,1471.0
2021-04-03 06:30:00+01:00,1503.0,7176.0,0.0,0.0,0.0,729.0,4906.0,144.0,3.0,4943.0,1437.0
2021-04-03 07:00:00+01:00,1487.0,7961.0,0.0,0.0,0.0,742.0,4906.0,143.0,95.0,4804.0,1433.0
2021-04-03 07:30:00+01:00,1511.0,9252.0,0.0,0.0,0.0,744.0,4904.0,153.0,350.0,4715.0,1400.0
2021-04-03 08:00:00+01:00,1527.0,10103.0,0.0,0.0,124.0,766.0,4897.0,145.0,699.0,4780.0,1455.0
2021-04-03 08:30:00+01:00,1569.0,11176.0,0.0,0.0,148.0,768.0,4902.0,144.0,1060.0,4633.0,1418.0
2021-04-03 09:00:00+01:00,1766.0,11465.0,0.0,0.0,171.0,777.0,4891.0,208.0,1430.0,4573.0,1601.0
2021-04-03 09:30:00+01:00,1710.0,11734.0,0.0,0.0,231.0,984.0,4900.0,255.0,1870.0,4357.0,1656.0
2021-04-03 10:00:00+01:00,1632.0,11738.0,0.0,0.0,268.0,962.0,4891.0,258.0,2330.0,4244.0,1669.0
2021-04-03 10:30:00+01:00,1618.0,11892.0,0.0,0.0,268.0,949.0,4893.0,246.0,2820.0,4217.0,1657.0
2021-04-03 11:00:00+01:00,1762.0,11930.0,0.0,0.0,113.0,944.0,4892.0,236.0,3430.0,4099.0,1593.0
2021-04-03 11:30:00+01:00,1696.0,12046.0,0.0,0.0,50.0,951.0,4889.0,237.0,4110.0,3772.0,1594.0
2021-04-03 12:00:00+01:00,1662.0,12108.0,0.0,0.0,15.0,919.0,4897.0,236.0,4780.0,3558.0,1534.0
2021-04-03 12:30:00+01:00,1572.0,12250.0,0.0,0.0,114.0,943.0,4903.0,233.0,5380.0,3129.0,1552.0
2021-04-03 13:00:00+01:00,1552.0,11960.0,0.0,0.0,0.0,878.0,4901.0,182.0,5640.0,2965.0,1466.0
2021-04-03 13:30:00+01:00,1557.0,11658.0,0.0,0.0,0.0,700.0,4899.0,183.0,5900.0,2720.0,1461.0
2021-04-03 14:00:00+01:00,1509.0,11490.0,0.0,0.0,0.0,664.0,4901.0,184.0,5950.0,2467.0,1390.0
2021-04-03 14:30:00+01:00,1475.0,11278.0,0.0,0.0,0.0,656.0,4905.0,182.0,5800.0,2541.0,1386.0
2021-04-03 15:00:00+01:00,1625.0,10960.0,0.0,0.0,0.0,659.0,4898.0,183.0,5590.0,2485.0,1394.0
2021-04-03 15:30:00+01:00,1757.0,10613.0,0.0,0.0,0.0,658.0,4909.0,184.0,5130.0,2449.0,1397.0
2021-04-03 16:00:00+01:00,1765.0,10908.0,0.0,0.0,0.0,700.0,4902.0,184.0,4640.0,2614.0,1375.0
2021-04-03 16:30:00+01:00,1779.0,11960.0,0.0,0.0,0.0,699.0,4913.0,182.0,4030.0,2515.0,1402.0
2021-04-03 17:00:00+01:00,1820.0,13419.0,0.0,0.0,0.0,748.0,4905.0,183.0,3310.0,2617.0,1468.0
2021-04-03 17:30:00+01:00,1833.0,14638.0,0.0,0.0,0.0,821.0,4905.0,186.0,2490.0,2581.0,1489.0
2021-04-03 18:00:00+01:00,1830.0,15495.0,0.0,0.0,278.0,839.0,4901.0,217.0,1640.0,2568.0,1366.0
2021-04-03 18:30:00+01:00,1827.0,15401.0,0.0,0.0,600.0,977.0,4892.0,218.0,872.0,2898.0,1422.0
2021-04-03 19:00:00+01:00,1828.0,15577.0,0.0,0.0,920.0,979.0,4884.0,274.0,260.0,2757.0,1313.0
2021-04-03 19:30:00+01:00,1830.0,15775.0,0.0,0.0,1083.0,981.0,4886.0,199.0,15.0,2670.0,1324.0
2021-04-03 20:00:00+01:00,1831.0,15831.0,0.0,0.0,1339.0,987.0,4891.0,245.0,2.0,2538.0,1318.0
2021-04-03 20:30:00+01:00,1825.0,15762.0,0.0,0.0,1316.0,985.0,4898.0,286.0,0.0,2451.0,1274.0
2021-04-03 21:00:00+01:00,1830.0,15678.0,0.0,0.0,722.0,970.0,4888.0,286.0,0.0,2384.0,1301.0
2021-04-03 21:30:00+01:00,1828.0,15550.0,0.0,0.0,180.0,951.0,4895.0,168.0,0.0,2159.0,647.0
2021-04-03 22:00:00+01:00,1825.0,15128.0,0.0,0.0,65.0,843.0,4897.0,148.0,0.0,1934.0,1405.0
2021-04-03 22:30:00+01:00,1732.0,14183.0,0.0,0.0,0.0,781.0,4898.0,154.0,0.0,1788.0,1462.0
2021-04-03 23:00:00+01:00,1730.0,13196.0,0.0,0.0,0.0,689.0,4897.0,149.0,0.0,1619.0,1489.0
2021-04-03 23:30:00+01:00,1748.0,11709.0,0.0,0.0,0.0,685.0,4897.0,150.0,0.0,1520.0,1543.0
2021-04-04 00:00:00+01:00,1759.0,11084.0,0.0,0.0,0.0,596.0,4898.0,152.0,0.0,1359.0,1671.0
2021-04-04 00:30:00+01:00,1741.0,10547.0,0.0,0.0,0.0,595.0,4901.0,149.0,0.0,1259.0,1746.0
2021-04-04 01:00:00+01:00,1745.0,10339.0,0.0,0.0,0.0,574.0,4902.0,148.0,4.0,1155.0,1917.0
2021-04-04 01:30:00+01:00,1726.0,10380.0,0.0,0.0,136.0,572.0,4891.0,148.0,3.0,1116.0,2026.0
2021-04-04 02:00:00+01:00,1823.0,10676.0,0.0,0.0,0.0,539.0,4891.0,147.0,2.0,1082.0,2161.0
2021-04-04 02:30:00+01:00,1823.0,10435.0,0.0,0.0,0.0,538.0,4893.0,147.0,2.0,1037.0,2193.0
2021-04-04 03:00:00+01:00,1825.0,9836.0,0.0,0.0,0.0,540.0,4886.0,149.0,0.0,1070.0,2236.0
2021-04-04 03:30:00+01:00,1823.0,9276.0,0.0,0.0,0.0,539.0,4896.0,147.0,0.0,1129.0,2324.0
2021-04-04 04:00:00+01:00,1827.0,8793.0,0.0,0.0,0.0,539.0,4893.0,151.0,0.0,1070.0,2472.0
2021-04-04 04:30:00+01:00,1829.0,8524.0,0.0,0.0,0.0,550.0,4892.0,147.0,0.0,717.0,2546.0
2021-04-04 05:00:00+01:00,1824.0,8752.0,0.0,0.0,0.0,535.0,4892.0,147.0,0.0,727.0,2753.0
2021-04-04 05:30:00+01:00,1823.0,8340.0,0.0,0.0,0.0,679.0,4899.0,147.0,0.0,665.0,2894.0
2021-04-04 06:00:00+01:00,1823.0,8362.0,0.0,0.0,0.0,721.0,4895.0,147.0,0.0,742.0,3366.0
2021-04-04 06:30:00+01:00,1803.0,8401.0,0.0,0.0,0.0,587.0,4895.0,150.0,20.0,739.0,3495.0
2021-04-04 07:00:00+01:00,1728.0,8709.0,0.0,0.0,0.0,593.0,4896.0,156.0,299.0,944.0,3685.0
2021-04-04 07:30:00+01:00,1668.0,8773.0,0.0,0.0,148.0,702.0,4906.0,155.0,885.0,1180.0,3819.0
2021-04-04 08:00:00+01:00,1480.0,8999.0,0.0,0.0,148.0,709.0,4904.0,228.0,1640.0,1352.0,3925.0
2021-04-04 08:30:00+01:00,1480.0,8822.0,0.0,0.0,148.0,732.0,4899.0,246.0,2440.0,1588.0,4043.0
2021-04-04 09:00:00+01:00,1484.0,8697.0,0.0,0.0,0.0,683.0,4904.0,238.0,3230.0,1844.0,4479.0
2021-04-04 09:30:00+01:00,1480.0,8326.0,0.0,0.0,0.0,590.0,4905.0,220.0,4100.0,2046.0,4583.0
2021-04-04 10:00:00+01:00,1502.0,8098.0,0.0,0.0,0.0,572.0,4897.0,189.0,4930.0,2190.0,4962.0
2021-04-04 10:30:00+01:00,1160.0,7750.0,0.0,0.0,0.0,598.0,4906.0,150.0,5790.0,2372.0,5177.0
2021-04-04 11:00:00+01:00,1183.0,6992.0,0.0,0.0,0.0,605.0,4898.0,152.0,6490.0,2685.0,5808.0
2021-04-04 11:30:00+01:00,1182.0,6306.0,0.0,0.0,0.0,597.0,4892.0,154.0,7150.0,2836.0,5738.0
2021-04-04 12:00:00+01:00,1179.0,5944.0,0.0,0.0,0.0,524.0,4899.0,149.0,7640.0,2993.0,6137.0
2021-04-04 12:30:00+01:00,1178.0,5514.0,0.0,0.0,0.0,518.0,4902.0,151.0,8020.0,3205.0,6438.0
2021-04-04 13:00:00+01:00,1172.0,5193.0,0.0,0.0,41.0,492.0,4908.0,156.0,8140.0,3253.0,6735.0
2021-04-04 13:30:00+01:00,1176.0,4759.0,0.0,0.0,0.0,492.0,4906.0,154.0,8020.0,3279.0,6905.0
2021-04-04 14:00:00+01:00,1176.0,3914.0,0.0,0.0,0.0,455.0,4902.0,157.0,7790.0,3363.0,7299.0
2021-04-04 14:30:00+01:00,1175.0,3307.0,0.0,0.0,0.0,465.0,4901.0,152.0,7370.0,3548.0,7438.0
2021-04-04 15:00:00+01:00,1047.0,2981.0,0.0,0.0,0.0,467.0,4900.0,155.0,6730.0,4298.0,7743.0
2021-04-04 15:30:00+01:00,1000.0,2978.0,0.0,0.0,0.0,470.0,4901.0,155.0,6050.0,4526.0,7912.0
2021-04-04 16:00:00+01:00,1096.0,3137.0,0.0,0.0,0.0,553.0,4897.0,150.0,5130.0,4531.0,7715.0
2021-04-04 16:30:00+01:00,1178.0,4036.0,0.0,0.0,0.0,571.0,4901.0,155.0,4260.0,4406.0,7579.0
2021-04-04 17:00:00+01:00,1183.0,4269.0,0.0,0.0,152.0,631.0,4900.0,152.0,3390.0,4563.0,7710.0
2021-04-04 17:30:00+01:00,1180.0,4269.0,0.0,0.0,1530.0,603.0,4897.0,156.0,2510.0,4564.0,7448.0
2021-04-04 18:00:00+01:00,1181.0,4809.0,0.0,0.0,1396.0,600.0,4908.0,151.0,1620.0,4422.0,7246.0
2021-04-04 18:30:00+01:00,1182.0,5078.0,0.0,0.0,1102.0,597.0,4910.0,302.0,809.0,4715.0,7462.0
2021-04-04 19:00:00+01:00,1183.0,5283.0,0.0,0.0,1199.0,593.0,4904.0,303.0,241.0,5019.0,7043.0
2021-04-04 19:30:00+01:00,1178.0,5381.0,0.0,0.0,965.0,598.0,4905.0,238.0,13.0,5542.0,6979.0
2021-04-04 20:00:00+01:00,1161.0,5871.0,0.0,0.0,1330.0,602.0,4897.0,172.0,2.0,5748.0,6717.0
2021-04-04 20:30:00+01:00,1169.0,5748.0,0.0,0.0,1334.0,580.0,4895.0,151.0,0.0,5897.0,6668.0
2021-04-04 21:00:00+01:00,1167.0,5576.0,0.0,0.0,638.0,563.0,4898.0,152.0,0.0,6069.0,6636.0
2021-04-04 21:30:00+01:00,1169.0,4596.0,0.0,0.0,0.0,588.0,4893.0,150.0,0.0,6231.0,6967.0
2021-04-04 22:00:00+01:00,1167.0,5205.0,0.0,0.0,167.0,474.0,4900.0,147.0,0.0,6316.0,6673.0
2021-04-04 22:30:00+01:00,1282.0,4676.0,0.0,0.0,0.0,506.0,4897.0,150.0,0.0,6384.0,6712.0
2021-04-04 23:00:00+01:00,1485.0,3950.0,0.0,0.0,0.0,498.0,4904.0,149.0,0.0,6407.0,7076.0
2021-04-04 23:30:00+01:00,1330.0,3433.0,0.0,0.0,0.0,461.0,4903.0,148.0,0.0,5993.0,7289.0
2021-04-05 00:00:00+01:00,1509.0,3057.0,0.0,0.0,0.0,435.0,4898.0,155.0,0.0,5994.0,7034.0
2021-04-05 00:30:00+01:00,1491.0,3135.0,0.0,0.0,0.0,435.0,4905.0,148.0,0.0,6005.0,6763.0
2021-04-05 01:00:00+01:00,1502.0,3462.0,0.0,0.0,0.0,423.0,4905.0,153.0,0.0,5884.0,6559.0
2021-04-05 01:30:00+01:00,1488.0,4012.0,0.0,0.0,0.0,435.0,4909.0,148.0,0.0,5850.0,6730.0
2021-04-05 02:00:00+01:00,1545.0,4226.0,0.0,0.0,0.0,418.0,4895.0,152.0,0.0,5936.0,6464.0
2021-04-05 02:30:00+01:00,1524.0,4070.0,0.0,0.0,0.0,416.0,4894.0,148.0,0.0,6148.0,6412.0
2021-04-05 03:00:00+01:00,1473.0,3556.0,0.0,0.0,0.0,393.0,4893.0,147.0,0.0,5713.0,6349.0
2021-04-05 03:30:00+01:00,1470.0,2824.0,0.0,0.0,0.0,416.0,4896.0,147.0,0.0,5845.0,6212.0
2021-04-05 04:00:00+01:00,1474.0,3342.0,0.0,0.0,0.0,417.0,4896.0,149.0,0.0,5914.0,6209.0
2021-04-05 04:30:00+01:00,1488.0,3215.0,0.0,0.0,0.0,416.0,4892.0,150.0,0.0,5913.0,6195.0
2021-04-05 05:00:00+01:00,1498.0,3193.0,0.0,0.0,0.0,436.0,4896.0,158.0,0.0,6016.0,5980.0
2021-04-05 05:30:00+01:00,1473.0,3133.0,0.0,0.0,0.0,434.0,4898.0,147.0,0.0,5974.0,6236.0
2021-04-05 06:00:00+01:00,1478.0,3902.0,0.0,0.0,0.0,490.0,4891.0,149.0,0.0,5920.0,6106.0
2021-04-05 06:30:00+01:00,1511.0,3796.0,0.0,0.0,0.0,489.0,4902.0,149.0,11.0,6254.0,6336.0
2021-04-05 07:00:00+01:00,1527.0,3820.0,0.0,0.0,0.0,515.0,4895.0,153.0,166.0,6475.0,6048.0
2021-04-05 07:30:00+01:00,1576.0,4929.0,0.0,0.0,0.0,546.0,4893.0,149.0,470.0,6442.0,6051.0
2021-04-05 08:00:00+01:00,1436.0,4613.0,0.0,0.0,133.0,703.0,4904.0,151.0,911.0,6397.0,6498.0
2021-04-05 08:30:00+01:00,1484.0,4481.0,0.0,0.0,0.0,710.0,4898.0,156.0,1600.0,6436.0,6610.0
2021-04-05 09:00:00+01:00,1462.0,3529.0,0.0,0.0,282.0,578.0,4898.0,164.0,2310.0,6503.0,7191.0
2021-04-05 09:30:00+01:00,1167.0,3605.0,0.0,0.0,140.0,520.0,4896.0,181.0,3130.0,6438.0,7144.0
2021-04-05 10:00:00+01:00,1165.0,3515.0,0.0,0.0,0.0,532.0,4897.0,184.0,3760.0,6242.0,7588.0
2021-04-05 10:30:00+01:00,1160.0,3281.0,0.0,0.0,4.0,498.0,4892.0,165.0,4380.0,6332.0,7673.0
2021-04-05 11:00:00+01:00,1155.0,3133.0,0.0,0.0,97.0,476.0,4894.0,160.0,4840.0,6107.0,7705.0
2021-04-05 11:30:00+01:00,1159.0,2952.0,0.0,0.0,4.0,440.0,4893.0,153.0,5350.0,6358.0,8023.0
2021-04-05 12:00:00+01:00,1158.0,2886.0,0.0,0.0,206.0,417.0,4892.0,150.0,5990.0,6186.0,8143.0
2021-04-05 12:30:00+01:00,1160.0,3196.0,0.0,0.0,0.0,416.0,4887.0,151.0,6470.0,6243.0,8142.0
2021-04-05 13:00:00+01:00,1158.0,2856.0,0.0,0.0,119.0,418.0,4892.0,156.0,6800.0,6163.0,8061.0
2021-04-05 13:30:00+01:00,1155.0,2910.0,0.0,0.0,0.0,419.0,4897.0,160.0,6960.0,6379.0,8014.0
2021-04-05 14:00:00+01:00,897.0,2566.0,0.0,0.0,0.0,416.0,4890.0,155.0,7220.0,6167.0,7989.0
2021-04-05 14:30:00+01:00,977.0,2685.0,0.0,0.0,0.0,413.0,4898.0,150.0,7030.0,6114.0,8134.0
2021-04-05 15:00:00+01:00,916.0,2506.0,0.0,0.0,0.0,414.0,4899.0,159.0,6730.0,6160.0,7980.0
2021-04-05 15:30:00+01:00,847.0,2614.0,0.0,0.0,0.0,432.0,4900.0,151.0,6270.0,6292.0,8035.0
2021-04-05 16:00:00+01:00,822.0,2858.0,0.0,0.0,0.0,498.0,4903.0,171.0,5660.0,6385.0,8008.0
2021-04-05 16:30:00+01:00,836.0,3975.0,0.0,0.0,0.0,522.0,4900.0,196.0,4800.0,6663.0,7781.0
2021-04-05 17:00:00+01:00,1105.0,4667.0,0.0,0.0,0.0,534.0,4906.0,197.0,3870.0,6853.0,7776.0
2021-04-05 17:30:00+01:00,1128.0,5769.0,0.0,0.0,436.0,541.0,4895.0,210.0,2980.0,6865.0,7652.0
2021-04-05 18:00:00+01:00,1138.0,6777.0,0.0,0.0,138.0,655.0,4895.0,209.0,2000.0,6863.0,7465.0
2021-04-05 18:30:00+01:00,1142.0,7103.0,0.0,0.0,749.0,665.0,4892.0,211.0,1100.0,6731.0,7395.0
2021-04-05 19:00:00+01:00,1139.0,7698.0,0.0,0.0,863.0,667.0,4894.0,206.0,383.0,6696.0,6674.0
2021-04-05 19:30:00+01:00,1140.0,8150.0,0.0,0.0,899.0,669.0,4890.0,232.0,23.0,6829.0,6738.0
2021-04-05 20:00:00+01:00,1140.0,8122.0,0.0,0.0,1569.0,645.0,4889.0,268.0,1.0,6995.0,6247.0
2021-04-05 20:30:00+01:00,1148.0,8678.0,0.0,0.0,1348.0,627.0,4887.0,264.0,0.0,7068.0,6168.0
2021-04-05 21:00:00+01:00,1131.0,8931.0,0.0,0.0,1292.0,611.0,4882.0,271.0,0.0,6687.0,5776.0
2021-04-05 21:30:00+01:00,1139.0,8515.0,0.0,0.0,303.0,576.0,4894.0,243.0,0.0,6766.0,5796.0
2021-04-05 22:00:00+01:00,1140.0,7716.0,0.0,0.0,120.0,532.0,4892.0,216.0,0.0,6822.0,5608.0
2021-04-05 22:30:00+01:00,1225.0,6100.0,0.0,0.0,148.0,569.0,4893.0,216.0,0.0,6937.0,5637.0
2021-04-05 23:00:00+01:00,1421.0,5623.0,0.0,0.0,43.0,522.0,4896.0,151.0,0.0,6939.0,5618.0
2021-04-05 23:30:00+01:00,1450.0,4707.0,0.0,0.0,0.0,513.0,4888.0,157.0,0.0,6855.0,5490.0
2021-04-06 00:00:00+01:00,1453.0,4236.0,0.0,0.0,0.0,451.0,4890.0,150.0,0.0,6815.0,5394.0
2021-04-06 00:30:00+01:00,1443.0,3579.0,0.0,0.0,0.0,452.0,4901.0,151.0,0.0,7003.0,5394.0
2021-04-06 01:00:00+01:00,1456.0,3469.0,0.0,0.0,0.0,430.0,4904.0,153.0,4.0,6862.0,4918.0
2021-04-06 01:30:00+01:00,1464.0,3781.0,0.0,0.0,0.0,435.0,4902.0,157.0,4.0,6787.0,5012.0
2021-04-06 02:00:00+01:00,1452.0,3869.0,0.0,0.0,0.0,434.0,4903.0,147.0,2.0,6596.0,5030.0
2021-04-06 02:30:00+01:00,1454.0,4032.0,0.0,0.0,0.0,436.0,4899.0,151.0,3.0,6757.0,5006.0
2021-04-06 03:00:00+01:00,1427.0,3740.0,0.0,0.0,0.0,433.0,4899.0,147.0,0.0,6714.0,5069.0
2021-04-06 03:30:00+01:00,1431.0,3813.0,0.0,0.0,0.0,472.0,4898.0,152.0,0.0,6661.0,5134.0
2021-04-06 04:00:00+01:00,1430.0,3934.0,0.0,0.0,0.0,469.0,4895.0,155.0,1.0,6729.0,5180.0
2021-04-06 04:30:00+01:00,1424.0,4148.0,0.0,0.0,0.0,470.0,4891.0,149.0,0.0,6934.0,5116.0
2021-04-06 05:00:00+01:00,1464.0,4393.0,0.0,0.0,0.0,489.0,4890.0,156.0,0.0,6731.0,5186.0
2021-04-06 05:30:00+01:00,1448.0,4454.0,0.0,0.0,0.0,489.0,4897.0,149.0,0.0,6941.0,5204.0
2021-04-06 06:00:00+01:00,1480.0,5084.0,0.0,0.0,0.0,466.0,4895.0,208.0,0.0,6931.0,5061.0
2021-04-06 06:30:00+01:00,1761.0,6104.0,0.0,0.0,159.0,548.0,4896.0,206.0,61.0,7020.0,4815.0
2021-04-06 07:00:00+01:00,1740.0,7190.0,0.0,0.0,299.0,580.0,4897.0,222.0,487.0,7047.0,4976.0
2021-04-06 07:30:00+01:00,1743.0,8438.0,0.0,0.0,798.0,772.0,4901.0,278.0,1210.0,6979.0,4882.0
2021-04-06 08:00:00+01:00,1748.0,8842.0,0.0,0.0,664.0,810.0,4903.0,297.0,2080.0,7000.0,5219.0
2021-04-06 08:30:00+01:00,1738.0,9186.0,0.0,0.0,616.0,807.0,4908.0,309.0,2940.0,6895.0,5148.0
2021-04-06 09:00:00+01:00,1739.0,8754.0,0.0,0.0,762.0,807.0,4909.0,313.0,3800.0,6942.0,5775.0
2021-04-06 09:30:00+01:00,1734.0,8290.0,0.0,0.0,1138.0,809.0,4911.0,254.0,4510.0,6818.0,5905.0
2021-04-06 10:00:00+01:00,1739.0,8247.0,0.0,0.0,551.0,746.0,4905.0,158.0,5140.0,6776.0,6151.0
2021-04-06 10:30:00+01:00,1737.0,8592.0,0.0,0.0,5.0,588.0,4911.0,157.0,5840.0,6715.0,6485.0
2021-04-06 11:00:00+01:00,1711.0,7914.0,0.0,0.0,356.0,493.0,4895.0,168.0,6350.0,6604.0,6719.0
2021-04-06 11:30:00+01:00,1740.0,8139.0,0.0,0.0,18.0,484.0,4905.0,155.0,6550.0,6802.0,6754.0
2021-04-06 12:00:00+01:00,1740.0,7487.0,0.0,0.0,122.0,437.0,4895.0,154.0,6460.0,6767.0,7174.0
2021-04-06 12:30:00+01:00,1740.0,7575.0,0.0,0.0,177.0,417.0,4888.0,151.0,6380.0,6347.0,7443.0
2021-04-06 13:00:00+01:00,1461.0,7814.0,0.0,0.0,531.0,421.0,4891.0,152.0,5710.0,6201.0,7537.0
2021-04-06 13:30:00+01:00,1463.0,8206.0,0.0,0.0,36.0,418.0,4893.0,152.0,5480.0,6409.0,7429.0
2021-04-06 14:00:00+01:00,1456.0,7891.0,0.0,0.0,14.0,440.0,4889.0,153.0,5180.0,6471.0,7377.0
2021-04-06 14:30:00+01:00,1551.0,7868.0,0.0,0.0,0.0,422.0,4896.0,155.0,4440.0,6692.0,7567.0
2021-04-06 15:00:00+01:00,1548.0,7320.0,0.0,0.0,36.0,435.0,4900.0,152.0,4220.0,6694.0,7817.0
2021-04-06 15:30:00+01:00,1725.0,6926.0,0.0,0.0,14.0,432.0,4898.0,153.0,4180.0,6780.0,7852.0
2021-04-06 16:00:00+01:00,1740.0,7327.0,0.0,0.0,20.0,487.0,4892.0,192.0,3620.0,6846.0,7794.0
2021-04-06 16:30:00+01:00,1663.0,8394.0,0.0,0.0,7.0,519.0,4899.0,206.0,3080.0,6824.0,7734.0
2021-04-06 17:00:00+01:00,1669.0,9524.0,0.0,0.0,271.0,595.0,4898.0,208.0,2590.0,6435.0,7499.0
2021-04-06 17:30:00+01:00,1734.0,10304.0,0.0,0.0,598.0,610.0,4897.0,223.0,2100.0,6635.0,7486.0
2021-04-06 18:00:00+01:00,1742.0,11428.0,0.0,0.0,757.0,653.0,4900.0,305.0,1420.0,6428.0,7131.0
2021-04-06 18:30:00+01:00,1738.0,12079.0,0.0,0.0,900.0,651.0,4902.0,367.0,898.0,6177.0,7059.0
2021-04-06 19:00:00+01:00,1720.0,12402.0,0.0,0.0,855.0,782.0,4896.0,382.0,308.0,6295.0,6174.0
2021-04-06 19:30:00+01:00,1738.0,12800.0,0.0,0.0,872.0,808.0,4900.0,345.0,23.0,6171.0,5983.0
2021-04-06 20:00:00+01:00,1746.0,12842.0,0.0,0.0,1168.0,801.0,4899.0,334.0,2.0,6150.0,5453.0
2021-04-06 20:30:00+01:00,1751.0,12618.0,0.0,0.0,845.0,781.0,4897.0,304.0,1.0,6379.0,5411.0
2021-04-06 21:00:00+01:00,1746.0,12427.0,0.0,0.0,1219.0,725.0,4894.0,314.0,0.0,6077.0,5310.0
2021-04-06 21:30:00+01:00,1747.0,11995.0,0.0,0.0,152.0,716.0,4891.0,306.0,0.0,6278.0,5109.0
2021-04-06 22:00:00+01:00,1749.0,11317.0,0.0,0.0,85.0,537.0,4894.0,244.0,0.0,6100.0,4923.0
2021-04-06 22:30:00+01:00,1724.0,10640.0,0.0,0.0,10.0,530.0,4896.0,149.0,0.0,6105.0,4708.0
2021-04-06 23:00:00+01:00,1732.0,9345.0,0.0,0.0,68.0,471.0,4897.0,154.0,0.0,262.0,2224.0
2021-04-06 23:30:00+01:00,1731.0,7792.0,0.0,0.0,0.0,472.0,4893.0,143.0,0.0,6020.0,4431.0
2021-04-07 00:00:00+01:00,1734.0,7267.0,0.0,0.0,0.0,426.0,4888.0,143.0,0.0,5855.0,4424.0
2021-04-07 00:30:00+01:00,1735.0,7060.0,0.0,0.0,0.0,387.0,4900.0,146.0,0.0,5980.0,4425.0
2021-04-07 01:00:00+01:00,1729.0,6615.0,0.0,0.0,0.0,365.0,4905.0,150.0,0.0,5950.0,4160.0
2021-04-07 01:30:00+01:00,1732.0,6865.0,0.0,0.0,0.0,369.0,4900.0,144.0,0.0,5977.0,3939.0
2021-04-07 02:00:00+01:00,1731.0,7279.0,0.0,0.0,0.0,369.0,4902.0,144.0,0.0,6021.0,4085.0
2021-04-07 02:30:00+01:00,1730.0,7010.0,0.0,0.0,0.0,370.0,4898.0,148.0,0.0,6169.0,3936.0
2021-04-07 03:00:00+01:00,1756.0,6934.0,0.0,0.0,0.0,369.0,4900.0,149.0,0.0,6267.0,3951.0
2021-04-07 03:30:00+01:00,1793.0,6576.0,0.0,0.0,0.0,369.0,4896.0,145.0,0.0,6225.0,3974.0
2021-04-07 04:00:00+01:00,1834.0,7111.0,0.0,0.0,0.0,370.0,4893.0,153.0,0.0,6106.0,3807.0
2021-04-07 04:30:00+01:00,1897.0,7457.0,0.0,0.0,0.0,369.0,4899.0,144.0,0.0,6250.0,3672.0
2021-04-07 05:00:00+01:00,1948.0,8473.0,0.0,0.0,0.0,367.0,4901.0,154.0,0.0,6303.0,3716.0
2021-04-07 05:30:00+01:00,2062.0,8784.0,0.0,0.0,0.0,653.0,4902.0,270.0,0.0,6470.0,3543.0
2021-04-07 06:00:00+01:00,2284.0,11030.0,0.0,0.0,40.0,639.0,4896.0,281.0,0.0,6277.0,3205.0
2021-04-07 06:30:00+01:00,2413.0,13334.0,0.0,0.0,211.0,479.0,4889.0,281.0,78.0,6526.0,3168.0
2021-04-07 07:00:00+01:00,2540.0,15115.0,0.0,0.0,438.0,461.0,4886.0,218.0,434.0,6346.0,1723.0
2021-04-07 07:30:00+01:00,2697.0,15825.0,0.0,0.0,495.0,754.0,4885.0,321.0,986.0,6166.0,2999.0
2021-04-07 08:00:00+01:00,2681.0,16004.0,0.0,0.0,945.0,750.0,4895.0,300.0,1570.0,6056.0,2956.0
2021-04-07 08:30:00+01:00,2675.0,15922.0,0.0,0.0,740.0,745.0,4892.0,294.0,2190.0,5975.0,2975.0
2021-04-07 09:00:00+01:00,2812.0,15675.0,0.0,0.0,612.0,613.0,4894.0,313.0,2820.0,5750.0,3136.0
2021-04-07 09:30:00+01:00,2971.0,15428.0,0.0,0.0,0.0,499.0,4903.0,209.0,3330.0,5500.0,3250.0
2021-04-07 10:00:00+01:00,3020.0,15612.0,0.0,0.0,2.0,497.0,4901.0,176.0,3730.0,5363.0,3284.0
2021-04-07 10:30:00+01:00,3019.0,15273.0,0.0,0.0,0.0,478.0,4922.0,146.0,3810.0,5625.0,3365.0
2021-04-07 11:00:00+01:00,2773.0,15499.0,0.0,0.0,288.0,453.0,4900.0,162.0,3680.0,5403.0,3239.0
2021-04-07 11:30:00+01:00,2782.0,15819.0,0.0,0.0,300.0,489.0,4907.0,193.0,3820.0,5269.0,3114.0
2021-04-07 12:00:00+01:00,2994.0,15887.0,0.0,0.0,449.0,678.0,4898.0,215.0,3860.0,5038.0,3119.0
2021-04-07 12:30:00+01:00,3021.0,16308.0,0.0,0.0,253.0,679.0,4902.0,301.0,3950.0,4720.0,3048.0
2021-04-07 13:00:00+01:00,2980.0,16339.0,0.0,0.0,239.0,523.0,4893.0,256.0,3970.0,4676.0,3029.0
2021-04-07 13:30:00+01:00,3010.0,16344.0,0.0,0.0,0.0,439.0,4899.0,242.0,3930.0,4612.0,2925.0
2021-04-07 14:00:00+01:00,3006.0,16351.0,0.0,0.0,0.0,438.0,4887.0,193.0,3750.0,4415.0,2763.0
2021-04-07 14:30:00+01:00,3009.0,16446.0,0.0,0.0,8.0,451.0,4881.0,195.0,3520.0,4107.0,2717.0
2021-04-07 15:00:00+01:00,3012.0,16639.0,0.0,0.0,0.0,468.0,4890.0,181.0,3240.0,3921.0,2608.0
2021-04-07 15:30:00+01:00,3015.0,17419.0,0.0,0.0,17.0,456.0,4895.0,180.0,2840.0,3719.0,2557.0
2021-04-07 16:00:00+01:00,3013.0,18056.0,4.0,0.0,0.0,615.0,4895.0,192.0,2330.0,3564.0,2486.0
2021-04-07 16:30:00+01:00,3010.0,18345.0,29.0,0.0,578.0,777.0,4891.0,311.0,1960.0,3343.0,2351.0
2021-04-07 17:00:00+01:00,3007.0,18753.0,55.0,0.0,803.0,820.0,4901.0,344.0,1500.0,3131.0,2123.0
2021-04-07 17:30:00+01:00,3010.0,19516.0,206.0,0.0,683.0,839.0,4901.0,344.0,1110.0,2852.0,2072.0
2021-04-07 18:00:00+01:00,3012.0,19737.0,250.0,0.0,998.0,858.0,4899.0,502.0,721.0,2719.0,1750.0
2021-04-07 18:30:00+01:00,3013.0,19741.0,328.0,0.0,1218.0,866.0,4901.0,503.0,406.0,2632.0,1737.0
2021-04-07 19:00:00+01:00,3017.0,20288.0,355.0,0.0,1315.0,867.0,4899.0,499.0,141.0,2401.0,1420.0
2021-04-07 19:30:00+01:00,3005.0,20312.0,293.0,0.0,1611.0,862.0,4905.0,533.0,13.0,2147.0,1314.0
2021-04-07 20:00:00+01:00,2999.0,20701.0,252.0,0.0,1700.0,859.0,4901.0,534.0,1.0,2057.0,1046.0
2021-04-07 20:30:00+01:00,3002.0,20844.0,292.0,0.0,1222.0,857.0,4905.0,532.0,0.0,1896.0,1027.0
2021-04-07 21:00:00+01:00,3007.0,20507.0,239.0,0.0,1292.0,820.0,4893.0,453.0,1.0,1809.0,1084.0
2021-04-07 21:30:00+01:00,3002.0,20181.0,242.0,0.0,290.0,563.0,4898.0,284.0,0.0,1349.0,1181.0
2021-04-07 22:00:00+01:00,2995.0,19278.0,231.0,0.0,59.0,491.0,4904.0,244.0,0.0,1086.0,1331.0
2021-04-07 22:30:00+01:00,3005.0,18208.0,0.0,0.0,177.0,526.0,4899.0,211.0,0.0,900.0,1553.0
2021-04-07 23:00:00+01:00,3000.0,16531.0,0.0,0.0,0.0,515.0,4901.0,149.0,0.0,1071.0,1887.0
2021-04-07 23:30:00+01:00,2963.0,14806.0,0.0,0.0,0.0,496.0,4903.0,138.0,0.0,1066.0,1980.0
2021-04-08 00:00:00+01:00,2988.0,14256.0,0.0,0.0,0.0,459.0,4907.0,136.0,0.0,1033.0,2336.0
2021-04-08 00:30:00+01:00,2983.0,13994.0,0.0,0.0,0.0,420.0,4908.0,137.0,0.0,1045.0,2498.0
2021-04-08 01:00:00+01:00,2992.0,14067.0,0.0,0.0,0.0,409.0,4905.0,136.0,2.0,1264.0,2812.0
2021-04-08 01:30:00+01:00,2951.0,14089.0,0.0,0.0,0.0,402.0,4908.0,136.0,3.0,1472.0,3122.0
2021-04-08 02:00:00+01:00,2946.0,14219.0,0.0,0.0,0.0,401.0,4906.0,138.0,1.0,1666.0,3552.0
2021-04-08 02:30:00+01:00,2965.0,14024.0,0.0,0.0,0.0,402.0,4905.0,139.0,2.0,1802.0,3794.0
2021-04-08 03:00:00+01:00,2975.0,13805.0,0.0,0.0,0.0,402.0,4916.0,141.0,0.0,1730.0,4205.0
2021-04-08 03:30:00+01:00,2963.0,13404.0,0.0,0.0,0.0,403.0,4904.0,136.0,0.0,1852.0,4521.0
2021-04-08 04:00:00+01:00,2970.0,13472.0,0.0,0.0,0.0,403.0,4915.0,140.0,0.0,2229.0,4951.0
2021-04-08 04:30:00+01:00,2964.0,13243.0,0.0,0.0,0.0,403.0,4907.0,137.0,0.0,2525.0,5080.0
2021-04-08 05:00:00+01:00,2928.0,12937.0,0.0,0.0,0.0,400.0,4904.0,142.0,0.0,2493.0,5606.0
2021-04-08 05:30:00+01:00,2931.0,12461.0,0.0,0.0,0.0,404.0,4904.0,139.0,0.0,2584.0,5757.0
2021-04-08 06:00:00+01:00,2930.0,12871.0,0.0,0.0,0.0,479.0,4894.0,138.0,0.0,2708.0,5991.0
2021-04-08 06:30:00+01:00,2955.0,13711.0,0.0,0.0,0.0,517.0,4891.0,139.0,26.0,2559.0,5958.0
2021-04-08 07:00:00+01:00,2960.0,15013.0,0.0,0.0,0.0,557.0,4901.0,180.0,211.0,2758.0,6218.0
2021-04-08 07:30:00+01:00,2928.0,15546.0,0.0,0.0,452.0,546.0,4891.0,192.0,554.0,2817.0,6158.0
2021-04-08 08:00:00+01:00,2937.0,15924.0,0.0,0.0,299.0,602.0,4899.0,217.0,1040.0,3120.0,6460.0
2021-04-08 08:30:00+01:00,2941.0,15990.0,0.0,0.0,524.0,603.0,4900.0,222.0,1630.0,4006.0,6714.0
2021-04-08 09:00:00+01:00,2907.0,15471.0,0.0,0.0,300.0,564.0,4900.0,229.0,2210.0,4111.0,7172.0
2021-04-08 09:30:00+01:00,2879.0,15145.0,0.0,0.0,0.0,550.0,4900.0,224.0,2830.0,4255.0,7325.0
2021-04-08 10:00:00+01:00,2882.0,14104.0,0.0,0.0,0.0,511.0,4901.0,160.0,3500.0,4609.0,7794.0
2021-04-08 10:30:00+01:00,2859.0,13730.0,0.0,0.0,0.0,450.0,4901.0,158.0,4200.0,4959.0,7898.0
2021-04-08 11:00:00+01:00,2489.0,11615.0,0.0,0.0,0.0,385.0,4895.0,163.0,4520.0,4924.0,8313.0
2021-04-08 11:30:00+01:00,2452.0,10424.0,0.0,0.0,0.0,367.0,4905.0,161.0,4850.0,4909.0,8360.0
2021-04-08 12:00:00+01:00,2336.0,10143.0,0.0,0.0,0.0,355.0,4907.0,167.0,5180.0,5018.0,8619.0
2021-04-08 12:30:00+01:00,2344.0,10445.0,0.0,0.0,0.0,358.0,4898.0,173.0,5130.0,5082.0,8643.0
2021-04-08 13:00:00+01:00,2235.0,10163.0,0.0,0.0,0.0,369.0,4905.0,162.0,4810.0,5252.0,8640.0
2021-04-08 13:30:00+01:00,2247.0,9815.0,0.0,0.0,0.0,367.0,4900.0,166.0,4580.0,5242.0,8619.0
2021-04-08 14:00:00+01:00,2283.0,10167.0,0.0,0.0,0.0,368.0,4896.0,170.0,4160.0,5520.0,8845.0
2021-04-08 14:30:00+01:00,2299.0,10486.0,0.0,0.0,29.0,365.0,4889.0,177.0,3720.0,5492.0,8857.0
2021-04-08 15:00:00+01:00,2261.0,10767.0,0.0,0.0,0.0,367.0,4894.0,165.0,3300.0,5671.0,8811.0
2021-04-08 15:30:00+01:00,2291.0,10749.0,0.0,0.0,0.0,374.0,4889.0,167.0,2840.0,5837.0,8622.0
2021-04-08 16:00:00+01:00,2246.0,10292.0,0.0,0.0,0.0,408.0,4901.0,192.0,2430.0,5950.0,8789.0
2021-04-08 16:30:00+01:00,2277.0,10084.0,0.0,0.0,0.0,414.0,4901.0,215.0,2060.0,5993.0,8849.0
2021-04-08 17:00:00+01:00,2304.0,10664.0,0.0,0.0,0.0,443.0,4900.0,217.0,1570.0,6096.0,8909.0
2021-04-08 17:30:00+01:00,2712.0,11117.0,0.0,0.0,0.0,491.0,4890.0,218.0,1110.0,6145.0,8996.0
2021-04-08 18:00:00+01:00,2790.0,11890.0,0.0,0.0,298.0,520.0,4914.0,219.0,723.0,6054.0,8825.0
2021-04-08 18:30:00+01:00,2839.0,12013.0,0.0,0.0,600.0,516.0,4907.0,321.0,382.0,6027.0,8720.0
2021-04-08 19:00:00+01:00,2829.0,12260.0,0.0,0.0,299.0,532.0,4906.0,347.0,140.0,6086.0,8611.0
2021-04-08 19:30:00+01:00,2841.0,11949.0,0.0,0.0,516.0,518.0,4909.0,362.0,11.0,6332.0,8371.0
2021-04-08 20:00:00+01:00,2824.0,12033.0,0.0,0.0,400.0,508.0,4905.0,427.0,1.0,6433.0,8220.0
2021-04-08 20:30:00+01:00,2839.0,12312.0,0.0,0.0,447.0,500.0,4904.0,423.0,0.0,6335.0,7916.0
2021-04-08 21:00:00+01:00,2802.0,11529.0,0.0,0.0,245.0,498.0,4900.0,256.0,0.0,6181.0,7776.0
2021-04-08 21:30:00+01:00,2802.0,10334.0,0.0,0.0,1.0,476.0,4906.0,162.0,0.0,6063.0,7856.0
2021-04-08 22:00:00+01:00,2652.0,9829.0,0.0,0.0,0.0,477.0,4896.0,161.0,0.0,6152.0,7684.0
2021-04-08 22:30:00+01:00,2088.0,9038.0,0.0,0.0,0.0,492.0,4901.0,160.0,0.0,6276.0,7732.0
2021-04-08 23:00:00+01:00,1424.0,7614.0,0.0,0.0,0.0,480.0,4892.0,156.0,0.0,6355.0,7619.0
2021-04-08 23:30:00+01:00,1445.0,5742.0,0.0,0.0,89.0,477.0,4892.0,137.0,0.0,6338.0,7250.0
2021-04-09 00:00:00+01:00,1443.0,5931.0,0.0,0.0,0.0,490.0,4888.0,136.0,0.0,6243.0,6741.0
2021-04-09 00:30:00+01:00,1442.0,6007.0,0.0,0.0,0.0,488.0,4893.0,137.0,0.0,6109.0,6472.0
2021-04-09 01:00:00+01:00,1464.0,5809.0,0.0,0.0,0.0,477.0,4896.0,141.0,2.0,6151.0,6067.0
2021-04-09 01:30:00+01:00,1469.0,6465.0,0.0,0.0,0.0,473.0,4886.0,143.0,1.0,5572.0,5798.0
2021-04-09 02:00:00+01:00,1443.0,6817.0,0.0,0.0,0.0,453.0,4893.0,197.0,0.0,5433.0,5143.0
2021-04-09 02:30:00+01:00,1440.0,7039.0,0.0,0.0,0.0,447.0,4892.0,205.0,1.0,5397.0,5078.0
2021-04-09 03:00:00+01:00,1462.0,6985.0,0.0,0.0,0.0,445.0,4897.0,141.0,1.0,5426.0,4585.0
2021-04-09 03:30:00+01:00,1473.0,7003.0,0.0,0.0,0.0,444.0,4895.0,145.0,0.0,5271.0,4422.0
2021-04-09 04:00:00+01:00,1440.0,6947.0,0.0,0.0,0.0,443.0,4895.0,137.0,1.0,5171.0,3970.0
2021-04-09 04:30:00+01:00,1472.0,7128.0,0.0,0.0,0.0,444.0,4894.0,144.0,0.0,4882.0,3810.0
2021-04-09 05:00:00+01:00,1445.0,7688.0,0.0,0.0,0.0,477.0,4904.0,138.0,1.0,4792.0,3371.0
2021-04-09 05:30:00+01:00,1436.0,8206.0,0.0,0.0,0.0,488.0,4917.0,137.0,0.0,4640.0,3394.0
2021-04-09 06:00:00+01:00,1621.0,10221.0,0.0,0.0,110.0,590.0,4923.0,138.0,0.0,4367.0,3028.0
2021-04-09 06:30:00+01:00,2080.0,11916.0,0.0,0.0,10.0,662.0,4920.0,137.0,64.0,4255.0,2914.0
2021-04-09 07:00:00+01:00,2355.0,14477.0,0.0,0.0,63.0,622.0,4920.0,164.0,403.0,3988.0,2557.0
2021-04-09 07:30:00+01:00,2390.0,16042.0,0.0,0.0,511.0,689.0,4921.0,298.0,920.0,3597.0,2495.0
2021-04-09 08:00:00+01:00,2402.0,16564.0,0.0,0.0,900.0,715.0,4917.0,293.0,1550.0,3357.0,2353.0
2021-04-09 08:30:00+01:00,2391.0,17664.0,0.0,0.0,770.0,654.0,4925.0,225.0,2140.0,3108.0,2242.0
2021-04-09 09:00:00+01:00,2392.0,17791.0,0.0,0.0,512.0,628.0,4927.0,310.0,2740.0,2871.0,2245.0
2021-04-09 09:30:00+01:00,2402.0,17773.0,0.0,0.0,300.0,585.0,4933.0,379.0,3580.0,2788.0,2401.0
2021-04-09 10:00:00+01:00,2413.0,17370.0,0.0,0.0,449.0,576.0,4922.0,337.0,4270.0,2582.0,2551.0
2021-04-09 10:30:00+01:00,2398.0,17888.0,0.0,0.0,24.0,576.0,4936.0,268.0,4510.0,2450.0,2599.0
2021-04-09 11:00:00+01:00,2404.0,17484.0,0.0,0.0,120.0,551.0,4931.0,244.0,4700.0,2352.0,2776.0
2021-04-09 11:30:00+01:00,2402.0,17522.0,0.0,0.0,0.0,552.0,4938.0,306.0,4770.0,1377.0,2779.0
2021-04-09 12:00:00+01:00,2414.0,17616.0,0.0,0.0,121.0,502.0,4933.0,316.0,4750.0,1252.0,2941.0
2021-04-09 12:30:00+01:00,2418.0,17455.0,0.0,0.0,300.0,490.0,4938.0,349.0,4780.0,1114.0,2982.0
2021-04-09 13:00:00+01:00,2407.0,17331.0,0.0,0.0,173.0,490.0,4938.0,368.0,4770.0,1025.0,3185.0
2021-04-09 13:30:00+01:00,2283.0,17332.0,0.0,0.0,0.0,490.0,4929.0,327.0,4720.0,1015.0,3209.0
2021-04-09 14:00:00+01:00,2260.0,17319.0,0.0,0.0,0.0,502.0,4926.0,310.0,4700.0,1006.0,3203.0
2021-04-09 14:30:00+01:00,2326.0,17156.0,0.0,0.0,0.0,507.0,4927.0,337.0,4260.0,1044.0,3175.0
2021-04-09 15:00:00+01:00,2387.0,16901.0,0.0,0.0,120.0,526.0,4924.0,210.0,3670.0,1134.0,3223.0
2021-04-09 15:30:00+01:00,2427.0,17382.0,0.0,0.0,0.0,528.0,4919.0,215.0,3240.0,1100.0,3100.0
2021-04-09 16:00:00+01:00,2320.0,17123.0,0.0,0.0,0.0,553.0,4933.0,242.0,2890.0,1011.0,3328.0
2021-04-09 16:30:00+01:00,2358.0,17210.0,0.0,0.0,0.0,545.0,4917.0,246.0,2390.0,988.0,3386.0
2021-04-09 17:00:00+01:00,2429.0,17779.0,0.0,0.0,422.0,649.0,4919.0,346.0,1910.0,907.0,3144.0
2021-04-09 17:30:00+01:00,2426.0,17695.0,0.0,0.0,1460.0,683.0,4920.0,372.0,1430.0,964.0,3048.0
2021-04-09 18:00:00+01:00,2430.0,17758.0,0.0,0.0,1076.0,683.0,4932.0,410.0,944.0,1003.0,3058.0
2021-04-09 18:30:00+01:00,2435.0,18155.0,0.0,0.0,1199.0,684.0,4932.0,423.0,556.0,1106.0,2964.0
2021-04-09 19:00:00+01:00,2434.0,18104.0,0.0,0.0,1254.0,683.0,4937.0,403.0,221.0,1042.0,2502.0
2021-04-09 19:30:00+01:00,2435.0,18204.0,0.0,0.0,1257.0,678.0,4932.0,380.0,30.0,1220.0,2358.0
2021-04-09 20:00:00+01:00,2434.0,18224.0,0.0,0.0,899.0,640.0,4931.0,384.0,1.0,1305.0,2083.0
2021-04-09 20:30:00+01:00,2438.0,18055.0,0.0,0.0,1319.0,620.0,4928.0,366.0,0.0,1439.0,2000.0
2021-04-09 21:00:00+01:00,2432.0,18064.0,0.0,0.0,458.0,536.0,4929.0,328.0,0.0,1539.0,1905.0
2021-04-09 21:30:00+01:00,2435.0,17426.0,0.0,0.0,326.0,502.0,4934.0,273.0,0.0,1693.0,1968.0
2021-04-09 22:00:00+01:00,2238.0,17100.0,0.0,0.0,72.0,487.0,4932.0,142.0,0.0,1705.0,1948.0
2021-04-09 22:30:00+01:00,1785.0,16497.0,0.0,0.0,0.0,506.0,4921.0,145.0,0.0,1745.0,1834.0
2021-04-09 23:00:00+01:00,1786.0,14547.0,0.0,0.0,82.0,486.0,4914.0,143.0,0.0,1799.0,1659.0
2021-04-09 23:30:00+01:00,1791.0,12762.0,0.0,0.0,0.0,486.0,4923.0,142.0,0.0,1678.0,1618.0
2021-04-10 00:00:00+01:00,1786.0,13025.0,0.0,0.0,0.0,460.0,4927.0,143.0,0.0,1557.0,1564.0
2021-04-10 00:30:00+01:00,1789.0,13048.0,0.0,0.0,0.0,438.0,4921.0,143.0,0.0,1574.0,1485.0
2021-04-10 01:00:00+01:00,1790.0,12506.0,0.0,0.0,33.0,422.0,4916.0,142.0,1.0,1380.0,1338.0
2021-04-10 01:30:00+01:00,1787.0,12758.0,0.0,0.0,0.0,422.0,4924.0,143.0,1.0,1347.0,1319.0
2021-04-10 02:00:00+01:00,1788.0,12996.0,0.0,0.0,0.0,422.0,4929.0,142.0,0.0,1324.0,1241.0
2021-04-10 02:30:00+01:00,1789.0,12908.0,0.0,0.0,0.0,422.0,4926.0,142.0,2.0,1222.0,1247.0
2021-04-10 03:00:00+01:00,1775.0,12711.0,0.0,0.0,0.0,418.0,4935.0,144.0,0.0,1186.0,1191.0
2021-04-10 03:30:00+01:00,1789.0,12670.0,0.0,0.0,0.0,418.0,4937.0,143.0,1.0,1236.0,1143.0
2021-04-10 04:00:00+01:00,1790.0,12789.0,0.0,0.0,0.0,416.0,4936.0,147.0,1.0,1204.0,1069.0
2021-04-10 04:30:00+01:00,1788.0,12682.0,0.0,0.0,0.0,416.0,4938.0,143.0,0.0,1269.0,1018.0
2021-04-10 05:00:00+01:00,1790.0,12656.0,0.0,0.0,0.0,416.0,4929.0,143.0,0.0,1228.0,1069.0
2021-04-10 05:30:00+01:00,1789.0,12857.0,0.0,0.0,0.0,435.0,4927.0,144.0,0.0,1273.0,1084.0
2021-04-10 06:00:00+01:00,1780.0,12522.0,0.0,0.0,0.0,449.0,4930.0,143.0,1.0,1348.0,1053.0
2021-04-10 06:30:00+01:00,1790.0,12609.0,0.0,0.0,0.0,469.0,4931.0,145.0,60.0,1437.0,1043.0
2021-04-10 07:00:00+01:00,1783.0,13511.0,0.0,0.0,0.0,503.0,4925.0,145.0,335.0,1359.0,1064.0
2021-04-10 07:30:00+01:00,1768.0,14532.0,0.0,0.0,0.0,502.0,4922.0,145.0,732.0,1464.0,989.0
2021-04-10 08:00:00+01:00,1786.0,15277.0,0.0,0.0,0.0,502.0,4919.0,221.0,1220.0,1524.0,952.0
2021-04-10 08:30:00+01:00,1777.0,15897.0,0.0,0.0,300.0,532.0,4918.0,301.0,1720.0,1634.0,942.0
2021-04-10 09:00:00+01:00,1767.0,15929.0,0.0,0.0,300.0,531.0,4928.0,321.0,2230.0,1780.0,929.0
2021-04-10 09:30:00+01:00,1780.0,16414.0,0.0,0.0,0.0,561.0,4930.0,174.0,2700.0,1799.0,948.0
2021-04-10 10:00:00+01:00,1787.0,16267.0,0.0,0.0,300.0,563.0,4917.0,164.0,3160.0,1878.0,1013.0
2021-04-10 10:30:00+01:00,1744.0,16061.0,0.0,0.0,300.0,563.0,4939.0,175.0,3560.0,2084.0,1023.0
2021-04-10 11:00:00+01:00,1790.0,16236.0,0.0,0.0,27.0,563.0,4931.0,206.0,3790.0,2051.0,1022.0
2021-04-10 11:30:00+01:00,1784.0,16624.0,0.0,0.0,0.0,547.0,4936.0,223.0,3960.0,2043.0,1028.0
2021-04-10 12:00:00+01:00,1768.0,16381.0,0.0,0.0,332.0,507.0,4934.0,182.0,4070.0,2164.0,1063.0
2021-04-10 12:30:00+01:00,1787.0,16454.0,0.0,0.0,0.0,497.0,4934.0,185.0,4180.0,2138.0,1088.0
2021-04-10 13:00:00+01:00,1778.0,16179.0,0.0,0.0,0.0,504.0,4935.0,181.0,4160.0,2164.0,1177.0
2021-04-10 13:30:00+01:00,1786.0,15379.0,0.0,0.0,0.0,473.0,4932.0,182.0,4080.0,2231.0,1276.0
2021-04-10 14:00:00+01:00,1783.0,15031.0,0.0,0.0,0.0,473.0,4938.0,182.0,3980.0,2249.0,1357.0
2021-04-10 14:30:00+01:00,1781.0,14408.0,0.0,0.0,0.0,482.0,4929.0,182.0,3690.0,2435.0,1478.0
2021-04-10 15:00:00+01:00,1784.0,14415.0,0.0,0.0,49.0,485.0,4921.0,186.0,3490.0,2536.0,1442.0
2021-04-10 15:30:00+01:00,1778.0,14387.0,0.0,0.0,0.0,485.0,4919.0,182.0,3090.0,2535.0,1520.0
2021-04-10 16:00:00+01:00,1785.0,14781.0,0.0,0.0,0.0,522.0,4922.0,187.0,2580.0,2700.0,1610.0
2021-04-10 16:30:00+01:00,1783.0,15639.0,0.0,0.0,0.0,522.0,4925.0,266.0,2618.0,2757.0,1667.0
2021-04-10 17:00:00+01:00,1782.0,16067.0,0.0,0.0,80.0,577.0,4922.0,266.0,2010.0,2867.0,1656.0
2021-04-10 17:30:00+01:00,1774.0,16203.0,0.0,0.0,131.0,581.0,4938.0,303.0,1582.0,2963.0,1621.0
2021-04-10 18:00:00+01:00,1786.0,16274.0,0.0,0.0,717.0,589.0,4924.0,304.0,871.0,3127.0,1633.0
2021-04-10 18:30:00+01:00,1782.0,16481.0,0.0,0.0,865.0,593.0,4931.0,339.0,589.0,3202.0,1587.0
2021-04-10 19:00:00+01:00,1784.0,16516.0,0.0,0.0,668.0,594.0,4914.0,437.0,343.0,3265.0,1402.0
2021-04-10 19:30:00+01:00,1783.0,16511.0,0.0,0.0,900.0,594.0,4926.0,547.0,213.0,3154.0,1384.0
2021-04-10 20:00:00+01:00,1781.0,16384.0,0.0,0.0,599.0,599.0,4928.0,534.0,0.0,3136.0,1303.0
2021-04-10 20:30:00+01:00,1785.0,16412.0,0.0,0.0,327.0,596.0,4928.0,510.0,0.0,3212.0,1337.0
2021-04-10 21:00:00+01:00,1785.0,16326.0,0.0,0.0,475.0,577.0,4920.0,417.0,0.0,3036.0,1336.0
2021-04-10 21:30:00+01:00,1777.0,16000.0,0.0,0.0,0.0,563.0,4921.0,362.0,0.0,2925.0,1337.0
2021-04-10 22:00:00+01:00,1783.0,15341.0,0.0,0.0,0.0,496.0,4924.0,179.0,0.0,2951.0,1216.0
2021-04-10 22:30:00+01:00,1781.0,14213.0,0.0,0.0,185.0,485.0,4918.0,178.0,0.0,2853.0,1171.0
2021-04-10 23:00:00+01:00,1783.0,13076.0,0.0,0.0,109.0,454.0,4908.0,143.0,0.0,2942.0,1032.0
2021-04-10 23:30:00+01:00,1783.0,11910.0,0.0,0.0,0.0,450.0,4908.0,143.0,0.0,2762.0,1029.0
2021-04-11 00:00:00+01:00,1783.0,11493.0,0.0,0.0,0.0,420.0,4911.0,144.0,0.0,2585.0,963.0
2021-04-11 00:30:00+01:00,1775.0,11563.0,0.0,0.0,0.0,415.0,4912.0,143.0,0.0,2525.0,890.0
2021-04-11 01:00:00+01:00,1779.0,11344.0,0.0,0.0,0.0,415.0,4921.0,142.0,0.0,2430.0,784.0
2021-04-11 01:30:00+01:00,1774.0,11846.0,0.0,0.0,149.0,414.0,4909.0,142.0,0.0,2431.0,791.0
2021-04-11 02:00:00+01:00,1776.0,11942.0,0.0,0.0,0.0,427.0,4950.0,224.0,0.0,2540.0,791.0
2021-04-11 02:30:00+01:00,1755.0,11504.0,0.0,0.0,0.0,426.0,4953.0,223.0,0.0,2518.0,796.0
2021-04-11 03:00:00+01:00,1788.0,11698.0,0.0,0.0,0.0,412.0,4947.0,143.0,0.0,2686.0,876.0
2021-04-11 03:30:00+01:00,1790.0,11524.0,0.0,0.0,0.0,412.0,4957.0,183.0,0.0,2557.0,898.0
2021-04-11 04:00:00+01:00,1785.0,11238.0,0.0,0.0,0.0,412.0,5019.0,143.0,0.0,2793.0,944.0
2021-04-11 04:30:00+01:00,1772.0,10647.0,0.0,0.0,0.0,411.0,5026.0,142.0,0.0,2984.0,922.0
2021-04-11 05:00:00+01:00,1780.0,10455.0,0.0,0.0,0.0,412.0,5050.0,143.0,0.0,3068.0,939.0
2021-04-11 05:30:00+01:00,1777.0,10011.0,0.0,0.0,0.0,409.0,5063.0,142.0,0.0,3156.0,968.0
2021-04-11 06:00:00+01:00,1783.0,9888.0,0.0,0.0,0.0,425.0,5054.0,143.0,0.0,3516.0,985.0
2021-04-11 06:30:00+01:00,1777.0,10650.0,0.0,0.0,0.0,435.0,5060.0,142.0,49.0,3174.0,1013.0
2021-04-11 07:00:00+01:00,1755.0,11465.0,0.0,0.0,0.0,474.0,5051.0,146.0,184.0,3266.0,989.0
2021-04-11 07:30:00+01:00,1813.0,11127.0,0.0,0.0,0.0,505.0,5054.0,144.0,426.0,3316.0,1019.0
2021-04-11 08:00:00+01:00,2022.0,11472.0,0.0,0.0,0.0,540.0,5038.0,144.0,2030.0,3123.0,960.0
2021-04-11 08:30:00+01:00,2322.0,11539.0,0.0,0.0,0.0,539.0,5048.0,144.0,2910.0,2921.0,947.0
2021-04-11 09:00:00+01:00,2409.0,11956.0,0.0,0.0,0.0,486.0,5045.0,146.0,3740.0,2711.0,1030.0
2021-04-11 09:30:00+01:00,2402.0,12278.0,0.0,0.0,0.0,520.0,5048.0,145.0,4340.0,2610.0,1035.0
2021-04-11 10:00:00+01:00,2411.0,12629.0,0.0,0.0,0.0,537.0,5092.0,147.0,4810.0,2311.0,1133.0
2021-04-11 10:30:00+01:00,2269.0,12828.0,0.0,0.0,0.0,538.0,5076.0,144.0,5140.0,2385.0,1194.0
2021-04-11 11:00:00+01:00,2274.0,12830.0,0.0,0.0,105.0,523.0,5086.0,151.0,5590.0,2137.0,1236.0
2021-04-11 11:30:00+01:00,2414.0,13310.0,0.0,0.0,149.0,523.0,5079.0,150.0,5750.0,2065.0,1266.0
2021-04-11 12:00:00+01:00,2412.0,13457.0,0.0,0.0,0.0,523.0,5085.0,199.0,5940.0,1993.0,1417.0
2021-04-11 12:30:00+01:00,2411.0,13560.0,0.0,0.0,0.0,511.0,5093.0,281.0,6140.0,1902.0,1457.0
2021-04-11 13:00:00+01:00,2355.0,13400.0,0.0,0.0,0.0,477.0,5096.0,372.0,5960.0,1995.0,1630.0
2021-04-11 13:30:00+01:00,2307.0,13015.0,0.0,0.0,0.0,474.0,5092.0,297.0,6000.0,2208.0,1591.0
2021-04-11 14:00:00+01:00,2182.0,13081.0,0.0,0.0,151.0,470.0,5115.0,167.0,5970.0,2023.0,1571.0
2021-04-11 14:30:00+01:00,2083.0,12610.0,0.0,0.0,0.0,485.0,5132.0,283.0,5550.0,2344.0,1753.0
2021-04-11 15:00:00+01:00,2148.0,12362.0,0.0,0.0,0.0,475.0,5129.0,203.0,5240.0,2142.0,1823.0
2021-04-11 15:30:00+01:00,2185.0,12334.0,0.0,0.0,141.0,482.0,5139.0,149.0,4700.0,2663.0,1836.0
2021-04-11 16:00:00+01:00,2187.0,13183.0,0.0,0.0,218.0,505.0,5121.0,153.0,4060.0,2356.0,1910.0
2021-04-11 16:30:00+01:00,2370.0,14836.0,0.0,0.0,218.0,523.0,5134.0,147.0,3600.0,2271.0,1980.0
2021-04-11 17:00:00+01:00,2409.0,15342.0,0.0,0.0,145.0,628.0,5153.0,181.0,2910.0,2409.0,1915.0
2021-04-11 17:30:00+01:00,2375.0,16796.0,0.0,0.0,345.0,625.0,5194.0,250.0,2360.0,2169.0,1755.0
2021-04-11 18:00:00+01:00,2338.0,17002.0,0.0,0.0,599.0,664.0,5193.0,345.0,1670.0,2233.0,1490.0
2021-04-11 18:30:00+01:00,2232.0,17204.0,0.0,0.0,899.0,667.0,5197.0,373.0,991.0,2034.0,1493.0
2021-04-11 19:00:00+01:00,2218.0,17809.0,0.0,0.0,899.0,659.0,5203.0,391.0,431.0,1620.0,1243.0
2021-04-11 19:30:00+01:00,2322.0,17874.0,0.0,0.0,915.0,659.0,5199.0,392.0,64.0,1558.0,1085.0
2021-04-11 20:00:00+01:00,2339.0,17916.0,0.0,0.0,1198.0,603.0,5199.0,412.0,1.0,1424.0,906.0
2021-04-11 20:30:00+01:00,2340.0,18101.0,0.0,0.0,1229.0,596.0,5201.0,427.0,0.0,1548.0,833.0
2021-04-11 21:00:00+01:00,2393.0,18373.0,0.0,0.0,599.0,588.0,5202.0,438.0,0.0,1363.0,869.0
2021-04-11 21:30:00+01:00,2425.0,17846.0,0.0,0.0,0.0,582.0,5230.0,415.0,0.0,1330.0,819.0
2021-04-11 22:00:00+01:00,2379.0,16813.0,0.0,0.0,237.0,517.0,5278.0,284.0,0.0,1313.0,831.0
2021-04-11 22:30:00+01:00,2423.0,15458.0,0.0,0.0,0.0,536.0,5277.0,141.0,0.0,1413.0,812.0
2021-04-11 23:00:00+01:00,2421.0,13945.0,0.0,0.0,0.0,514.0,5257.0,137.0,0.0,1335.0,783.0
2021-04-11 23:30:00+01:00,2316.0,12514.0,0.0,0.0,0.0,494.0,5273.0,137.0,0.0,1530.0,741.0
2021-04-12 00:00:00+01:00,2330.0,12157.0,0.0,0.0,0.0,439.0,5283.0,139.0,0.0,1786.0,721.0
2021-04-12 00:30:00+01:00,2324.0,11177.0,0.0,0.0,0.0,435.0,5285.0,137.0,0.0,1858.0,720.0
2021-04-12 01:00:00+01:00,2295.0,11345.0,0.0,0.0,0.0,419.0,5302.0,139.0,3.0,1803.0,692.0
2021-04-12 01:30:00+01:00,2345.0,12524.0,0.0,0.0,0.0,418.0,5318.0,137.0,3.0,2042.0,716.0
2021-04-12 02:00:00+01:00,2366.0,12640.0,0.0,0.0,0.0,399.0,5325.0,140.0,3.0,2135.0,740.0
2021-04-12 02:30:00+01:00,2359.0,12112.0,0.0,0.0,0.0,398.0,5325.0,136.0,3.0,2401.0,720.0
2021-04-12 03:00:00+01:00,2353.0,12114.0,0.0,0.0,0.0,399.0,5367.0,143.0,4.0,2364.0,798.0
2021-04-12 03:30:00+01:00,2351.0,12519.0,0.0,0.0,0.0,399.0,5438.0,142.0,0.0,1977.0,802.0
2021-04-12 04:00:00+01:00,2333.0,12708.0,0.0,0.0,0.0,398.0,5462.0,138.0,0.0,2024.0,859.0
2021-04-12 04:30:00+01:00,2343.0,13091.0,19.0,0.0,0.0,399.0,5457.0,138.0,0.0,1796.0,886.0
2021-04-12 05:00:00+01:00,2345.0,13673.0,76.0,0.0,0.0,443.0,5473.0,298.0,0.0,1761.0,848.0
2021-04-12 05:30:00+01:00,2320.0,14541.0,283.0,0.0,0.0,397.0,5471.0,323.0,0.0,2015.0,811.0
2021-04-12 06:00:00+01:00,2342.0,16415.0,580.0,0.0,181.0,428.0,5493.0,283.0,4.0,1871.0,772.0
2021-04-12 06:30:00+01:00,2335.0,18638.0,896.0,0.0,301.0,522.0,5511.0,309.0,116.0,1675.0,763.0
2021-04-12 07:00:00+01:00,2308.0,19047.0,1156.0,0.0,434.0,803.0,5504.0,300.0,439.0,1811.0,770.0
2021-04-12 07:30:00+01:00,2331.0,19769.0,1407.0,0.0,1289.0,824.0,5498.0,378.0,923.0,1753.0,750.0
2021-04-12 08:00:00+01:00,2320.0,20553.0,1483.0,0.0,1765.0,848.0,5513.0,357.0,1490.0,1396.0,697.0
2021-04-12 08:30:00+01:00,2311.0,20596.0,1481.0,0.0,2033.0,879.0,5525.0,397.0,2160.0,1404.0,673.0
2021-04-12 09:00:00+01:00,2263.0,20492.0,1489.0,0.0,841.0,833.0,5543.0,391.0,2870.0,1538.0,643.0
2021-04-12 09:30:00+01:00,2270.0,20375.0,1492.0,0.0,600.0,821.0,5537.0,398.0,3530.0,1545.0,662.0
2021-04-12 10:00:00+01:00,2276.0,20303.0,1426.0,0.0,299.0,525.0,5556.0,399.0,4110.0,1517.0,685.0
2021-04-12 10:30:00+01:00,2261.0,20314.0,1440.0,0.0,0.0,487.0,5575.0,400.0,4910.0,1591.0,724.0
2021-04-12 11:00:00+01:00,2294.0,20043.0,1433.0,0.0,15.0,451.0,5577.0,374.0,5440.0,1511.0,745.0
2021-04-12 11:30:00+01:00,2307.0,19773.0,1433.0,0.0,0.0,449.0,5589.0,320.0,5950.0,1672.0,751.0
2021-04-12 12:00:00+01:00,2309.0,19726.0,1443.0,0.0,45.0,440.0,5639.0,343.0,6290.0,1421.0,767.0
2021-04-12 12:30:00+01:00,2311.0,19707.0,1443.0,0.0,0.0,418.0,5649.0,308.0,6500.0,1554.0,846.0
2021-04-12 13:00:00+01:00,2308.0,19467.0,1447.0,0.0,0.0,373.0,5643.0,263.0,6570.0,1344.0,921.0
2021-04-12 13:30:00+01:00,2300.0,19149.0,1450.0,0.0,0.0,367.0,5643.0,250.0,6220.0,1334.0,920.0
2021-04-12 14:00:00+01:00,2293.0,18211.0,1450.0,0.0,0.0,367.0,5640.0,249.0,6130.0,1441.0,1023.0
2021-04-12 14:30:00+01:00,2308.0,18746.0,1251.0,0.0,0.0,378.0,5629.0,244.0,5830.0,1339.0,1033.0
2021-04-12 15:00:00+01:00,2295.0,18600.0,1049.0,0.0,0.0,377.0,5635.0,263.0,5290.0,1184.0,1091.0
2021-04-12 15:30:00+01:00,2301.0,19233.0,1009.0,0.0,0.0,377.0,5624.0,218.0,4940.0,1065.0,1096.0
2021-04-12 16:00:00+01:00,2287.0,19314.0,1008.0,0.0,31.0,449.0,5618.0,255.0,4390.0,1205.0,1080.0
2021-04-12 16:30:00+01:00,2281.0,19219.0,1015.0,0.0,113.0,487.0,5617.0,289.0,3910.0,1499.0,1072.0
2021-04-12 17:00:00+01:00,2281.0,18851.0,1092.0,0.0,793.0,640.0,5654.0,318.0,3120.0,1406.0,1057.0
2021-04-12 17:30:00+01:00,2293.0,18778.0,1092.0,0.0,1409.0,874.0,5653.0,361.0,2510.0,1409.0,1035.0
2021-04-12 18:00:00+01:00,2291.0,18981.0,1066.0,0.0,1647.0,921.0,5681.0,366.0,1830.0,1330.0,965.0
2021-04-12 18:30:00+01:00,2292.0,19331.0,1151.0,0.0,1689.0,922.0,5682.0,304.0,1110.0,1357.0,919.0
2021-04-12 19:00:00+01:00,2289.0,19219.0,1216.0,0.0,1783.0,699.0,5691.0,272.0,482.0,1238.0,760.0
2021-04-12 19:30:00+01:00,2289.0,19181.0,1269.0,0.0,2054.0,759.0,5682.0,281.0,85.0,1074.0,708.0
2021-04-12 20:00:00+01:00,2289.0,19502.0,1473.0,0.0,2040.0,702.0,5676.0,287.0,2.0,848.0,631.0
2021-04-12 20:30:00+01:00,2290.0,19629.0,1477.0,0.0,1978.0,691.0,5690.0,302.0,0.0,749.0,619.0
2021-04-12 21:00:00+01:00,2187.0,19664.0,1488.0,0.0,1681.0,598.0,5694.0,297.0,0.0,693.0,560.0
2021-04-12 21:30:00+01:00,2201.0,19980.0,1491.0,0.0,595.0,526.0,5709.0,289.0,0.0,593.0,531.0
2021-04-12 22:00:00+01:00,2112.0,18621.0,1496.0,0.0,374.0,487.0,5722.0,246.0,0.0,499.0,510.0
2021-04-12 22:30:00+01:00,2114.0,17857.0,1439.0,0.0,118.0,413.0,5736.0,169.0,0.0,508.0,556.0
2021-04-12 23:00:00+01:00,2099.0,18240.0,1104.0,0.0,0.0,383.0,5726.0,154.0,0.0,567.0,515.0
2021-04-12 23:30:00+01:00,2179.0,17764.0,989.0,0.0,0.0,374.0,5718.0,136.0,0.0,526.0,288.0
2021-04-13 00:00:00+01:00,2229.0,17429.0,878.0,0.0,0.0,350.0,5729.0,139.0,0.0,515.0,417.0
2021-04-13 00:30:00+01:00,2230.0,16966.0,824.0,0.0,0.0,338.0,5724.0,137.0,0.0,468.0,398.0
2021-04-13 01:00:00+01:00,2269.0,16844.0,795.0,0.0,0.0,327.0,5725.0,139.0,3.0,486.0,388.0
2021-04-13 01:30:00+01:00,2263.0,16945.0,902.0,0.0,0.0,327.0,5723.0,138.0,3.0,26.0,275.0
2021-04-13 02:00:00+01:00,2253.0,16908.0,911.0,0.0,0.0,327.0,5728.0,139.0,2.0,567.0,375.0
2021-04-13 02:30:00+01:00,2250.0,16734.0,713.0,0.0,0.0,327.0,5746.0,142.0,0.0,674.0,345.0
2021-04-13 03:00:00+01:00,2252.0,16851.0,765.0,0.0,0.0,310.0,5740.0,139.0,0.0,644.0,323.0
2021-04-13 03:30:00+01:00,2237.0,16841.0,841.0,0.0,0.0,308.0,5738.0,141.0,0.0,587.0,316.0
2021-04-13 04:00:00+01:00,2242.0,17234.0,903.0,0.0,0.0,308.0,5753.0,144.0,0.0,562.0,298.0
2021-04-13 04:30:00+01:00,2248.0,17464.0,941.0,0.0,0.0,307.0,5749.0,138.0,0.0,507.0,291.0
2021-04-13 05:00:00+01:00,2251.0,17783.0,987.0,0.0,0.0,325.0,5760.0,154.0,0.0,451.0,278.0
2021-04-13 05:30:00+01:00,2190.0,17972.0,1235.0,0.0,0.0,372.0,5765.0,174.0,0.0,465.0,281.0
2021-04-13 06:00:00+01:00,2186.0,18200.0,1415.0,0.0,0.0,459.0,5775.0,181.0,8.0,460.0,290.0
2021-04-13 06:30:00+01:00,2208.0,18796.0,1465.0,0.0,0.0,520.0,5775.0,220.0,211.0,437.0,288.0
2021-04-13 07:00:00+01:00,2207.0,20300.0,1492.0,0.0,60.0,546.0,5779.0,347.0,729.0,350.0,274.0
2021-04-13 07:30:00+01:00,2210.0,20505.0,1492.0,0.0,573.0,570.0,5776.0,391.0,1360.0,289.0,268.0
2021-04-13 08:00:00+01:00,2212.0,20450.0,1493.0,0.0,1119.0,581.0,5769.0,405.0,2110.0,231.0,229.0
2021-04-13 08:30:00+01:00,2203.0,20380.0,1487.0,0.0,1311.0,580.0,5782.0,399.0,2870.0,189.0,222.0
2021-04-13 09:00:00+01:00,2221.0,20323.0,1490.0,0.0,641.0,499.0,5780.0,395.0,3730.0,197.0,212.0
2021-04-13 09:30:00+01:00,2228.0,20455.0,1488.0,0.0,118.0,496.0,5780.0,364.0,4540.0,223.0,218.0
2021-04-13 10:00:00+01:00,2227.0,20096.0,1488.0,0.0,184.0,478.0,5805.0,330.0,5290.0,203.0,230.0
2021-04-13 10:30:00+01:00,2229.0,19619.0,1491.0,0.0,269.0,461.0,5793.0,253.0,6020.0,171.0,235.0
2021-04-13 11:00:00+01:00,2228.0,19315.0,1491.0,0.0,13.0,421.0,5804.0,207.0,6240.0,165.0,258.0
2021-04-13 11:30:00+01:00,2243.0,19185.0,1486.0,0.0,0.0,422.0,5408.0,181.0,6390.0,166.0,260.0
2021-04-13 12:00:00+01:00,2310.0,19263.0,1492.0,0.0,45.0,408.0,5774.0,224.0,6270.0,180.0,288.0
2021-04-13 12:30:00+01:00,2312.0,19261.0,1493.0,0.0,0.0,393.0,5802.0,222.0,5800.0,208.0,284.0
2021-04-13 13:00:00+01:00,2310.0,19242.0,1489.0,0.0,0.0,358.0,5793.0,195.0,5540.0,222.0,337.0
2021-04-13 13:30:00+01:00,2301.0,19018.0,1488.0,0.0,0.0,357.0,5807.0,141.0,5070.0,275.0,342.0
2021-04-13 14:00:00+01:00,2327.0,18740.0,1492.0,0.0,0.0,359.0,5802.0,179.0,4790.0,345.0,378.0
2021-04-13 14:30:00+01:00,2350.0,18594.0,1490.0,0.0,0.0,361.0,5838.0,188.0,4480.0,380.0,384.0
2021-04-13 15:00:00+01:00,2356.0,18798.0,1487.0,0.0,0.0,379.0,5832.0,222.0,4100.0,509.0,424.0
2021-04-13 15:30:00+01:00,2354.0,18937.0,1489.0,0.0,0.0,420.0,5834.0,217.0,3540.0,609.0,435.0
2021-04-13 16:00:00+01:00,2346.0,18640.0,1490.0,0.0,0.0,483.0,5850.0,315.0,3200.0,724.0,534.0
2021-04-13 16:30:00+01:00,2378.0,18887.0,1440.0,0.0,310.0,611.0,5834.0,355.0,2860.0,727.0,548.0
2021-04-13 17:00:00+01:00,2410.0,18948.0,1217.0,0.0,897.0,723.0,5852.0,419.0,2380.0,705.0,589.0
2021-04-13 17:30:00+01:00,2392.0,19155.0,1410.0,0.0,1279.0,868.0,5851.0,458.0,2050.0,652.0,556.0
2021-04-13 18:00:00+01:00,2391.0,19447.0,1486.0,0.0,1538.0,888.0,5877.0,442.0,1430.0,590.0,489.0
2021-04-13 18:30:00+01:00,2392.0,19849.0,1490.0,0.0,1627.0,887.0,5893.0,488.0,879.0,523.0,480.0
2021-04-13 19:00:00+01:00,2411.0,19704.0,1410.0,0.0,1626.0,844.0,5893.0,484.0,373.0,523.0,390.0
2021-04-13 19:30:00+01:00,2411.0,20149.0,1306.0,0.0,1817.0,757.0,5884.0,460.0,66.0,472.0,387.0
2021-04-13 20:00:00+01:00,2403.0,20378.0,1320.0,0.0,1836.0,705.0,5886.0,444.0,1.0,410.0,312.0
2021-04-13 20:30:00+01:00,2419.0,20301.0,1211.0,0.0,1628.0,716.0,5886.0,434.0,0.0,405.0,323.0
2021-04-13 21:00:00+01:00,2416.0,20244.0,1311.0,0.0,872.0,633.0,5910.0,471.0,2.0,383.0,316.0
2021-04-13 21:30:00+01:00,2412.0,19997.0,1329.0,0.0,294.0,536.0,5931.0,374.0,0.0,270.0,307.0
2021-04-13 22:00:00+01:00,2401.0,19714.0,1410.0,0.0,252.0,438.0,5937.0,251.0,0.0,255.0,296.0
2021-04-13 22:30:00+01:00,2367.0,18339.0,1483.0,0.0,0.0,544.0,5934.0,143.0,0.0,237.0,285.0
2021-04-13 23:00:00+01:00,2364.0,17683.0,1458.0,0.0,0.0,516.0,5929.0,137.0,0.0,237.0,269.0
2021-04-13 23:30:00+01:00,2371.0,18088.0,1417.0,0.0,0.0,493.0,5943.0,137.0,0.0,232.0,252.0
2021-04-14 00:00:00+01:00,2361.0,17559.0,1094.0,0.0,0.0,450.0,5951.0,137.0,0.0,260.0,237.0
2021-04-14 00:30:00+01:00,2244.0,17710.0,691.0,0.0,0.0,428.0,5969.0,137.0,0.0,271.0,232.0
2021-04-14 01:00:00+01:00,2240.0,17171.0,688.0,0.0,0.0,428.0,5961.0,138.0,0.0,267.0,242.0
2021-04-14 01:30:00+01:00,2249.0,17197.0,828.0,0.0,0.0,432.0,5957.0,138.0,0.0,286.0,236.0
2021-04-14 02:00:00+01:00,2252.0,17531.0,931.0,0.0,0.0,428.0,5954.0,138.0,0.0,315.0,236.0
2021-04-14 02:30:00+01:00,2255.0,17541.0,706.0,0.0,0.0,372.0,5957.0,138.0,0.0,385.0,224.0
2021-04-14 03:00:00+01:00,2250.0,17271.0,687.0,0.0,0.0,372.0,5966.0,138.0,0.0,356.0,215.0
2021-04-14 03:30:00+01:00,2248.0,17419.0,687.0,0.0,0.0,373.0,5968.0,137.0,0.0,406.0,215.0
2021-04-14 04:00:00+01:00,2250.0,17568.0,693.0,0.0,0.0,362.0,5964.0,137.0,0.0,438.0,209.0
2021-04-14 04:30:00+01:00,2252.0,17753.0,751.0,0.0,0.0,362.0,5967.0,137.0,0.0,494.0,204.0
2021-04-14 05:00:00+01:00,2253.0,17748.0,1395.0,0.0,0.0,378.0,5968.0,138.0,0.0,570.0,208.0
2021-04-14 05:30:00+01:00,2249.0,18416.0,1468.0,0.0,0.0,378.0,5968.0,144.0,0.0,629.0,206.0
2021-04-14 06:00:00+01:00,2235.0,19136.0,1222.0,0.0,0.0,389.0,5959.0,159.0,8.0,644.0,234.0
2021-04-14 06:30:00+01:00,2252.0,20108.0,1036.0,0.0,176.0,425.0,5810.0,193.0,179.0,646.0,232.0
2021-04-14 07:00:00+01:00,2242.0,20077.0,1145.0,0.0,30.0,593.0,5670.0,217.0,594.0,636.0,246.0
2021-04-14 07:30:00+01:00,2248.0,20620.0,1471.0,0.0,627.0,666.0,5511.0,447.0,1170.0,592.0,244.0
2021-04-14 08:00:00+01:00,2252.0,20824.0,1482.0,0.0,655.0,577.0,5292.0,434.0,1880.0,609.0,230.0
2021-04-14 08:30:00+01:00,2242.0,20777.0,1470.0,0.0,298.0,578.0,5297.0,430.0,2690.0,752.0,230.0
2021-04-14 09:00:00+01:00,2250.0,20866.0,1486.0,0.0,134.0,511.0,5269.0,357.0,3570.0,704.0,233.0
2021-04-14 09:30:00+01:00,2252.0,20560.0,1476.0,0.0,15.0,511.0,5299.0,333.0,4500.0,701.0,231.0
2021-04-14 10:00:00+01:00,2261.0,20028.0,1447.0,0.0,0.0,465.0,5325.0,283.0,5330.0,742.0,253.0
2021-04-14 10:30:00+01:00,2288.0,18948.0,1414.0,0.0,0.0,433.0,5371.0,201.0,5950.0,987.0,258.0
2021-04-14 11:00:00+01:00,2268.0,18933.0,1078.0,0.0,0.0,425.0,5353.0,191.0,6470.0,861.0,296.0
2021-04-14 11:30:00+01:00,2274.0,19032.0,1067.0,0.0,0.0,415.0,5358.0,159.0,6540.0,771.0,298.0
2021-04-14 12:00:00+01:00,2271.0,19325.0,1074.0,0.0,0.0,382.0,5357.0,201.0,6320.0,747.0,336.0
2021-04-14 12:30:00+01:00,2286.0,19679.0,1028.0,0.0,0.0,382.0,5348.0,179.0,5840.0,786.0,339.0
2021-04-14 13:00:00+01:00,2295.0,19599.0,1113.0,0.0,0.0,346.0,5348.0,142.0,5270.0,794.0,399.0
2021-04-14 13:30:00+01:00,2293.0,19708.0,1082.0,0.0,0.0,346.0,5349.0,139.0,4870.0,846.0,402.0
2021-04-14 14:00:00+01:00,2291.0,19669.0,1172.0,0.0,0.0,364.0,5360.0,138.0,4440.0,879.0,449.0
2021-04-14 14:30:00+01:00,2292.0,19648.0,1067.0,0.0,0.0,365.0,5362.0,139.0,4260.0,856.0,448.0
2021-04-14 15:00:00+01:00,2286.0,19495.0,993.0,0.0,0.0,366.0,5365.0,144.0,4050.0,859.0,500.0
2021-04-14 15:30:00+01:00,2293.0,19431.0,945.0,0.0,0.0,402.0,5367.0,146.0,3740.0,930.0,502.0
2021-04-14 16:00:00+01:00,2297.0,19345.0,949.0,0.0,0.0,526.0,5370.0,193.0,3550.0,1029.0,530.0
2021-04-14 16:30:00+01:00,2299.0,19468.0,1170.0,0.0,0.0,545.0,5362.0,277.0,3190.0,990.0,524.0
2021-04-14 17:00:00+01:00,2294.0,19852.0,1206.0,0.0,0.0,639.0,5359.0,353.0,2860.0,1085.0,575.0
2021-04-14 17:30:00+01:00,2302.0,20132.0,1228.0,0.0,562.0,652.0,5351.0,384.0,2310.0,1089.0,583.0
2021-04-14 18:00:00+01:00,2293.0,19368.0,1202.0,0.0,1373.0,656.0,5366.0,357.0,1720.0,1141.0,567.0
2021-04-14 18:30:00+01:00,2302.0,19574.0,1314.0,0.0,819.0,673.0,5357.0,441.0,1030.0,1177.0,571.0
2021-04-14 19:00:00+01:00,2297.0,19449.0,1353.0,0.0,1288.0,671.0,5354.0,409.0,471.0,1261.0,490.0
2021-04-14 19:30:00+01:00,2296.0,19581.0,1331.0,0.0,1185.0,672.0,5357.0,431.0,87.0,1262.0,519.0
2021-04-14 20:00:00+01:00,2303.0,19640.0,1229.0,0.0,1358.0,603.0,5362.0,439.0,2.0,1244.0,500.0
2021-04-14 20:30:00+01:00,2296.0,19631.0,1227.0,0.0,1462.0,602.0,5360.0,431.0,1.0,1324.0,525.0
2021-04-14 21:00:00+01:00,2299.0,19612.0,1208.0,0.0,1441.0,507.0,5357.0,376.0,0.0,1347.0,499.0
2021-04-14 21:30:00+01:00,2303.0,19560.0,1230.0,0.0,435.0,462.0,5365.0,304.0,0.0,1319.0,500.0
2021-04-14 22:00:00+01:00,2275.0,19208.0,730.0,0.0,411.0,421.0,5368.0,201.0,0.0,1216.0,506.0
2021-04-14 22:30:00+01:00,2299.0,18425.0,277.0,0.0,140.0,399.0,5366.0,165.0,0.0,1290.0,492.0
2021-04-14 23:00:00+01:00,2299.0,17640.0,0.0,0.0,58.0,413.0,5369.0,283.0,0.0,1280.0,462.0
2021-04-14 23:30:00+01:00,2298.0,17068.0,0.0,0.0,0.0,384.0,5374.0,273.0,0.0,1219.0,492.0
2021-04-15 00:00:00+01:00,2274.0,16495.0,0.0,0.0,0.0,341.0,5376.0,142.0,0.0,1239.0,501.0
2021-04-15 00:30:00+01:00,2298.0,16064.0,0.0,0.0,0.0,345.0,5369.0,142.0,0.0,1198.0,489.0
2021-04-15 01:00:00+01:00,2299.0,16056.0,0.0,0.0,0.0,344.0,5367.0,143.0,2.0,1095.0,538.0
2021-04-15 01:30:00+01:00,2296.0,16692.0,0.0,0.0,0.0,344.0,5368.0,140.0,3.0,1072.0,544.0
2021-04-15 02:00:00+01:00,2298.0,16868.0,0.0,0.0,0.0,327.0,5358.0,141.0,2.0,1139.0,518.0
2021-04-15 02:30:00+01:00,2289.0,16660.0,0.0,0.0,0.0,325.0,5356.0,141.0,1.0,1194.0,505.0
2021-04-15 03:00:00+01:00,2266.0,16295.0,0.0,0.0,0.0,325.0,5350.0,143.0,0.0,1209.0,439.0
2021-04-15 03:30:00+01:00,2270.0,16182.0,0.0,0.0,0.0,320.0,5360.0,140.0,1.0,1356.0,431.0
2021-04-15 04:00:00+01:00,2273.0,16530.0,0.0,0.0,0.0,299.0,5361.0,141.0,1.0,1289.0,422.0
2021-04-15 04:30:00+01:00,2272.0,16607.0,0.0,0.0,0.0,297.0,5359.0,142.0,0.0,1398.0,443.0
2021-04-15 05:00:00+01:00,2268.0,17404.0,34.0,0.0,0.0,316.0,5364.0,141.0,0.0,1487.0,479.0
2021-04-15 05:30:00+01:00,2223.0,18331.0,297.0,0.0,0.0,315.0,5359.0,145.0,1.0,1544.0,473.0
2021-04-15 06:00:00+01:00,2269.0,18734.0,625.0,0.0,46.0,361.0,5369.0,148.0,20.0,1680.0,583.0
2021-04-15 06:30:00+01:00,2274.0,19524.0,1148.0,0.0,477.0,413.0,5365.0,202.0,318.0,1763.0,589.0
2021-04-15 07:00:00+01:00,2264.0,19642.0,1472.0,0.0,478.0,590.0,5367.0,282.0,937.0,1728.0,608.0
2021-04-15 07:30:00+01:00,2262.0,21048.0,1486.0,0.0,598.0,613.0,5365.0,344.0,1720.0,1916.0,605.0
2021-04-15 08:00:00+01:00,2268.0,20944.0,1492.0,0.0,446.0,587.0,5363.0,328.0,2580.0,2006.0,566.0
2021-04-15 08:30:00+01:00,2206.0,20789.0,1487.0,0.0,152.0,568.0,5373.0,291.0,3420.0,1882.0,558.0
2021-04-15 09:00:00+01:00,2196.0,20175.0,1487.0,0.0,171.0,515.0,5373.0,242.0,4190.0,1992.0,588.0
2021-04-15 09:30:00+01:00,2185.0,19903.0,1082.0,0.0,0.0,491.0,5361.0,172.0,4810.0,2079.0,588.0
2021-04-15 10:00:00+01:00,2111.0,19462.0,1015.0,0.0,116.0,448.0,5362.0,179.0,5480.0,2006.0,664.0
2021-04-15 10:30:00+01:00,2139.0,19294.0,689.0,0.0,0.0,421.0,5377.0,167.0,6220.0,1992.0,661.0
2021-04-15 11:00:00+01:00,2143.0,18896.0,692.0,0.0,0.0,372.0,5360.0,170.0,6800.0,2052.0,716.0
2021-04-15 11:30:00+01:00,2227.0,18307.0,701.0,0.0,0.0,372.0,5376.0,148.0,7160.0,2033.0,712.0
2021-04-15 12:00:00+01:00,2247.0,18739.0,688.0,0.0,0.0,355.0,5358.0,148.0,7410.0,2041.0,747.0
2021-04-15 12:30:00+01:00,2192.0,18781.0,686.0,0.0,0.0,341.0,5344.0,145.0,7290.0,1827.0,748.0
2021-04-15 13:00:00+01:00,2196.0,18276.0,693.0,0.0,0.0,308.0,5354.0,141.0,7230.0,1705.0,781.0
2021-04-15 13:30:00+01:00,2198.0,17416.0,693.0,0.0,0.0,307.0,5352.0,143.0,6870.0,1744.0,780.0
2021-04-15 14:00:00+01:00,2176.0,17545.0,691.0,0.0,0.0,307.0,5362.0,141.0,6330.0,1727.0,829.0
2021-04-15 14:30:00+01:00,2176.0,17401.0,688.0,0.0,0.0,307.0,5360.0,141.0,5890.0,1706.0,883.0
2021-04-15 15:00:00+01:00,2126.0,17815.0,661.0,0.0,0.0,308.0,5358.0,142.0,5400.0,1582.0,939.0
2021-04-15 15:30:00+01:00,2125.0,18350.0,431.0,0.0,0.0,324.0,5353.0,143.0,4880.0,1477.0,966.0
2021-04-15 16:00:00+01:00,2126.0,19201.0,229.0,0.0,0.0,367.0,5365.0,170.0,4170.0,1450.0,1036.0
2021-04-15 16:30:00+01:00,2124.0,20078.0,359.0,0.0,0.0,440.0,5355.0,207.0,3340.0,1437.0,1059.0
2021-04-15 17:00:00+01:00,2117.0,20516.0,446.0,0.0,299.0,683.0,5382.0,244.0,2710.0,1496.0,1205.0
2021-04-15 17:30:00+01:00,2129.0,20756.0,454.0,0.0,689.0,684.0,5366.0,274.0,2140.0,1507.0,1228.0
2021-04-15 18:00:00+01:00,2121.0,20676.0,446.0,0.0,974.0,683.0,5360.0,287.0,1580.0,1560.0,1285.0
2021-04-15 18:30:00+01:00,2134.0,20773.0,450.0,0.0,899.0,694.0,5361.0,282.0,981.0,1555.0,1297.0
2021-04-15 19:00:00+01:00,2075.0,20775.0,423.0,0.0,1050.0,693.0,5358.0,291.0,513.0,1616.0,1226.0
2021-04-15 19:30:00+01:00,2076.0,20760.0,446.0,0.0,1296.0,655.0,5358.0,281.0,113.0,1575.0,1243.0
2021-04-15 20:00:00+01:00,2087.0,20926.0,447.0,0.0,975.0,591.0,5357.0,276.0,2.0,1534.0,1208.0
2021-04-15 20:30:00+01:00,2076.0,21025.0,420.0,0.0,989.0,586.0,5354.0,226.0,0.0,1485.0,1218.0
2021-04-15 21:00:00+01:00,2073.0,21041.0,416.0,0.0,734.0,448.0,5357.0,200.0,0.0,1415.0,1124.0
2021-04-15 21:30:00+01:00,2075.0,20612.0,473.0,0.0,148.0,410.0,5360.0,192.0,0.0,1407.0,1088.0
2021-04-15 22:00:00+01:00,2075.0,19530.0,202.0,0.0,411.0,406.0,5351.0,147.0,0.0,1323.0,1069.0
2021-04-15 22:30:00+01:00,2064.0,17119.0,0.0,0.0,971.0,398.0,5354.0,144.0,0.0,1284.0,1044.0
2021-04-15 23:00:00+01:00,2103.0,16463.0,0.0,0.0,33.0,398.0,5365.0,146.0,1.0,1273.0,1038.0
2021-04-15 23:30:00+01:00,2096.0,15182.0,0.0,0.0,0.0,376.0,5371.0,143.0,0.0,1187.0,1038.0
2021-04-16 00:00:00+01:00,2098.0,14663.0,0.0,0.0,0.0,332.0,5361.0,147.0,0.0,1175.0,1028.0
2021-04-16 00:30:00+01:00,2087.0,14567.0,0.0,0.0,0.0,335.0,5361.0,142.0,0.0,1168.0,1025.0
2021-04-16 01:00:00+01:00,2084.0,14430.0,0.0,0.0,0.0,335.0,5347.0,140.0,5.0,1172.0,1099.0
2021-04-16 01:30:00+01:00,2095.0,14714.0,0.0,0.0,0.0,336.0,5349.0,142.0,4.0,1101.0,1127.0
2021-04-16 02:00:00+01:00,2093.0,15056.0,0.0,0.0,0.0,317.0,5345.0,141.0,3.0,1031.0,1171.0
2021-04-16 02:30:00+01:00,2090.0,14845.0,0.0,0.0,0.0,317.0,5341.0,140.0,0.0,983.0,1167.0
2021-04-16 03:00:00+01:00,2092.0,14836.0,0.0,0.0,0.0,317.0,5340.0,141.0,0.0,917.0,1102.0
2021-04-16 03:30:00+01:00,2180.0,14631.0,0.0,0.0,0.0,315.0,5340.0,140.0,0.0,856.0,1124.0
2021-04-16 04:00:00+01:00,2187.0,14831.0,0.0,0.0,0.0,295.0,5335.0,141.0,0.0,820.0,1071.0
2021-04-16 04:30:00+01:00,2186.0,14880.0,0.0,0.0,0.0,293.0,5346.0,140.0,1.0,785.0,1112.0
2021-04-16 05:00:00+01:00,2278.0,14991.0,5.0,0.0,0.0,316.0,5351.0,144.0,0.0,769.0,1129.0
2021-04-16 05:30:00+01:00,2310.0,15485.0,195.0,0.0,386.0,328.0,5356.0,141.0,1.0,731.0,1113.0
2021-04-16 06:00:00+01:00,2410.0,16268.0,658.0,0.0,34.0,415.0,5354.0,250.0,23.0,690.0,1141.0
2021-04-16 06:30:00+01:00,2567.0,16589.0,1184.0,0.0,687.0,429.0,5223.0,251.0,306.0,689.0,1136.0
2021-04-16 07:00:00+01:00,2709.0,17230.0,1432.0,0.0,112.0,732.0,5081.0,217.0,866.0,684.0,1070.0
2021-04-16 07:30:00+01:00,2817.0,17722.0,1482.0,0.0,1134.0,821.0,4934.0,363.0,1610.0,707.0,1033.0
2021-04-16 08:00:00+01:00,2820.0,17713.0,1484.0,0.0,1300.0,826.0,4808.0,437.0,2440.0,730.0,924.0
2021-04-16 08:30:00+01:00,2739.0,17716.0,1479.0,0.0,1292.0,825.0,4815.0,405.0,3230.0,679.0,900.0
2021-04-16 09:00:00+01:00,2711.0,18010.0,1493.0,0.0,858.0,745.0,4779.0,389.0,3950.0,660.0,839.0
2021-04-16 09:30:00+01:00,2702.0,18012.0,1490.0,0.0,357.0,515.0,4793.0,399.0,4750.0,641.0,789.0
2021-04-16 10:00:00+01:00,2717.0,17839.0,1486.0,0.0,302.0,470.0,4780.0,270.0,5290.0,684.0,842.0
2021-04-16 10:30:00+01:00,2786.0,17723.0,1477.0,0.0,151.0,429.0,4764.0,152.0,5790.0,680.0,876.0
2021-04-16 11:00:00+01:00,2783.0,17504.0,1477.0,0.0,155.0,429.0,4759.0,175.0,6140.0,684.0,929.0
2021-04-16 11:30:00+01:00,2871.0,17236.0,1487.0,0.0,47.0,422.0,4757.0,178.0,6410.0,728.0,957.0
2021-04-16 12:00:00+01:00,2866.0,16920.0,1490.0,0.0,0.0,449.0,4763.0,303.0,6430.0,770.0,1029.0
2021-04-16 12:30:00+01:00,2871.0,17044.0,1474.0,0.0,0.0,450.0,4757.0,270.0,6520.0,826.0,1097.0
2021-04-16 13:00:00+01:00,2867.0,16878.0,1168.0,0.0,0.0,393.0,4758.0,174.0,6430.0,853.0,1260.0
2021-04-16 13:30:00+01:00,2873.0,16692.0,730.0,0.0,0.0,289.0,4760.0,142.0,6440.0,917.0,1312.0
2021-04-16 14:00:00+01:00,2862.0,15664.0,765.0,0.0,0.0,290.0,4762.0,144.0,6280.0,983.0,1354.0
2021-04-16 14:30:00+01:00,2851.0,15049.0,1000.0,0.0,0.0,292.0,4752.0,142.0,5910.0,1020.0,1418.0
2021-04-16 15:00:00+01:00,2614.0,15243.0,836.0,0.0,0.0,292.0,4760.0,141.0,5470.0,1122.0,1514.0
2021-04-16 15:30:00+01:00,2624.0,15348.0,688.0,0.0,0.0,313.0,4763.0,141.0,5010.0,1229.0,1544.0
2021-04-16 16:00:00+01:00,2629.0,15350.0,700.0,0.0,0.0,332.0,4767.0,177.0,4380.0,1308.0,1592.0
2021-04-16 16:30:00+01:00,2636.0,16005.0,828.0,0.0,90.0,367.0,4757.0,211.0,3610.0,1376.0,1513.0
2021-04-16 17:00:00+01:00,2633.0,17078.0,1090.0,0.0,265.0,561.0,4763.0,211.0,2950.0,1395.0,1525.0
2021-04-16 17:30:00+01:00,2871.0,17454.0,1330.0,0.0,599.0,594.0,4761.0,207.0,2260.0,1397.0,1551.0
2021-04-16 18:00:00+01:00,2871.0,17432.0,1361.0,0.0,871.0,689.0,4768.0,234.0,1570.0,1446.0,1519.0
2021-04-16 18:30:00+01:00,2812.0,17489.0,1246.0,0.0,1796.0,691.0,4764.0,248.0,956.0,1441.0,1499.0
2021-04-16 19:00:00+01:00,2821.0,17481.0,1325.0,0.0,1465.0,646.0,4756.0,330.0,477.0,1408.0,1349.0
2021-04-16 19:30:00+01:00,2833.0,17591.0,1403.0,0.0,1446.0,606.0,4746.0,387.0,99.0,1326.0,1324.0
2021-04-16 20:00:00+01:00,2848.0,17389.0,1475.0,0.0,1614.0,579.0,4746.0,351.0,2.0,1349.0,1209.0
2021-04-16 20:30:00+01:00,2875.0,17635.0,1483.0,0.0,1372.0,575.0,4751.0,357.0,0.0,1328.0,1180.0
2021-04-16 21:00:00+01:00,2848.0,17500.0,1480.0,0.0,1521.0,475.0,4759.0,308.0,0.0,1217.0,1090.0
2021-04-16 21:30:00+01:00,2877.0,17558.0,1405.0,0.0,322.0,434.0,4747.0,291.0,1.0,1165.0,1028.0
2021-04-16 22:00:00+01:00,2701.0,17274.0,1223.0,0.0,21.0,397.0,4749.0,173.0,0.0,1128.0,924.0
2021-04-16 22:30:00+01:00,2036.0,17025.0,868.0,0.0,95.0,411.0,4752.0,161.0,0.0,1103.0,933.0
2021-04-16 23:00:00+01:00,1399.0,16731.0,691.0,0.0,0.0,382.0,4758.0,149.0,0.0,1098.0,800.0
2021-04-16 23:30:00+01:00,1243.0,15501.0,504.0,0.0,0.0,361.0,4764.0,142.0,0.0,1137.0,768.0
2021-04-17 00:00:00+01:00,1226.0,15287.0,232.0,0.0,0.0,359.0,4774.0,141.0,0.0,1082.0,681.0
2021-04-17 00:30:00+01:00,1232.0,15247.0,0.0,0.0,0.0,341.0,4760.0,142.0,0.0,1054.0,685.0
2021-04-17 01:00:00+01:00,1245.0,15193.0,0.0,0.0,0.0,340.0,4755.0,140.0,0.0,991.0,641.0
2021-04-17 01:30:00+01:00,1242.0,15530.0,0.0,0.0,0.0,342.0,4759.0,145.0,0.0,873.0,622.0
2021-04-17 02:00:00+01:00,1278.0,15822.0,0.0,0.0,0.0,313.0,4750.0,145.0,0.0,859.0,599.0
2021-04-17 02:30:00+01:00,1296.0,15827.0,0.0,0.0,0.0,300.0,4749.0,144.0,0.0,872.0,582.0
2021-04-17 03:00:00+01:00,1300.0,15734.0,0.0,0.0,0.0,300.0,4741.0,145.0,0.0,866.0,517.0
2021-04-17 03:30:00+01:00,1302.0,15826.0,0.0,0.0,0.0,297.0,4735.0,144.0,0.0,828.0,493.0
2021-04-17 04:00:00+01:00,1324.0,15726.0,0.0,0.0,0.0,294.0,4736.0,146.0,0.0,770.0,480.0
2021-04-17 04:30:00+01:00,1310.0,15941.0,0.0,0.0,0.0,293.0,4748.0,144.0,0.0,770.0,488.0
2021-04-17 05:00:00+01:00,1306.0,15529.0,0.0,0.0,0.0,310.0,4749.0,141.0,0.0,51.0,308.0
2021-04-17 05:30:00+01:00,1303.0,15531.0,0.0,0.0,0.0,309.0,4745.0,140.0,1.0,831.0,495.0
2021-04-17 06:00:00+01:00,1291.0,15705.0,0.0,0.0,0.0,353.0,4744.0,144.0,33.0,907.0,535.0
2021-04-17 06:30:00+01:00,1304.0,15878.0,0.0,0.0,0.0,371.0,4748.0,142.0,358.0,918.0,580.0
2021-04-17 07:00:00+01:00,1459.0,16199.0,0.0,0.0,119.0,525.0,4741.0,195.0,982.0,946.0,598.0
2021-04-17 07:30:00+01:00,1497.0,16387.0,0.0,0.0,0.0,596.0,4762.0,329.0,1740.0,957.0,636.0
2021-04-17 08:00:00+01:00,1556.0,16622.0,0.0,0.0,242.0,599.0,4757.0,332.0,2570.0,889.0,529.0
2021-04-17 08:30:00+01:00,1459.0,16670.0,0.0,0.0,467.0,555.0,4760.0,269.0,3430.0,877.0,476.0
2021-04-17 09:00:00+01:00,1452.0,16492.0,0.0,0.0,294.0,445.0,4756.0,227.0,4270.0,865.0,534.0
2021-04-17 09:30:00+01:00,1269.0,16075.0,0.0,0.0,189.0,427.0,4761.0,144.0,5150.0,867.0,622.0
2021-04-17 10:00:00+01:00,1286.0,15415.0,0.0,0.0,149.0,395.0,4758.0,153.0,6030.0,883.0,714.0
2021-04-17 10:30:00+01:00,1277.0,15027.0,0.0,0.0,149.0,377.0,4757.0,147.0,6800.0,884.0,778.0
2021-04-17 11:00:00+01:00,985.0,14494.0,0.0,0.0,2.0,376.0,4754.0,148.0,7360.0,913.0,904.0
2021-04-17 11:30:00+01:00,980.0,13549.0,0.0,0.0,0.0,385.0,4741.0,148.0,7930.0,913.0,996.0
2021-04-17 12:00:00+01:00,985.0,13105.0,0.0,0.0,0.0,338.0,4731.0,148.0,8250.0,917.0,1166.0
2021-04-17 12:30:00+01:00,982.0,12600.0,0.0,0.0,0.0,321.0,4724.0,147.0,8400.0,901.0,1277.0
2021-04-17 13:00:00+01:00,975.0,11872.0,0.0,0.0,0.0,267.0,4734.0,147.0,8370.0,918.0,1494.0
2021-04-17 13:30:00+01:00,978.0,11388.0,0.0,0.0,0.0,266.0,4739.0,151.0,8370.0,969.0,1619.0
2021-04-17 14:00:00+01:00,987.0,10503.0,0.0,0.0,0.0,269.0,4732.0,146.0,8090.0,1050.0,1813.0
2021-04-17 14:30:00+01:00,986.0,10309.0,0.0,0.0,0.0,265.0,4722.0,142.0,7800.0,77.0,592.0
2021-04-17 15:00:00+01:00,939.0,9644.0,0.0,0.0,0.0,259.0,4712.0,148.0,7270.0,1261.0,1885.0
2021-04-17 15:30:00+01:00,975.0,10536.0,0.0,0.0,0.0,283.0,4729.0,142.0,6650.0,1386.0,1961.0
2021-04-17 16:00:00+01:00,972.0,10907.0,0.0,0.0,187.0,297.0,4724.0,151.0,5820.0,1451.0,2103.0
2021-04-17 16:30:00+01:00,963.0,12648.0,92.0,0.0,0.0,310.0,4739.0,143.0,4930.0,1497.0,2181.0
2021-04-17 17:00:00+01:00,963.0,13720.0,262.0,0.0,239.0,503.0,4734.0,147.0,4080.0,1426.0,2377.0
2021-04-17 17:30:00+01:00,975.0,14774.0,666.0,0.0,276.0,562.0,4746.0,171.0,3130.0,1440.0,2356.0
2021-04-17 18:00:00+01:00,978.0,15312.0,826.0,0.0,719.0,600.0,4737.0,201.0,2240.0,1422.0,2299.0
2021-04-17 18:30:00+01:00,977.0,15699.0,1179.0,0.0,1225.0,606.0,4745.0,237.0,1380.0,1416.0,2246.0
2021-04-17 19:00:00+01:00,974.0,16018.0,1455.0,0.0,899.0,608.0,4731.0,406.0,694.0,1364.0,2134.0
2021-04-17 19:30:00+01:00,976.0,16241.0,1437.0,0.0,899.0,616.0,4733.0,426.0,156.0,1380.0,1997.0
2021-04-17 20:00:00+01:00,955.0,16566.0,1479.0,0.0,995.0,574.0,4725.0,427.0,1.0,1342.0,1866.0
2021-04-17 20:30:00+01:00,959.0,16680.0,1482.0,0.0,1164.0,584.0,4721.0,425.0,0.0,1219.0,1850.0
2021-04-17 21:00:00+01:00,975.0,16685.0,1486.0,0.0,912.0,480.0,4724.0,422.0,0.0,1012.0,1915.0
2021-04-17 21:30:00+01:00,1016.0,16546.0,1485.0,0.0,25.0,451.0,4730.0,387.0,1.0,1019.0,1927.0
2021-04-17 22:00:00+01:00,1023.0,16073.0,1296.0,0.0,0.0,423.0,4731.0,332.0,0.0,1003.0,2047.0
2021-04-17 22:30:00+01:00,1146.0,15335.0,1053.0,0.0,0.0,415.0,4730.0,207.0,0.0,1018.0,2112.0
2021-04-17 23:00:00+01:00,1348.0,14053.0,719.0,0.0,0.0,396.0,4732.0,162.0,0.0,983.0,2103.0
2021-04-17 23:30:00+01:00,1342.0,13395.0,344.0,0.0,0.0,374.0,4731.0,141.0,0.0,947.0,2100.0
2021-04-18 00:00:00+01:00,1357.0,13081.0,0.0,0.0,0.0,280.0,4728.0,142.0,0.0,897.0,2114.0
2021-04-18 00:30:00+01:00,1364.0,12754.0,0.0,0.0,0.0,260.0,4741.0,142.0,0.0,857.0,2146.0
2021-04-18 01:00:00+01:00,1361.0,12993.0,0.0,0.0,0.0,260.0,4748.0,140.0,2.0,841.0,2215.0
2021-04-18 01:30:00+01:00,1366.0,13080.0,0.0,0.0,0.0,264.0,4738.0,142.0,2.0,864.0,2225.0
2021-04-18 02:00:00+01:00,1363.0,13380.0,0.0,0.0,0.0,264.0,4736.0,140.0,1.0,855.0,2195.0
2021-04-18 02:30:00+01:00,1016.0,13399.0,0.0,0.0,0.0,278.0,4728.0,189.0,1.0,890.0,2278.0
2021-04-18 03:00:00+01:00,1012.0,13265.0,0.0,0.0,0.0,279.0,4733.0,188.0,0.0,917.0,2191.0
2021-04-18 03:30:00+01:00,1318.0,12875.0,0.0,0.0,0.0,278.0,4728.0,150.0,2.0,932.0,2257.0
2021-04-18 04:00:00+01:00,1412.0,12727.0,0.0,0.0,0.0,245.0,4719.0,140.0,1.0,957.0,2226.0
2021-04-18 04:30:00+01:00,1336.0,12577.0,0.0,0.0,0.0,242.0,4725.0,139.0,0.0,914.0,2280.0
2021-04-18 05:00:00+01:00,1361.0,12698.0,0.0,0.0,0.0,241.0,4735.0,139.0,0.0,886.0,2229.0
2021-04-18 05:30:00+01:00,1402.0,12630.0,0.0,0.0,0.0,240.0,4733.0,142.0,0.0,893.0,2296.0
2021-04-18 06:00:00+01:00,1417.0,12835.0,0.0,0.0,0.0,285.0,4730.0,140.0,43.0,906.0,2257.0
2021-04-18 06:30:00+01:00,1458.0,12534.0,0.0,0.0,0.0,284.0,4734.0,145.0,355.0,838.0,2191.0
2021-04-18 07:00:00+01:00,1540.0,12636.0,0.0,0.0,0.0,361.0,4741.0,244.0,858.0,846.0,2114.0
2021-04-18 07:30:00+01:00,1401.0,13156.0,0.0,0.0,0.0,362.0,4736.0,247.0,1540.0,863.0,2139.0
2021-04-18 08:00:00+01:00,1371.0,13325.0,0.0,0.0,0.0,412.0,4733.0,217.0,2290.0,891.0,2068.0
2021-04-18 08:30:00+01:00,1098.0,13867.0,0.0,0.0,0.0,453.0,4736.0,217.0,2880.0,873.0,2057.0
2021-04-18 09:00:00+01:00,1111.0,13959.0,0.0,0.0,0.0,429.0,4746.0,240.0,3710.0,816.0,2059.0
2021-04-18 09:30:00+01:00,1111.0,14082.0,0.0,0.0,0.0,428.0,4747.0,229.0,4530.0,797.0,2003.0
2021-04-18 10:00:00+01:00,1110.0,13988.0,0.0,0.0,0.0,414.0,4746.0,218.0,5270.0,773.0,2008.0
2021-04-18 10:30:00+01:00,1110.0,13982.0,0.0,0.0,0.0,394.0,4743.0,146.0,5920.0,748.0,1980.0
2021-04-18 11:00:00+01:00,1106.0,13658.0,0.0,0.0,0.0,376.0,4739.0,146.0,6550.0,725.0,2079.0
2021-04-18 11:30:00+01:00,1105.0,13513.0,0.0,0.0,0.0,363.0,4741.0,143.0,7160.0,712.0,2059.0
2021-04-18 12:00:00+01:00,1109.0,13285.0,0.0,0.0,0.0,363.0,4727.0,145.0,7460.0,715.0,2142.0
2021-04-18 12:30:00+01:00,1109.0,13183.0,0.0,0.0,0.0,345.0,4715.0,143.0,7600.0,677.0,2056.0
2021-04-18 13:00:00+01:00,1105.0,13292.0,0.0,0.0,0.0,264.0,4715.0,143.0,7520.0,623.0,1987.0
2021-04-18 13:30:00+01:00,1104.0,13012.0,0.0,0.0,0.0,241.0,4720.0,142.0,7380.0,602.0,1957.0
2021-04-18 14:00:00+01:00,1103.0,13241.0,0.0,0.0,0.0,241.0,4721.0,145.0,7190.0,576.0,1801.0
2021-04-18 14:30:00+01:00,1102.0,13391.0,0.0,0.0,0.0,242.0,4706.0,143.0,6840.0,568.0,1714.0
2021-04-18 15:00:00+01:00,1101.0,13387.0,0.0,0.0,0.0,241.0,4713.0,143.0,6240.0,541.0,1686.0
2021-04-18 15:30:00+01:00,1104.0,13725.0,15.0,0.0,0.0,250.0,4714.0,141.0,5600.0,518.0,1691.0
2021-04-18 16:00:00+01:00,1105.0,14748.0,207.0,0.0,0.0,282.0,4717.0,143.0,4930.0,483.0,1690.0
2021-04-18 16:30:00+01:00,1099.0,16027.0,442.0,0.0,147.0,323.0,4724.0,143.0,4190.0,435.0,1614.0
2021-04-18 17:00:00+01:00,1103.0,17407.0,829.0,0.0,212.0,515.0,4725.0,147.0,3450.0,400.0,1553.0
2021-04-18 17:30:00+01:00,1105.0,18355.0,1238.0,0.0,276.0,531.0,4726.0,167.0,2670.0,397.0,1473.0
2021-04-18 18:00:00+01:00,1092.0,18815.0,1242.0,0.0,959.0,592.0,4730.0,194.0,1920.0,377.0,1364.0
2021-04-18 18:30:00+01:00,1076.0,19306.0,1240.0,0.0,1116.0,637.0,4728.0,392.0,1160.0,364.0,1312.0
2021-04-18 19:00:00+01:00,1129.0,19275.0,1239.0,0.0,1200.0,696.0,4724.0,393.0,527.0,332.0,1163.0
2021-04-18 19:30:00+01:00,1135.0,19434.0,1196.0,0.0,1416.0,698.0,4726.0,395.0,97.0,280.0,1095.0
2021-04-18 20:00:00+01:00,1139.0,19453.0,1162.0,0.0,1497.0,644.0,4725.0,387.0,1.0,255.0,977.0
2021-04-18 20:30:00+01:00,1136.0,19742.0,1213.0,0.0,1497.0,622.0,4728.0,373.0,0.0,243.0,944.0
2021-04-18 21:00:00+01:00,1137.0,19575.0,1411.0,0.0,1362.0,616.0,4721.0,299.0,0.0,216.0,944.0
2021-04-18 21:30:00+01:00,1166.0,19509.0,1482.0,0.0,17.0,594.0,4718.0,152.0,0.0,216.0,953.0
2021-04-18 22:00:00+01:00,1165.0,18520.0,1204.0,0.0,29.0,419.0,4723.0,148.0,0.0,234.0,984.0
2021-04-18 22:30:00+01:00,1157.0,16851.0,786.0,0.0,226.0,431.0,4709.0,147.0,0.0,226.0,1024.0
2021-04-18 23:00:00+01:00,1167.0,16427.0,284.0,0.0,0.0,395.0,4723.0,143.0,1.0,235.0,1017.0
2021-04-18 23:30:00+01:00,1166.0,15920.0,0.0,0.0,0.0,336.0,4718.0,139.0,0.0,308.0,1040.0
2021-04-19 00:00:00+01:00,1168.0,15686.0,0.0,0.0,0.0,280.0,4722.0,140.0,0.0,329.0,1113.0
2021-04-19 00:30:00+01:00,1182.0,15437.0,0.0,0.0,0.0,280.0,4729.0,141.0,0.0,362.0,1216.0
2021-04-19 01:00:00+01:00,1176.0,15463.0,0.0,0.0,71.0,280.0,4726.0,142.0,0.0,353.0,1404.0
2021-04-19 01:30:00+01:00,1172.0,15817.0,0.0,0.0,0.0,280.0,4724.0,140.0,0.0,332.0,1500.0
2021-04-19 02:00:00+01:00,1176.0,16198.0,0.0,0.0,0.0,281.0,4740.0,140.0,0.0,315.0,1570.0
2021-04-19 02:30:00+01:00,1156.0,16257.0,0.0,0.0,0.0,281.0,4724.0,140.0,1.0,349.0,1531.0
2021-04-19 03:00:00+01:00,1162.0,16181.0,0.0,0.0,0.0,281.0,4725.0,143.0,0.0,357.0,1492.0
2021-04-19 03:30:00+01:00,1189.0,16591.0,0.0,0.0,0.0,281.0,4728.0,140.0,0.0,379.0,1430.0
2021-04-19 04:00:00+01:00,1224.0,16555.0,0.0,0.0,0.0,262.0,4711.0,143.0,0.0,389.0,1433.0
2021-04-19 04:30:00+01:00,1253.0,16931.0,0.0,0.0,0.0,260.0,4712.0,140.0,0.0,394.0,1457.0
2021-04-19 05:00:00+01:00,1284.0,16959.0,132.0,0.0,0.0,261.0,4715.0,153.0,0.0,413.0,1436.0
2021-04-19 05:30:00+01:00,1503.0,17088.0,481.0,0.0,0.0,283.0,4715.0,143.0,0.0,421.0,1422.0
2021-04-19 06:00:00+01:00,1788.0,17873.0,906.0,0.0,0.0,361.0,4719.0,148.0,36.0,462.0,1516.0
2021-04-19 06:30:00+01:00,2132.0,19420.0,1121.0,0.0,0.0,383.0,4724.0,202.0,324.0,530.0,1484.0
2021-04-19 07:00:00+01:00,2425.0,19766.0,1104.0,0.0,491.0,515.0,4721.0,277.0,842.0,543.0,1540.0
2021-04-19 07:30:00+01:00,2462.0,20126.0,1065.0,0.0,883.0,520.0,4726.0,369.0,1510.0,528.0,1529.0
2021-04-19 08:00:00+01:00,2464.0,20154.0,1284.0,0.0,689.0,461.0,4719.0,406.0,2270.0,523.0,1480.0
2021-04-19 08:30:00+01:00,2469.0,20050.0,1456.0,0.0,596.0,461.0,4715.0,347.0,3090.0,556.0,1508.0
2021-04-19 09:00:00+01:00,2474.0,20035.0,1491.0,0.0,72.0,434.0,4735.0,268.0,3950.0,537.0,1563.0
2021-04-19 09:30:00+01:00,2461.0,19604.0,1492.0,0.0,0.0,432.0,4734.0,143.0,4900.0,519.0,1611.0
2021-04-19 10:00:00+01:00,2467.0,19584.0,1476.0,0.0,0.0,392.0,4729.0,143.0,5800.0,489.0,1681.0
2021-04-19 10:30:00+01:00,2455.0,19349.0,1496.0,0.0,0.0,348.0,4719.0,141.0,6660.0,512.0,1741.0
2021-04-19 11:00:00+01:00,2429.0,18703.0,1479.0,0.0,0.0,330.0,4713.0,142.0,7280.0,511.0,1887.0
2021-04-19 11:30:00+01:00,2433.0,18854.0,1348.0,0.0,0.0,309.0,4720.0,144.0,7890.0,503.0,1943.0
2021-04-19 12:00:00+01:00,2431.0,18363.0,1212.0,0.0,0.0,301.0,4704.0,142.0,8260.0,521.0,2150.0
2021-04-19 12:30:00+01:00,2431.0,18006.0,1189.0,0.0,0.0,296.0,4692.0,141.0,8470.0,497.0,2245.0
2021-04-19 13:00:00+01:00,2422.0,17480.0,692.0,0.0,0.0,279.0,4679.0,141.0,8540.0,498.0,2285.0
2021-04-19 13:30:00+01:00,2211.0,16960.0,691.0,0.0,3.0,283.0,4684.0,142.0,8430.0,463.0,2272.0
2021-04-19 14:00:00+01:00,2206.0,16933.0,686.0,0.0,16.0,284.0,4691.0,146.0,8190.0,464.0,2306.0
2021-04-19 14:30:00+01:00,2206.0,17034.0,690.0,0.0,21.0,283.0,4698.0,141.0,7790.0,441.0,2245.0
2021-04-19 15:00:00+01:00,2228.0,17130.0,691.0,0.0,0.0,283.0,4697.0,141.0,7250.0,419.0,2205.0
2021-04-19 15:30:00+01:00,2430.0,17569.0,691.0,0.0,0.0,292.0,4687.0,143.0,6550.0,360.0,2175.0
2021-04-19 16:00:00+01:00,2425.0,18209.0,722.0,0.0,0.0,310.0,4689.0,186.0,5700.0,375.0,2171.0
2021-04-19 16:30:00+01:00,2430.0,18862.0,1012.0,0.0,0.0,323.0,4688.0,203.0,4489.0,459.0,2184.0
2021-04-19 17:00:00+01:00,2427.0,18893.0,1078.0,0.0,277.0,485.0,4697.0,193.0,3890.0,530.0,2103.0
2021-04-19 17:30:00+01:00,2420.0,20164.0,1170.0,0.0,0.0,511.0,4693.0,223.0,2940.0,462.0,1989.0
2021-04-19 18:00:00+01:00,2430.0,20161.0,1340.0,0.0,231.0,534.0,4696.0,331.0,2070.0,423.0,1838.0
2021-04-19 18:30:00+01:00,2410.0,20106.0,1475.0,0.0,1074.0,532.0,4694.0,366.0,1240.0,437.0,1725.0
2021-04-19 19:00:00+01:00,2408.0,19994.0,1487.0,0.0,900.0,529.0,4699.0,423.0,557.0,465.0,1490.0
2021-04-19 19:30:00+01:00,2402.0,20369.0,1485.0,0.0,688.0,545.0,4696.0,418.0,105.0,372.0,1438.0
2021-04-19 20:00:00+01:00,2399.0,20426.0,1483.0,0.0,770.0,565.0,4703.0,398.0,2.0,376.0,1308.0
2021-04-19 20:30:00+01:00,2373.0,20474.0,1484.0,0.0,900.0,557.0,4698.0,395.0,1.0,419.0,1299.0
2021-04-19 21:00:00+01:00,2327.0,21001.0,1480.0,0.0,548.0,550.0,4695.0,385.0,0.0,376.0,1105.0
2021-04-19 21:30:00+01:00,2407.0,20560.0,1465.0,0.0,0.0,518.0,4700.0,171.0,0.0,381.0,1099.0
2021-04-19 22:00:00+01:00,2403.0,20449.0,961.0,0.0,120.0,371.0,4698.0,144.0,0.0,340.0,1007.0
2021-04-19 22:30:00+01:00,2250.0,19546.0,648.0,0.0,0.0,432.0,4689.0,140.0,0.0,389.0,969.0
2021-04-19 23:00:00+01:00,1611.0,19719.0,217.0,0.0,83.0,363.0,4698.0,176.0,0.0,369.0,860.0
2021-04-19 23:30:00+01:00,1136.0,19571.0,0.0,0.0,0.0,361.0,4702.0,147.0,0.0,26.0,409.0
2021-04-20 00:00:00+01:00,1145.0,18788.0,0.0,0.0,0.0,332.0,4694.0,139.0,0.0,388.0,799.0
2021-04-20 00:30:00+01:00,1153.0,18291.0,0.0,0.0,0.0,331.0,4692.0,140.0,0.0,435.0,797.0
2021-04-20 01:00:00+01:00,1155.0,18262.0,0.0,0.0,0.0,325.0,4689.0,140.0,0.0,464.0,736.0
2021-04-20 01:30:00+01:00,1155.0,18606.0,0.0,0.0,0.0,327.0,4697.0,141.0,0.0,393.0,709.0
2021-04-20 02:00:00+01:00,1153.0,18656.0,0.0,0.0,0.0,330.0,4688.0,143.0,0.0,359.0,731.0
2021-04-20 02:30:00+01:00,1151.0,19122.0,0.0,0.0,0.0,327.0,4694.0,141.0,0.0,350.0,761.0
2021-04-20 03:00:00+01:00,1136.0,18859.0,0.0,0.0,0.0,325.0,4686.0,139.0,0.0,343.0,742.0
2021-04-20 03:30:00+01:00,1159.0,18805.0,0.0,0.0,0.0,323.0,4689.0,140.0,0.0,329.0,738.0
2021-04-20 04:00:00+01:00,1182.0,19187.0,0.0,0.0,0.0,305.0,4696.0,140.0,0.0,334.0,756.0
2021-04-20 04:30:00+01:00,1207.0,19426.0,0.0,0.0,0.0,303.0,4685.0,142.0,0.0,305.0,771.0
2021-04-20 05:00:00+01:00,1243.0,19673.0,23.0,0.0,0.0,304.0,4686.0,133.0,0.0,296.0,802.0
2021-04-20 05:30:00+01:00,1281.0,20283.0,283.0,0.0,0.0,323.0,4679.0,183.0,0.0,317.0,786.0
2021-04-20 06:00:00+01:00,1786.0,19522.0,721.0,0.0,0.0,371.0,4686.0,140.0,59.0,322.0,827.0
2021-04-20 06:30:00+01:00,2141.0,19213.0,1267.0,0.0,298.0,409.0,4686.0,189.0,374.0,304.0,911.0
2021-04-20 07:00:00+01:00,2350.0,20144.0,1425.0,0.0,692.0,449.0,4684.0,233.0,908.0,322.0,781.0
2021-04-20 07:30:00+01:00,2820.0,20565.0,1486.0,0.0,1246.0,465.0,4681.0,248.0,1550.0,316.0,710.0
2021-04-20 08:00:00+01:00,2752.0,20674.0,1482.0,0.0,913.0,473.0,4687.0,158.0,2300.0,315.0,620.0
2021-04-20 08:30:00+01:00,2739.0,20588.0,1485.0,0.0,194.0,473.0,4697.0,393.0,3100.0,219.0,519.0
2021-04-20 09:00:00+01:00,2734.0,20325.0,1468.0,0.0,0.0,471.0,4682.0,378.0,3890.0,198.0,501.0
2021-04-20 09:30:00+01:00,2760.0,20150.0,1220.0,0.0,0.0,460.0,4693.0,147.0,4680.0,148.0,491.0
2021-04-20 10:00:00+01:00,2773.0,20461.0,766.0,0.0,0.0,460.0,4689.0,143.0,5370.0,119.0,493.0
2021-04-20 10:30:00+01:00,2770.0,19988.0,695.0,0.0,0.0,446.0,4679.0,140.0,6140.0,152.0,522.0
2021-04-20 11:00:00+01:00,2762.0,19560.0,701.0,0.0,0.0,396.0,4670.0,140.0,6810.0,181.0,590.0
2021-04-20 11:30:00+01:00,2698.0,18999.0,680.0,0.0,0.0,355.0,4683.0,140.0,7160.0,22.0,349.0
2021-04-20 12:00:00+01:00,2738.0,18884.0,698.0,0.0,0.0,356.0,4089.0,140.0,7340.0,31.0,398.0
2021-04-20 12:30:00+01:00,2509.0,18972.0,711.0,0.0,0.0,342.0,4669.0,141.0,7270.0,391.0,766.0
2021-04-20 13:00:00+01:00,2482.0,18603.0,687.0,0.0,0.0,342.0,4671.0,141.0,6980.0,404.0,830.0
2021-04-20 13:30:00+01:00,2781.0,17944.0,688.0,0.0,0.0,343.0,4663.0,139.0,6680.0,40.0,438.0
2021-04-20 14:00:00+01:00,2787.0,17143.0,704.0,0.0,0.0,345.0,4656.0,142.0,6280.0,409.0,1015.0
2021-04-20 14:30:00+01:00,2561.0,16817.0,691.0,0.0,0.0,344.0,4669.0,141.0,5740.0,493.0,1071.0
2021-04-20 15:00:00+01:00,2688.0,17403.0,459.0,0.0,90.0,343.0,4660.0,140.0,5140.0,569.0,1242.0
2021-04-20 15:30:00+01:00,2737.0,17918.0,379.0,0.0,0.0,332.0,4660.0,141.0,4400.0,579.0,1191.0
2021-04-20 16:00:00+01:00,2944.0,19239.0,229.0,0.0,190.0,365.0,4664.0,170.0,3910.0,544.0,1332.0
2021-04-20 16:30:00+01:00,3041.0,20179.0,267.0,0.0,151.0,407.0,4662.0,257.0,3350.0,473.0,1436.0
2021-04-20 17:00:00+01:00,3060.0,20626.0,397.0,0.0,207.0,515.0,4670.0,336.0,2640.0,532.0,1561.0
2021-04-20 17:30:00+01:00,3034.0,20686.0,405.0,0.0,563.0,551.0,4667.0,378.0,2070.0,520.0,1602.0
2021-04-20 18:00:00+01:00,3023.0,20733.0,400.0,0.0,849.0,551.0,4669.0,417.0,1450.0,535.0,1709.0
2021-04-20 18:30:00+01:00,3037.0,20738.0,405.0,0.0,1169.0,551.0,4663.0,415.0,885.0,555.0,1737.0
2021-04-20 19:00:00+01:00,3039.0,20809.0,425.0,0.0,1019.0,558.0,4680.0,446.0,411.0,448.0,1715.0
2021-04-20 19:30:00+01:00,3045.0,20865.0,347.0,0.0,1201.0,559.0,4676.0,419.0,120.0,479.0,1627.0
2021-04-20 20:00:00+01:00,3045.0,21339.0,252.0,0.0,682.0,553.0,4677.0,367.0,15.0,445.0,1521.0
2021-04-20 20:30:00+01:00,3054.0,21251.0,331.0,0.0,325.0,534.0,4678.0,336.0,1.0,559.0,1481.0
2021-04-20 21:00:00+01:00,2863.0,21149.0,416.0,0.0,979.0,507.0,4671.0,379.0,0.0,523.0,1494.0
2021-04-20 21:30:00+01:00,2890.0,21001.0,330.0,0.0,68.0,492.0,4665.0,340.0,1.0,511.0,1532.0
2021-04-20 22:00:00+01:00,2767.0,20267.0,0.0,0.0,208.0,427.0,4669.0,145.0,1.0,492.0,1536.0
2021-04-20 22:30:00+01:00,2177.0,18970.0,0.0,0.0,0.0,416.0,4667.0,147.0,0.0,489.0,1575.0
2021-04-20 23:00:00+01:00,1733.0,17356.0,0.0,0.0,0.0,358.0,4673.0,139.0,0.0,509.0,1694.0
2021-04-20 23:30:00+01:00,1753.0,15721.0,0.0,0.0,0.0,358.0,4664.0,141.0,1.0,543.0,1691.0
2021-04-21 00:00:00+01:00,1772.0,15069.0,0.0,0.0,0.0,328.0,4665.0,144.0,0.0,645.0,1783.0
2021-04-21 00:30:00+01:00,1774.0,14526.0,0.0,0.0,0.0,327.0,4660.0,141.0,0.0,663.0,1697.0
2021-04-21 01:00:00+01:00,1693.0,14428.0,0.0,0.0,0.0,329.0,4662.0,143.0,1.0,671.0,1721.0
2021-04-21 01:30:00+01:00,1771.0,14608.0,0.0,0.0,0.0,281.0,4658.0,140.0,0.0,1102.0,1739.0
2021-04-21 02:00:00+01:00,1747.0,14475.0,0.0,0.0,0.0,352.0,4660.0,141.0,0.0,1274.0,1780.0
2021-04-21 02:30:00+01:00,1750.0,14042.0,0.0,0.0,0.0,352.0,4671.0,146.0,0.0,1478.0,1804.0
2021-04-21 03:00:00+01:00,1753.0,13976.0,0.0,0.0,0.0,353.0,4667.0,144.0,0.0,1631.0,1781.0
2021-04-21 03:30:00+01:00,1771.0,14264.0,0.0,0.0,0.0,353.0,4657.0,140.0,0.0,1458.0,1799.0
2021-04-21 04:00:00+01:00,1744.0,14330.0,0.0,0.0,0.0,330.0,4677.0,143.0,0.0,1839.0,1799.0
2021-04-21 04:30:00+01:00,1755.0,14343.0,0.0,0.0,0.0,331.0,4666.0,148.0,0.0,1866.0,1745.0
2021-04-21 05:00:00+01:00,1758.0,14483.0,0.0,0.0,0.0,331.0,4659.0,145.0,0.0,1714.0,1780.0
2021-04-21 05:30:00+01:00,1748.0,14606.0,0.0,0.0,0.0,343.0,4667.0,145.0,0.0,1991.0,1774.0
2021-04-21 06:00:00+01:00,2003.0,15005.0,0.0,0.0,0.0,394.0,4664.0,139.0,37.0,2421.0,1871.0
2021-04-21 06:30:00+01:00,2238.0,16074.0,0.0,0.0,0.0,415.0,4655.0,145.0,266.0,2774.0,1859.0
2021-04-21 07:00:00+01:00,2852.0,16798.0,0.0,0.0,387.0,507.0,4662.0,157.0,671.0,2701.0,1922.0
2021-04-21 07:30:00+01:00,3043.0,17252.0,40.0,0.0,611.0,510.0,4656.0,335.0,1220.0,2871.0,1915.0
2021-04-21 08:00:00+01:00,2977.0,17283.0,231.0,0.0,378.0,473.0,4665.0,280.0,1890.0,3314.0,2017.0
2021-04-21 08:30:00+01:00,2893.0,17480.0,228.0,0.0,36.0,473.0,4668.0,193.0,2460.0,3879.0,2050.0
2021-04-21 09:00:00+01:00,2625.0,17162.0,238.0,0.0,0.0,420.0,4660.0,186.0,3050.0,3943.0,2306.0
2021-04-21 09:30:00+01:00,2604.0,17065.0,232.0,0.0,0.0,391.0,4657.0,144.0,3600.0,4073.0,2242.0
2021-04-21 10:00:00+01:00,2696.0,16991.0,229.0,0.0,0.0,373.0,4666.0,141.0,4110.0,4164.0,2281.0
2021-04-21 10:30:00+01:00,2746.0,16762.0,246.0,0.0,12.0,342.0,4653.0,106.0,4660.0,3984.0,2234.0
2021-04-21 11:00:00+01:00,2748.0,16505.0,238.0,0.0,0.0,325.0,4661.0,102.0,5120.0,3718.0,2145.0
2021-04-21 11:30:00+01:00,2893.0,16433.0,228.0,0.0,0.0,277.0,4661.0,101.0,5620.0,3439.0,2109.0
2021-04-21 12:00:00+01:00,2800.0,16407.0,310.0,0.0,0.0,258.0,4666.0,131.0,5810.0,3086.0,1994.0
2021-04-21 12:30:00+01:00,2885.0,16318.0,233.0,0.0,0.0,235.0,4656.0,141.0,5930.0,2955.0,1972.0
2021-04-21 13:00:00+01:00,2809.0,15999.0,239.0,0.0,0.0,235.0,4659.0,145.0,5960.0,2858.0,1839.0
2021-04-21 13:30:00+01:00,2797.0,15413.0,232.0,0.0,0.0,235.0,4652.0,101.0,5920.0,2706.0,1812.0
2021-04-21 14:00:00+01:00,3040.0,15211.0,231.0,0.0,6.0,257.0,4645.0,103.0,6000.0,2706.0,1640.0
2021-04-21 14:30:00+01:00,2956.0,15228.0,230.0,0.0,0.0,256.0,4656.0,101.0,5850.0,2669.0,1620.0
2021-04-21 15:00:00+01:00,2931.0,14954.0,227.0,0.0,0.0,257.0,4646.0,103.0,5520.0,2650.0,1501.0
2021-04-21 15:30:00+01:00,2809.0,14855.0,233.0,0.0,0.0,257.0,4652.0,102.0,5000.0,2920.0,1543.0
2021-04-21 16:00:00+01:00,2798.0,15350.0,229.0,0.0,0.0,257.0,4642.0,128.0,4470.0,3015.0,1488.0
2021-04-21 16:30:00+01:00,2941.0,16158.0,252.0,0.0,0.0,309.0,4638.0,161.0,3860.0,2988.0,1458.0
2021-04-21 17:00:00+01:00,2954.0,16923.0,231.0,0.0,58.0,407.0,4643.0,297.0,3220.0,3011.0,1425.0
2021-04-21 17:30:00+01:00,2958.0,17459.0,253.0,0.0,300.0,455.0,4643.0,298.0,2560.0,2977.0,1423.0
2021-04-21 18:00:00+01:00,2954.0,18069.0,364.0,0.0,385.0,501.0,4650.0,389.0,1900.0,2939.0,1377.0
2021-04-21 18:30:00+01:00,2943.0,17915.0,228.0,0.0,947.0,526.0,4648.0,387.0,1230.0,2882.0,1405.0
2021-04-21 19:00:00+01:00,2917.0,18139.0,236.0,0.0,998.0,530.0,4640.0,193.0,604.0,2903.0,1315.0
2021-04-21 19:30:00+01:00,2914.0,18243.0,236.0,0.0,950.0,521.0,4652.0,169.0,190.0,2865.0,1320.0
2021-04-21 20:00:00+01:00,2964.0,18278.0,317.0,0.0,796.0,464.0,4645.0,152.0,10.0,2755.0,1259.0
2021-04-21 20:30:00+01:00,2963.0,18283.0,300.0,0.0,652.0,423.0,4648.0,153.0,0.0,2742.0,1270.0
2021-04-21 21:00:00+01:00,2965.0,18299.0,409.0,0.0,899.0,359.0,4646.0,231.0,0.0,2736.0,1289.0
2021-04-21 21:30:00+01:00,2891.0,18179.0,371.0,0.0,88.0,327.0,4658.0,205.0,0.0,2723.0,1277.0
2021-04-21 22:00:00+01:00,2725.0,18091.0,0.0,0.0,218.0,287.0,4654.0,104.0,0.0,2747.0,1266.0
2021-04-21 22:30:00+01:00,2160.0,17446.0,0.0,0.0,0.0,321.0,4643.0,149.0,0.0,2308.0,1258.0
2021-04-21 23:00:00+01:00,1603.0,16124.0,0.0,0.0,0.0,306.0,4651.0,104.0,0.0,2310.0,1196.0
2021-04-21 23:30:00+01:00,1145.0,14670.0,0.0,0.0,0.0,307.0,4649.0,105.0,0.0,2347.0,1198.0
2021-04-22 00:00:00+01:00,1141.0,13721.0,0.0,0.0,0.0,287.0,4643.0,105.0,0.0,2358.0,1194.0
2021-04-22 00:30:00+01:00,1147.0,13463.0,0.0,0.0,0.0,266.0,4647.0,105.0,0.0,2373.0,1174.0
2021-04-22 01:00:00+01:00,1147.0,13604.0,0.0,0.0,0.0,245.0,4644.0,104.0,0.0,2152.0,1203.0
2021-04-22 01:30:00+01:00,1149.0,14348.0,0.0,0.0,0.0,244.0,4649.0,104.0,0.0,1956.0,1205.0
2021-04-22 02:00:00+01:00,1151.0,14494.0,0.0,0.0,0.0,229.0,4655.0,104.0,0.0,1721.0,1221.0
2021-04-22 02:30:00+01:00,1147.0,14614.0,0.0,0.0,0.0,228.0,4647.0,108.0,1.0,1593.0,1222.0
2021-04-22 03:00:00+01:00,1132.0,14505.0,0.0,0.0,0.0,227.0,4644.0,109.0,1.0,1405.0,1074.0
2021-04-22 03:30:00+01:00,1135.0,14540.0,0.0,0.0,0.0,227.0,4654.0,106.0,0.0,1314.0,1094.0
2021-04-22 04:00:00+01:00,1132.0,14542.0,0.0,0.0,0.0,208.0,4650.0,104.0,0.0,1255.0,1088.0
2021-04-22 04:30:00+01:00,1134.0,15042.0,0.0,0.0,0.0,209.0,4651.0,132.0,1.0,1160.0,1154.0
2021-04-22 05:00:00+01:00,1133.0,15230.0,0.0,0.0,32.0,222.0,4653.0,248.0,0.0,1102.0,1205.0
2021-04-22 05:30:00+01:00,1400.0,15864.0,0.0,0.0,120.0,235.0,4658.0,274.0,1.0,1097.0,1207.0
2021-04-22 06:00:00+01:00,1738.0,17051.0,0.0,0.0,0.0,332.0,4652.0,276.0,97.0,1109.0,1301.0
2021-04-22 06:30:00+01:00,2299.0,17809.0,0.0,0.0,392.0,359.0,4647.0,279.0,523.0,1131.0,1300.0
2021-04-22 07:00:00+01:00,2654.0,18231.0,0.0,0.0,220.0,467.0,4647.0,278.0,1170.0,1080.0,1258.0
2021-04-22 07:30:00+01:00,2964.0,18417.0,0.0,0.0,1121.0,548.0,4643.0,423.0,1970.0,1013.0,1248.0
2021-04-22 08:00:00+01:00,3064.0,18388.0,0.0,0.0,1040.0,545.0,4642.0,436.0,2820.0,1016.0,1184.0
2021-04-22 08:30:00+01:00,3063.0,18338.0,0.0,0.0,503.0,466.0,4644.0,436.0,3690.0,998.0,1162.0
2021-04-22 09:00:00+01:00,3061.0,18243.0,0.0,0.0,0.0,347.0,4642.0,380.0,4540.0,957.0,1179.0
2021-04-22 09:30:00+01:00,3071.0,18130.0,0.0,0.0,0.0,332.0,4644.0,278.0,5480.0,937.0,1175.0
2021-04-22 10:00:00+01:00,3045.0,18204.0,0.0,0.0,0.0,282.0,4644.0,297.0,6280.0,936.0,1143.0
2021-04-22 10:30:00+01:00,3041.0,17878.0,0.0,0.0,280.0,279.0,4632.0,304.0,7080.0,928.0,1109.0
2021-04-22 11:00:00+01:00,2897.0,16926.0,0.0,0.0,36.0,247.0,4632.0,335.0,7730.0,894.0,1054.0
2021-04-22 11:30:00+01:00,2635.0,16569.0,0.0,0.0,43.0,225.0,4642.0,263.0,8390.0,859.0,1036.0
2021-04-22 12:00:00+01:00,2694.0,16153.0,0.0,0.0,355.0,175.0,4624.0,146.0,8810.0,829.0,992.0
2021-04-22 12:30:00+01:00,2841.0,15835.0,0.0,0.0,0.0,175.0,4632.0,212.0,9080.0,849.0,1000.0
2021-04-22 13:00:00+01:00,2665.0,15406.0,0.0,0.0,0.0,177.0,4634.0,35.0,9170.0,829.0,967.0
2021-04-22 13:30:00+01:00,2618.0,14530.0,0.0,0.0,0.0,177.0,4631.0,36.0,9040.0,786.0,960.0
2021-04-22 14:00:00+01:00,2634.0,14467.0,0.0,0.0,41.0,177.0,4621.0,32.0,8730.0,742.0,933.0
2021-04-22 14:30:00+01:00,2603.0,14607.0,0.0,0.0,0.0,175.0,4619.0,29.0,8310.0,721.0,936.0
2021-04-22 15:00:00+01:00,2719.0,14363.0,0.0,0.0,0.0,190.0,4620.0,29.0,7750.0,654.0,929.0
2021-04-22 15:30:00+01:00,2879.0,14924.0,15.0,0.0,0.0,205.0,4613.0,30.0,7060.0,446.0,941.0
2021-04-22 16:00:00+01:00,2864.0,15472.0,200.0,0.0,0.0,221.0,4617.0,55.0,6210.0,457.0,924.0
2021-04-22 16:30:00+01:00,2893.0,16452.0,351.0,0.0,0.0,269.0,4611.0,89.0,5330.0,438.0,902.0
2021-04-22 17:00:00+01:00,2920.0,17703.0,430.0,0.0,0.0,422.0,4612.0,97.0,4430.0,416.0,928.0
2021-04-22 17:30:00+01:00,3007.0,18235.0,489.0,0.0,38.0,489.0,4614.0,105.0,3460.0,426.0,913.0
2021-04-22 18:00:00+01:00,3077.0,18998.0,449.0,0.0,271.0,524.0,4620.0,185.0,2600.0,484.0,888.0
2021-04-22 18:30:00+01:00,2972.0,19099.0,487.0,0.0,775.0,524.0,4608.0,218.0,1700.0,495.0,867.0
2021-04-22 19:00:00+01:00,2979.0,19700.0,499.0,0.0,862.0,529.0,4627.0,211.0,892.0,469.0,756.0
2021-04-22 19:30:00+01:00,3008.0,19703.0,498.0,0.0,899.0,547.0,4617.0,246.0,277.0,490.0,783.0
2021-04-22 20:00:00+01:00,3011.0,19836.0,498.0,0.0,899.0,449.0,4621.0,228.0,19.0,531.0,839.0
2021-04-22 20:30:00+01:00,3039.0,19811.0,400.0,0.0,1112.0,449.0,4617.0,115.0,1.0,540.0,841.0
2021-04-22 21:00:00+01:00,3053.0,19874.0,499.0,0.0,487.0,385.0,4628.0,161.0,1.0,561.0,859.0
2021-04-22 21:30:00+01:00,3053.0,19356.0,494.0,0.0,109.0,346.0,4617.0,113.0,0.0,511.0,868.0
2021-04-22 22:00:00+01:00,2898.0,18815.0,456.0,0.0,5.0,312.0,4626.0,104.0,0.0,472.0,913.0
2021-04-22 22:30:00+01:00,2266.0,18062.0,421.0,0.0,0.0,325.0,4619.0,196.0,0.0,470.0,913.0
2021-04-22 23:00:00+01:00,1610.0,16815.0,380.0,0.0,0.0,297.0,4620.0,76.0,0.0,514.0,889.0
2021-04-22 23:30:00+01:00,1141.0,15762.0,229.0,0.0,0.0,297.0,4621.0,32.0,0.0,471.0,873.0
2021-04-23 00:00:00+01:00,1107.0,15083.0,246.0,0.0,27.0,280.0,4611.0,35.0,0.0,455.0,876.0
2021-04-23 00:30:00+01:00,1112.0,15073.0,2.0,0.0,0.0,281.0,4616.0,34.0,0.0,465.0,897.0
2021-04-23 01:00:00+01:00,1107.0,15191.0,0.0,0.0,0.0,266.0,4622.0,31.0,0.0,460.0,930.0
2021-04-23 01:30:00+01:00,1087.0,15576.0,0.0,0.0,0.0,244.0,4622.0,31.0,1.0,398.0,933.0
2021-04-23 02:00:00+01:00,1087.0,15545.0,0.0,0.0,0.0,222.0,4613.0,31.0,0.0,369.0,912.0
2021-04-23 02:30:00+01:00,1090.0,15188.0,0.0,0.0,0.0,220.0,4614.0,33.0,1.0,343.0,922.0
2021-04-23 03:00:00+01:00,1092.0,15466.0,0.0,0.0,0.0,220.0,4614.0,33.0,0.0,319.0,922.0
2021-04-23 03:30:00+01:00,1096.0,15414.0,0.0,0.0,0.0,220.0,4629.0,40.0,1.0,326.0,940.0
2021-04-23 04:00:00+01:00,1095.0,15351.0,0.0,0.0,0.0,203.0,4618.0,36.0,0.0,379.0,942.0
2021-04-23 04:30:00+01:00,1091.0,15004.0,0.0,0.0,0.0,201.0,4625.0,32.0,0.0,374.0,930.0
2021-04-23 05:00:00+01:00,1095.0,15225.0,0.0,0.0,0.0,239.0,4626.0,35.0,0.0,342.0,901.0
2021-04-23 05:30:00+01:00,1094.0,15851.0,0.0,0.0,0.0,270.0,4639.0,36.0,2.0,352.0,887.0
2021-04-23 06:00:00+01:00,1088.0,16697.0,0.0,0.0,0.0,307.0,4662.0,33.0,113.0,447.0,905.0
2021-04-23 06:30:00+01:00,1390.0,17881.0,0.0,0.0,0.0,344.0,4676.0,58.0,553.0,483.0,880.0
2021-04-23 07:00:00+01:00,1666.0,17920.0,60.0,0.0,599.0,461.0,4694.0,112.0,1200.0,500.0,880.0
2021-04-23 07:30:00+01:00,1727.0,18550.0,216.0,0.0,1098.0,462.0,4786.0,154.0,1960.0,468.0,873.0
2021-04-23 08:00:00+01:00,1737.0,18700.0,291.0,0.0,1421.0,447.0,4814.0,267.0,2800.0,363.0,875.0
2021-04-23 08:30:00+01:00,1731.0,18393.0,329.0,0.0,1329.0,466.0,4814.0,262.0,3610.0,268.0,871.0
2021-04-23 09:00:00+01:00,1697.0,17962.0,230.0,0.0,1195.0,386.0,4817.0,116.0,4490.0,237.0,889.0
2021-04-23 09:30:00+01:00,1743.0,18373.0,301.0,0.0,16.0,354.0,4820.0,69.0,5460.0,267.0,892.0
2021-04-23 10:00:00+01:00,1677.0,17478.0,232.0,0.0,0.0,289.0,4814.0,44.0,6340.0,264.0,979.0
2021-04-23 10:30:00+01:00,1671.0,16817.0,235.0,0.0,0.0,280.0,4822.0,39.0,7170.0,218.0,1036.0
2021-04-23 11:00:00+01:00,1561.0,15951.0,230.0,0.0,0.0,246.0,4835.0,35.0,7800.0,193.0,1158.0
2021-04-23 11:30:00+01:00,1578.0,15098.0,231.0,0.0,0.0,207.0,4818.0,106.0,8410.0,302.0,1195.0
2021-04-23 12:00:00+01:00,1567.0,14918.0,230.0,0.0,0.0,186.0,4845.0,106.0,8810.0,323.0,1303.0
2021-04-23 12:30:00+01:00,1545.0,14443.0,232.0,0.0,0.0,186.0,4852.0,106.0,9020.0,306.0,1351.0
2021-04-23 13:00:00+01:00,1579.0,13867.0,230.0,0.0,0.0,188.0,4875.0,107.0,9020.0,320.0,1412.0
2021-04-23 13:30:00+01:00,1578.0,13208.0,230.0,0.0,0.0,188.0,4885.0,106.0,8860.0,326.0,1437.0
2021-04-23 14:00:00+01:00,1586.0,12825.0,231.0,0.0,0.0,172.0,4883.0,105.0,8520.0,326.0,1525.0
2021-04-23 14:30:00+01:00,1600.0,12914.0,231.0,0.0,0.0,171.0,4878.0,105.0,8040.0,380.0,1513.0
2021-04-23 15:00:00+01:00,1684.0,12722.0,231.0,0.0,0.0,171.0,4881.0,106.0,7470.0,409.0,1572.0
2021-04-23 15:30:00+01:00,1672.0,12748.0,228.0,0.0,0.0,169.0,4883.0,109.0,6740.0,441.0,1590.0
2021-04-23 16:00:00+01:00,1655.0,13885.0,228.0,0.0,0.0,185.0,4869.0,140.0,5930.0,497.0,1642.0
2021-04-23 16:30:00+01:00,1638.0,14546.0,277.0,0.0,0.0,205.0,4872.0,175.0,5040.0,504.0,1631.0
2021-04-23 17:00:00+01:00,1635.0,15736.0,333.0,0.0,0.0,278.0,4873.0,171.0,4110.0,541.0,1643.0
2021-04-23 17:30:00+01:00,1650.0,16212.0,358.0,0.0,120.0,353.0,4994.0,179.0,3170.0,594.0,1646.0
2021-04-23 18:00:00+01:00,1687.0,17098.0,266.0,0.0,220.0,469.0,4995.0,236.0,2320.0,613.0,1645.0
2021-04-23 18:30:00+01:00,1712.0,17613.0,230.0,0.0,359.0,510.0,4987.0,238.0,1480.0,626.0,1655.0
2021-04-23 19:00:00+01:00,1709.0,17746.0,228.0,0.0,654.0,528.0,4992.0,209.0,750.0,659.0,1536.0
2021-04-23 19:30:00+01:00,1711.0,18046.0,0.0,0.0,849.0,529.0,4998.0,201.0,244.0,772.0,1520.0
2021-04-23 20:00:00+01:00,1651.0,18444.0,0.0,0.0,599.0,459.0,5001.0,197.0,25.0,762.0,1551.0
2021-04-23 20:30:00+01:00,1666.0,18351.0,0.0,0.0,599.0,444.0,5012.0,180.0,1.0,776.0,1566.0
2021-04-23 21:00:00+01:00,1690.0,18557.0,0.0,0.0,547.0,380.0,4997.0,207.0,1.0,855.0,1583.0
2021-04-23 21:30:00+01:00,1703.0,18160.0,0.0,0.0,205.0,319.0,5002.0,252.0,0.0,779.0,1641.0
2021-04-23 22:00:00+01:00,1711.0,17047.0,0.0,0.0,0.0,277.0,4998.0,215.0,0.0,742.0,1733.0
2021-04-23 22:30:00+01:00,1559.0,15338.0,0.0,0.0,149.0,327.0,5007.0,107.0,0.0,809.0,1828.0
2021-04-23 23:00:00+01:00,1104.0,14137.0,0.0,0.0,308.0,327.0,4996.0,105.0,0.0,923.0,1926.0
2021-04-23 23:30:00+01:00,1144.0,12492.0,0.0,0.0,89.0,327.0,4993.0,104.0,0.0,1020.0,1882.0
2021-04-24 00:00:00+01:00,1143.0,11775.0,0.0,0.0,0.0,300.0,4998.0,106.0,0.0,1074.0,1894.0
2021-04-24 00:30:00+01:00,1147.0,11075.0,0.0,0.0,0.0,276.0,5014.0,107.0,0.0,997.0,1874.0
2021-04-24 01:00:00+01:00,1143.0,11264.0,0.0,0.0,0.0,253.0,5042.0,106.0,0.0,832.0,1944.0
2021-04-24 01:30:00+01:00,1147.0,11165.0,0.0,0.0,0.0,253.0,5041.0,106.0,0.0,728.0,1897.0
2021-04-24 02:00:00+01:00,1148.0,11230.0,0.0,0.0,0.0,254.0,5072.0,108.0,0.0,647.0,1876.0
2021-04-24 02:30:00+01:00,1145.0,10796.0,0.0,0.0,0.0,237.0,5078.0,104.0,0.0,724.0,1857.0
2021-04-24 03:00:00+01:00,1142.0,10841.0,0.0,0.0,0.0,238.0,5112.0,104.0,0.0,813.0,1748.0
2021-04-24 03:30:00+01:00,1151.0,10757.0,0.0,0.0,0.0,238.0,5105.0,104.0,0.0,811.0,1719.0
2021-04-24 04:00:00+01:00,1149.0,10698.0,0.0,0.0,73.0,219.0,5134.0,107.0,0.0,877.0,1663.0
2021-04-24 04:30:00+01:00,1149.0,10868.0,0.0,0.0,0.0,219.0,5155.0,104.0,0.0,783.0,1718.0
2021-04-24 05:00:00+01:00,1148.0,10720.0,0.0,0.0,116.0,219.0,5171.0,104.0,0.0,753.0,1705.0
2021-04-24 05:30:00+01:00,1150.0,10792.0,0.0,0.0,0.0,219.0,5192.0,104.0,1.0,787.0,1633.0
2021-04-24 06:00:00+01:00,1153.0,10807.0,0.0,0.0,0.0,243.0,5182.0,106.0,104.0,604.0,1644.0
2021-04-24 06:30:00+01:00,1151.0,11356.0,0.0,0.0,20.0,241.0,5190.0,105.0,496.0,641.0,1615.0
2021-04-24 07:00:00+01:00,1151.0,11824.0,0.0,0.0,290.0,245.0,5185.0,104.0,1080.0,617.0,1640.0
2021-04-24 07:30:00+01:00,1148.0,12849.0,0.0,0.0,0.0,282.0,5193.0,108.0,1780.0,655.0,1591.0
2021-04-24 08:00:00+01:00,1150.0,13405.0,0.0,0.0,24.0,336.0,5176.0,172.0,2520.0,616.0,1588.0
2021-04-24 08:30:00+01:00,1149.0,13421.0,0.0,0.0,300.0,345.0,5193.0,226.0,3280.0,626.0,1558.0
2021-04-24 09:00:00+01:00,1153.0,13512.0,0.0,0.0,78.0,345.0,5174.0,281.0,4070.0,578.0,1603.0
2021-04-24 09:30:00+01:00,1148.0,13467.0,0.0,0.0,0.0,344.0,5182.0,322.0,4940.0,588.0,1653.0
2021-04-24 10:00:00+01:00,1151.0,13096.0,0.0,0.0,0.0,299.0,5170.0,191.0,5690.0,550.0,1776.0
2021-04-24 10:30:00+01:00,1153.0,12705.0,0.0,0.0,18.0,268.0,5152.0,117.0,6440.0,520.0,1783.0
2021-04-24 11:00:00+01:00,1154.0,12551.0,0.0,0.0,0.0,224.0,5169.0,164.0,7030.0,479.0,1836.0
2021-04-24 11:30:00+01:00,1143.0,12080.0,0.0,0.0,0.0,196.0,5172.0,107.0,7740.0,489.0,1873.0
2021-04-24 12:00:00+01:00,1140.0,11565.0,0.0,0.0,0.0,196.0,5181.0,107.0,8330.0,596.0,1956.0
2021-04-24 12:30:00+01:00,1139.0,11204.0,0.0,0.0,0.0,195.0,5164.0,147.0,8670.0,611.0,1934.0
2021-04-24 13:00:00+01:00,1145.0,10655.0,0.0,0.0,0.0,158.0,5168.0,146.0,8680.0,636.0,1950.0
2021-04-24 13:30:00+01:00,1140.0,9937.0,0.0,0.0,0.0,158.0,5170.0,146.0,8630.0,679.0,1925.0
2021-04-24 14:00:00+01:00,1141.0,8990.0,0.0,0.0,0.0,140.0,5166.0,151.0,8400.0,815.0,1890.0
2021-04-24 14:30:00+01:00,1141.0,8852.0,0.0,0.0,0.0,138.0,5160.0,149.0,8050.0,861.0,1881.0
2021-04-24 15:00:00+01:00,1138.0,8523.0,0.0,0.0,0.0,138.0,5180.0,146.0,7510.0,934.0,1865.0
2021-04-24 15:30:00+01:00,1138.0,9286.0,0.0,0.0,0.0,138.0,5162.0,146.0,6780.0,963.0,1839.0
2021-04-24 16:00:00+01:00,1112.0,9593.0,0.0,0.0,0.0,169.0,5153.0,147.0,5990.0,1078.0,1922.0
2021-04-24 16:30:00+01:00,1116.0,10466.0,0.0,0.0,0.0,211.0,5154.0,148.0,5150.0,1156.0,1916.0
2021-04-24 17:00:00+01:00,1112.0,11451.0,0.0,0.0,0.0,292.0,5151.0,164.0,4260.0,1488.0,2130.0
2021-04-24 17:30:00+01:00,1114.0,12588.0,0.0,0.0,0.0,360.0,5179.0,165.0,3370.0,1707.0,2151.0
2021-04-24 18:00:00+01:00,1113.0,13465.0,0.0,0.0,0.0,412.0,5198.0,272.0,2450.0,1799.0,2134.0
2021-04-24 18:30:00+01:00,1140.0,13633.0,0.0,0.0,171.0,425.0,5198.0,428.0,1660.0,1834.0,2153.0
2021-04-24 19:00:00+01:00,1127.0,13701.0,0.0,0.0,598.0,451.0,5204.0,394.0,888.0,2087.0,2048.0
2021-04-24 19:30:00+01:00,1126.0,13660.0,0.0,0.0,943.0,451.0,5197.0,394.0,300.0,2135.0,2047.0
2021-04-24 20:00:00+01:00,1141.0,13750.0,0.0,0.0,688.0,422.0,5202.0,471.0,24.0,2180.0,1907.0
2021-04-24 20:30:00+01:00,1146.0,13876.0,0.0,0.0,601.0,406.0,5211.0,344.0,1.0,2487.0,1900.0
2021-04-24 21:00:00+01:00,1147.0,13834.0,0.0,0.0,640.0,338.0,5207.0,304.0,1.0,2888.0,1798.0
2021-04-24 21:30:00+01:00,1147.0,13650.0,0.0,0.0,220.0,289.0,5219.0,327.0,1.0,2959.0,1780.0
2021-04-24 22:00:00+01:00,1146.0,12892.0,0.0,0.0,0.0,271.0,5205.0,154.0,0.0,3013.0,1762.0
2021-04-24 22:30:00+01:00,1143.0,11249.0,0.0,0.0,0.0,294.0,5207.0,145.0,0.0,3174.0,1780.0
2021-04-24 23:00:00+01:00,1145.0,9876.0,0.0,0.0,69.0,284.0,5208.0,149.0,0.0,3101.0,1663.0
2021-04-24 23:30:00+01:00,1148.0,8806.0,0.0,0.0,0.0,279.0,5235.0,144.0,0.0,3051.0,1594.0
2021-04-25 00:00:00+01:00,1145.0,8882.0,0.0,0.0,17.0,279.0,5237.0,145.0,0.0,2978.0,1475.0
2021-04-25 00:30:00+01:00,1125.0,9015.0,0.0,0.0,0.0,260.0,5244.0,145.0,0.0,2787.0,1472.0
2021-04-25 01:00:00+01:00,1134.0,8985.0,0.0,0.0,5.0,220.0,5239.0,146.0,0.0,2664.0,1456.0
2021-04-25 01:30:00+01:00,1142.0,9014.0,0.0,0.0,0.0,218.0,5250.0,151.0,0.0,2581.0,1467.0
2021-04-25 02:00:00+01:00,1140.0,8952.0,0.0,0.0,0.0,204.0,5248.0,152.0,0.0,2581.0,1396.0
2021-04-25 02:30:00+01:00,1141.0,8512.0,0.0,0.0,0.0,204.0,5244.0,155.0,0.0,2479.0,1358.0
2021-04-25 03:00:00+01:00,1144.0,8645.0,0.0,0.0,0.0,204.0,5290.0,145.0,0.0,2468.0,1300.0
2021-04-25 03:30:00+01:00,1146.0,9150.0,0.0,0.0,0.0,204.0,5300.0,143.0,0.0,2380.0,1280.0
2021-04-25 04:00:00+01:00,1149.0,8705.0,0.0,0.0,0.0,185.0,5353.0,145.0,0.0,2356.0,1259.0
2021-04-25 04:30:00+01:00,1151.0,8586.0,0.0,0.0,0.0,167.0,5346.0,142.0,1.0,2410.0,1266.0
2021-04-25 05:00:00+01:00,1146.0,8220.0,0.0,0.0,0.0,156.0,5372.0,139.0,0.0,2478.0,1222.0
2021-04-25 05:30:00+01:00,1135.0,8152.0,0.0,0.0,0.0,156.0,5375.0,130.0,2.0,2470.0,1196.0
2021-04-25 06:00:00+01:00,1140.0,8176.0,0.0,0.0,0.0,155.0,5368.0,132.0,127.0,2576.0,1199.0
2021-04-25 06:30:00+01:00,1125.0,8703.0,0.0,0.0,0.0,165.0,5374.0,117.0,547.0,2502.0,1197.0
2021-04-25 07:00:00+01:00,1124.0,8997.0,0.0,0.0,0.0,183.0,5376.0,117.0,1130.0,2420.0,1191.0
2021-04-25 07:30:00+01:00,1114.0,9442.0,0.0,0.0,0.0,187.0,5380.0,119.0,1790.0,2839.0,1180.0
2021-04-25 08:00:00+01:00,1122.0,9542.0,0.0,0.0,0.0,219.0,5364.0,121.0,2510.0,2891.0,1265.0
2021-04-25 08:30:00+01:00,1119.0,9935.0,0.0,0.0,0.0,245.0,5371.0,124.0,3250.0,2906.0,1247.0
2021-04-25 09:00:00+01:00,1105.0,10308.0,0.0,0.0,0.0,289.0,5360.0,122.0,3950.0,2882.0,1391.0
2021-04-25 09:30:00+01:00,1104.0,10589.0,0.0,0.0,0.0,289.0,5364.0,246.0,4850.0,2473.0,1397.0
2021-04-25 10:00:00+01:00,1100.0,10601.0,0.0,0.0,0.0,290.0,5357.0,287.0,5560.0,2344.0,1466.0
2021-04-25 10:30:00+01:00,1124.0,10582.0,0.0,0.0,102.0,290.0,5339.0,285.0,6320.0,2317.0,1454.0
2021-04-25 11:00:00+01:00,1099.0,10618.0,0.0,0.0,18.0,242.0,5346.0,294.0,7000.0,2266.0,1506.0
2021-04-25 11:30:00+01:00,1102.0,10513.0,0.0,0.0,162.0,239.0,5341.0,230.0,7610.0,1788.0,1495.0
2021-04-25 12:00:00+01:00,1103.0,10714.0,0.0,0.0,89.0,255.0,5342.0,273.0,8190.0,1629.0,1546.0
2021-04-25 12:30:00+01:00,1118.0,10741.0,0.0,0.0,0.0,246.0,5345.0,299.0,8460.0,1584.0,1538.0
2021-04-25 13:00:00+01:00,1132.0,10749.0,0.0,0.0,0.0,234.0,5355.0,316.0,8540.0,1476.0,1528.0
2021-04-25 13:30:00+01:00,1140.0,10655.0,0.0,0.0,0.0,200.0,5358.0,302.0,8550.0,1547.0,1551.0
2021-04-25 14:00:00+01:00,1139.0,10400.0,0.0,0.0,0.0,197.0,5353.0,195.0,8430.0,1458.0,1583.0
2021-04-25 14:30:00+01:00,1145.0,10590.0,0.0,0.0,0.0,196.0,5355.0,118.0,7930.0,1390.0,1581.0
2021-04-25 15:00:00+01:00,1145.0,10199.0,0.0,0.0,0.0,209.0,5355.0,121.0,7320.0,1563.0,1610.0
2021-04-25 15:30:00+01:00,1141.0,10745.0,0.0,0.0,0.0,212.0,5354.0,118.0,6640.0,1710.0,1641.0
2021-04-25 16:00:00+01:00,1143.0,11174.0,0.0,0.0,0.0,224.0,5357.0,119.0,5940.0,1902.0,1635.0
2021-04-25 16:30:00+01:00,1150.0,12151.0,0.0,0.0,0.0,279.0,5380.0,122.0,5110.0,2052.0,1646.0
2021-04-25 17:00:00+01:00,1145.0,13355.0,0.0,0.0,0.0,389.0,5386.0,119.0,4280.0,2301.0,1724.0
2021-04-25 17:30:00+01:00,1151.0,14304.0,0.0,0.0,0.0,423.0,5370.0,142.0,3400.0,2546.0,1750.0
2021-04-25 18:00:00+01:00,1148.0,14905.0,0.0,0.0,348.0,447.0,5382.0,281.0,2540.0,2602.0,1721.0
2021-04-25 18:30:00+01:00,1146.0,15031.0,0.0,0.0,600.0,446.0,5383.0,281.0,1730.0,2737.0,1667.0
2021-04-25 19:00:00+01:00,1138.0,15168.0,0.0,0.0,706.0,447.0,5382.0,257.0,955.0,3026.0,1529.0
2021-04-25 19:30:00+01:00,1134.0,14938.0,0.0,0.0,1201.0,447.0,5382.0,311.0,346.0,3119.0,1522.0
2021-04-25 20:00:00+01:00,1147.0,15197.0,0.0,0.0,900.0,435.0,5383.0,249.0,30.0,3161.0,1350.0
2021-04-25 20:30:00+01:00,1150.0,15026.0,0.0,0.0,1052.0,394.0,5382.0,252.0,1.0,3159.0,1340.0
2021-04-25 21:00:00+01:00,1150.0,15283.0,0.0,0.0,1348.0,338.0,5372.0,261.0,0.0,3140.0,1255.0
2021-04-25 21:30:00+01:00,1148.0,15085.0,0.0,0.0,418.0,288.0,5394.0,238.0,1.0,3087.0,1303.0
2021-04-25 22:00:00+01:00,1075.0,14567.0,0.0,0.0,187.0,261.0,5384.0,125.0,0.0,2981.0,1293.0
2021-04-25 22:30:00+01:00,1079.0,13452.0,0.0,0.0,135.0,304.0,5371.0,121.0,0.0,2813.0,1261.0
2021-04-25 23:00:00+01:00,1097.0,12524.0,0.0,0.0,112.0,303.0,5443.0,119.0,0.0,2662.0,1251.0
2021-04-25 23:30:00+01:00,1099.0,10794.0,0.0,0.0,45.0,302.0,5476.0,121.0,0.0,2529.0,1282.0
2021-04-26 00:00:00+01:00,1144.0,10244.0,0.0,0.0,120.0,301.0,5490.0,118.0,1.0,2412.0,1206.0
2021-04-26 00:30:00+01:00,1135.0,10145.0,0.0,0.0,0.0,256.0,5516.0,118.0,0.0,2395.0,1163.0
2021-04-26 01:00:00+01:00,1136.0,10041.0,0.0,0.0,0.0,235.0,5535.0,119.0,3.0,2375.0,1158.0
2021-04-26 01:30:00+01:00,1137.0,10186.0,0.0,0.0,0.0,234.0,5554.0,121.0,0.0,2288.0,1160.0
2021-04-26 02:00:00+01:00,1137.0,10524.0,0.0,0.0,0.0,217.0,5585.0,124.0,0.0,2115.0,1157.0
2021-04-26 02:30:00+01:00,1136.0,10345.0,0.0,0.0,0.0,218.0,5586.0,124.0,0.0,2056.0,1197.0
2021-04-26 03:00:00+01:00,1136.0,10410.0,0.0,0.0,117.0,220.0,5598.0,120.0,0.0,1914.0,1190.0
2021-04-26 03:30:00+01:00,1136.0,10575.0,0.0,0.0,0.0,220.0,5589.0,121.0,0.0,1831.0,1265.0
2021-04-26 04:00:00+01:00,1137.0,10619.0,0.0,0.0,0.0,201.0,5610.0,117.0,0.0,1786.0,1299.0
2021-04-26 04:30:00+01:00,1136.0,10623.0,0.0,0.0,0.0,200.0,5605.0,116.0,0.0,1809.0,1407.0
2021-04-26 05:00:00+01:00,1130.0,11154.0,0.0,0.0,0.0,217.0,5615.0,122.0,0.0,1798.0,1488.0
2021-04-26 05:30:00+01:00,1136.0,11895.0,17.0,0.0,29.0,214.0,5613.0,122.0,2.0,1686.0,1614.0
2021-04-26 06:00:00+01:00,1143.0,13272.0,47.0,0.0,49.0,244.0,5611.0,123.0,101.0,1629.0,1875.0
2021-04-26 06:30:00+01:00,1134.0,15582.0,197.0,0.0,341.0,247.0,5614.0,159.0,437.0,1619.0,1919.0
2021-04-26 07:00:00+01:00,1138.0,16778.0,345.0,0.0,3.0,249.0,5611.0,253.0,900.0,1648.0,2082.0
2021-04-26 07:30:00+01:00,1138.0,18094.0,471.0,0.0,596.0,263.0,5611.0,268.0,1460.0,1489.0,2108.0
2021-04-26 08:00:00+01:00,1138.0,18435.0,489.0,0.0,1468.0,260.0,5610.0,258.0,2030.0,1376.0,2052.0
2021-04-26 08:30:00+01:00,1138.0,18298.0,490.0,0.0,1121.0,262.0,5615.0,475.0,2550.0,1355.0,2072.0
2021-04-26 09:00:00+01:00,1136.0,18255.0,479.0,0.0,1369.0,278.0,5184.0,446.0,3330.0,1275.0,2375.0
2021-04-26 09:30:00+01:00,1128.0,18129.0,488.0,0.0,871.0,295.0,5084.0,344.0,4240.0,1222.0,2468.0
2021-04-26 10:00:00+01:00,1143.0,18327.0,453.0,0.0,330.0,248.0,5086.0,350.0,5210.0,1153.0,2632.0
2021-04-26 10:30:00+01:00,1144.0,17888.0,438.0,0.0,0.0,247.0,5098.0,370.0,6140.0,1217.0,2686.0
2021-04-26 11:00:00+01:00,1131.0,17642.0,331.0,0.0,0.0,213.0,5096.0,274.0,6950.0,1181.0,2794.0
2021-04-26 11:30:00+01:00,1128.0,17224.0,311.0,0.0,0.0,202.0,5098.0,132.0,7680.0,1238.0,2805.0
2021-04-26 12:00:00+01:00,1132.0,16779.0,235.0,0.0,0.0,197.0,5098.0,120.0,8130.0,1253.0,2802.0
2021-04-26 12:30:00+01:00,1127.0,16430.0,359.0,0.0,0.0,200.0,5086.0,119.0,8290.0,1247.0,2882.0
2021-04-26 13:00:00+01:00,1096.0,15688.0,231.0,0.0,0.0,158.0,5086.0,118.0,8270.0,1307.0,2990.0
2021-04-26 13:30:00+01:00,1072.0,15029.0,229.0,0.0,0.0,152.0,5088.0,121.0,8090.0,1341.0,2972.0
2021-04-26 14:00:00+01:00,1066.0,14161.0,234.0,0.0,0.0,151.0,5095.0,121.0,7830.0,1458.0,3102.0
2021-04-26 14:30:00+01:00,1070.0,14289.0,230.0,0.0,0.0,150.0,5098.0,122.0,7450.0,1454.0,3175.0
2021-04-26 15:00:00+01:00,1070.0,14090.0,230.0,0.0,0.0,153.0,5088.0,121.0,7040.0,1426.0,3314.0
2021-04-26 15:30:00+01:00,1076.0,14393.0,228.0,0.0,0.0,158.0,5094.0,143.0,6300.0,1332.0,3433.0
2021-04-26 16:00:00+01:00,1076.0,15101.0,228.0,0.0,0.0,191.0,5093.0,146.0,5470.0,1235.0,3552.0
2021-04-26 16:30:00+01:00,1066.0,16475.0,250.0,0.0,0.0,248.0,5089.0,170.0,4680.0,1265.0,3580.0
2021-04-26 17:00:00+01:00,1068.0,17395.0,373.0,0.0,0.0,381.0,5091.0,236.0,3810.0,120.0,1463.0
2021-04-26 17:30:00+01:00,1083.0,17513.0,396.0,0.0,670.0,414.0,5089.0,455.0,2910.0,1072.0,3441.0
2021-04-26 18:00:00+01:00,1074.0,17759.0,406.0,0.0,1137.0,436.0,5092.0,473.0,2120.0,973.0,3259.0
2021-04-26 18:30:00+01:00,1063.0,18265.0,406.0,0.0,1201.0,435.0,5109.0,471.0,1340.0,961.0,3080.0
2021-04-26 19:00:00+01:00,1062.0,18475.0,398.0,0.0,1412.0,446.0,5103.0,471.0,679.0,959.0,2807.0
2021-04-26 19:30:00+01:00,1063.0,18900.0,253.0,0.0,1450.0,449.0,5116.0,351.0,231.0,1065.0,2831.0
2021-04-26 20:00:00+01:00,1072.0,18938.0,261.0,0.0,1553.0,439.0,5124.0,293.0,21.0,1166.0,2615.0
2021-04-26 20:30:00+01:00,1071.0,18760.0,230.0,0.0,1568.0,418.0,5132.0,288.0,2.0,1261.0,2503.0
2021-04-26 21:00:00+01:00,1070.0,19484.0,345.0,0.0,668.0,356.0,5121.0,403.0,1.0,1336.0,2302.0
2021-04-26 21:30:00+01:00,1087.0,18144.0,390.0,0.0,150.0,307.0,5128.0,261.0,1.0,1568.0,2202.0
2021-04-26 22:00:00+01:00,1135.0,17536.0,0.0,0.0,90.0,275.0,5130.0,196.0,0.0,1730.0,1986.0
2021-04-26 22:30:00+01:00,1128.0,15976.0,0.0,0.0,0.0,286.0,5125.0,144.0,0.0,1857.0,2013.0
2021-04-26 23:00:00+01:00,1129.0,13944.0,0.0,0.0,0.0,285.0,5123.0,117.0,0.0,1835.0,1969.0
2021-04-26 23:30:00+01:00,1140.0,12010.0,0.0,0.0,0.0,284.0,5123.0,117.0,0.0,1866.0,2008.0
2021-04-27 00:00:00+01:00,1137.0,11842.0,0.0,0.0,0.0,257.0,5136.0,116.0,0.0,1774.0,2004.0
2021-04-27 00:30:00+01:00,1140.0,12311.0,0.0,0.0,0.0,236.0,5133.0,117.0,0.0,1662.0,1968.0
2021-04-27 01:00:00+01:00,1146.0,12217.0,0.0,0.0,0.0,212.0,5129.0,119.0,3.0,1639.0,1841.0
2021-04-27 01:30:00+01:00,1139.0,12237.0,0.0,0.0,64.0,212.0,5129.0,120.0,2.0,1533.0,1743.0
2021-04-27 02:00:00+01:00,1141.0,12183.0,0.0,0.0,0.0,198.0,5130.0,121.0,2.0,1217.0,1763.0
2021-04-27 02:30:00+01:00,1163.0,12082.0,0.0,0.0,0.0,193.0,5115.0,120.0,0.0,1142.0,1846.0
2021-04-27 03:00:00+01:00,1218.0,12125.0,0.0,0.0,0.0,193.0,5098.0,120.0,0.0,1098.0,1804.0
2021-04-27 03:30:00+01:00,1267.0,12213.0,0.0,0.0,0.0,193.0,5096.0,118.0,0.0,1019.0,1785.0
2021-04-27 04:00:00+01:00,1333.0,12516.0,0.0,0.0,0.0,174.0,5071.0,118.0,0.0,836.0,1719.0
2021-04-27 04:30:00+01:00,1408.0,12683.0,0.0,0.0,0.0,173.0,5070.0,215.0,0.0,889.0,1618.0
2021-04-27 05:00:00+01:00,1577.0,12687.0,0.0,0.0,13.0,233.0,5049.0,188.0,0.0,872.0,1636.0
2021-04-27 05:30:00+01:00,1869.0,13780.0,0.0,0.0,151.0,234.0,5044.0,180.0,2.0,814.0,1696.0
2021-04-27 06:00:00+01:00,2054.0,15399.0,0.0,0.0,1.0,283.0,5020.0,117.0,82.0,841.0,1682.0
2021-04-27 06:30:00+01:00,2364.0,17328.0,7.0,0.0,0.0,281.0,5005.0,122.0,380.0,913.0,1782.0
2021-04-27 07:00:00+01:00,2750.0,17810.0,294.0,0.0,0.0,399.0,4983.0,139.0,835.0,848.0,1870.0
2021-04-27 07:30:00+01:00,2951.0,18467.0,483.0,0.0,299.0,426.0,4966.0,154.0,1370.0,881.0,1885.0
2021-04-27 08:00:00+01:00,2880.0,18777.0,491.0,0.0,597.0,434.0,4954.0,189.0,1890.0,929.0,1986.0
2021-04-27 08:30:00+01:00,2866.0,18451.0,370.0,0.0,1048.0,434.0,4929.0,151.0,2410.0,897.0,2104.0
2021-04-27 09:00:00+01:00,2967.0,18655.0,348.0,0.0,1051.0,289.0,4718.0,137.0,2940.0,853.0,2340.0
2021-04-27 09:30:00+01:00,2852.0,18650.0,365.0,0.0,599.0,285.0,4699.0,135.0,3460.0,849.0,2481.0
2021-04-27 10:00:00+01:00,2891.0,18745.0,487.0,0.0,220.0,238.0,4710.0,178.0,3870.0,874.0,2599.0
2021-04-27 10:30:00+01:00,2874.0,18454.0,493.0,0.0,0.0,225.0,4698.0,186.0,4230.0,911.0,2701.0
2021-04-27 11:00:00+01:00,2822.0,17739.0,425.0,0.0,0.0,217.0,4707.0,176.0,4400.0,911.0,3099.0
2021-04-27 11:30:00+01:00,2816.0,17456.0,435.0,0.0,158.0,197.0,4691.0,123.0,4580.0,85.0,1083.0
2021-04-27 12:00:00+01:00,2856.0,17460.0,421.0,0.0,0.0,195.0,4699.0,200.0,4620.0,924.0,3689.0
2021-04-27 12:30:00+01:00,2873.0,17360.0,424.0,0.0,0.0,195.0,4692.0,285.0,4610.0,944.0,3746.0
2021-04-27 13:00:00+01:00,2903.0,17216.0,20.0,0.0,206.0,181.0,4694.0,266.0,4730.0,1019.0,3875.0
2021-04-27 13:30:00+01:00,2897.0,16940.0,0.0,0.0,128.0,175.0,4686.0,253.0,4650.0,961.0,3996.0
2021-04-27 14:00:00+01:00,2867.0,16855.0,0.0,0.0,121.0,175.0,4702.0,328.0,4500.0,906.0,4173.0
2021-04-27 14:30:00+01:00,2880.0,16840.0,0.0,0.0,0.0,175.0,4699.0,342.0,3960.0,842.0,4320.0
2021-04-27 15:00:00+01:00,3028.0,16514.0,0.0,0.0,0.0,184.0,4700.0,337.0,3490.0,901.0,4306.0
2021-04-27 15:30:00+01:00,3092.0,17171.0,0.0,0.0,158.0,192.0,4697.0,369.0,3120.0,992.0,4293.0
2021-04-27 16:00:00+01:00,3096.0,17332.0,0.0,0.0,301.0,192.0,4704.0,371.0,2670.0,1131.0,4311.0
2021-04-27 16:30:00+01:00,3082.0,17694.0,0.0,0.0,389.0,243.0,4702.0,444.0,2190.0,1081.0,4594.0
2021-04-27 17:00:00+01:00,3098.0,18030.0,0.0,0.0,597.0,305.0,4704.0,453.0,1780.0,1109.0,4557.0
2021-04-27 17:30:00+01:00,3094.0,18152.0,0.0,0.0,770.0,335.0,4697.0,344.0,1330.0,1234.0,4623.0
2021-04-27 18:00:00+01:00,3066.0,18179.0,0.0,0.0,896.0,460.0,4695.0,325.0,944.0,1377.0,4484.0
2021-04-27 18:30:00+01:00,3071.0,18149.0,0.0,0.0,815.0,464.0,4692.0,303.0,590.0,1679.0,4351.0
2021-04-27 19:00:00+01:00,3070.0,18113.0,0.0,0.0,884.0,482.0,4707.0,262.0,271.0,1887.0,4299.0
2021-04-27 19:30:00+01:00,3072.0,17772.0,0.0,0.0,691.0,482.0,4698.0,289.0,86.0,2214.0,4280.0
2021-04-27 20:00:00+01:00,3076.0,17788.0,0.0,0.0,40.0,396.0,4704.0,268.0,8.0,2389.0,3941.0
2021-04-27 20:30:00+01:00,3074.0,17292.0,0.0,0.0,0.0,351.0,4708.0,224.0,1.0,2493.0,3977.0
2021-04-27 21:00:00+01:00,3063.0,17471.0,0.0,0.0,0.0,293.0,4702.0,155.0,1.0,2522.0,3791.0
2021-04-27 21:30:00+01:00,3067.0,17211.0,0.0,0.0,0.0,267.0,4707.0,156.0,2.0,2524.0,3724.0
2021-04-27 22:00:00+01:00,2858.0,15411.0,0.0,0.0,0.0,256.0,4709.0,152.0,0.0,2437.0,3517.0
2021-04-27 22:30:00+01:00,2274.0,14719.0,0.0,0.0,0.0,250.0,4701.0,154.0,0.0,2420.0,3455.0
2021-04-27 23:00:00+01:00,1622.0,11791.0,0.0,0.0,0.0,234.0,4713.0,156.0,1.0,2429.0,3489.0
2021-04-27 23:30:00+01:00,1151.0,9678.0,0.0,0.0,0.0,229.0,4701.0,150.0,0.0,2722.0,3512.0
2021-04-28 00:00:00+01:00,1154.0,8827.0,0.0,0.0,0.0,217.0,4704.0,156.0,0.0,2888.0,3285.0
2021-04-28 00:30:00+01:00,1163.0,9102.0,0.0,0.0,0.0,185.0,4702.0,153.0,0.0,3204.0,3171.0
2021-04-28 01:00:00+01:00,1162.0,8844.0,0.0,0.0,0.0,176.0,4700.0,156.0,0.0,3205.0,2959.0
2021-04-28 01:30:00+01:00,1164.0,9057.0,0.0,0.0,0.0,174.0,4697.0,153.0,0.0,3262.0,2864.0
2021-04-28 02:00:00+01:00,1163.0,9441.0,0.0,0.0,0.0,168.0,4694.0,130.0,0.0,3225.0,2855.0
2021-04-28 02:30:00+01:00,1161.0,9499.0,0.0,0.0,0.0,161.0,4695.0,129.0,0.0,3059.0,2867.0
2021-04-28 03:00:00+01:00,1160.0,9308.0,0.0,0.0,0.0,157.0,4702.0,120.0,0.0,3174.0,2805.0
2021-04-28 03:30:00+01:00,1162.0,9407.0,0.0,0.0,0.0,158.0,4693.0,121.0,1.0,3399.0,2707.0
2021-04-28 04:00:00+01:00,1144.0,9319.0,0.0,0.0,0.0,139.0,4703.0,122.0,0.0,3302.0,2712.0
2021-04-28 04:30:00+01:00,1146.0,9224.0,0.0,0.0,28.0,139.0,4694.0,130.0,0.0,3330.0,2677.0
2021-04-28 05:00:00+01:00,1146.0,9038.0,0.0,0.0,0.0,188.0,4699.0,124.0,0.0,3442.0,2777.0
2021-04-28 05:30:00+01:00,1148.0,10222.0,0.0,0.0,0.0,200.0,4695.0,118.0,4.0,3364.0,2747.0
2021-04-28 06:00:00+01:00,1372.0,11820.0,0.0,0.0,0.0,256.0,4709.0,119.0,85.0,3545.0,2757.0
2021-04-28 06:30:00+01:00,1674.0,13172.0,0.0,0.0,0.0,262.0,4702.0,117.0,291.0,3743.0,2756.0
2021-04-28 07:00:00+01:00,1792.0,14436.0,0.0,0.0,0.0,363.0,4699.0,124.0,558.0,3797.0,2827.0
2021-04-28 07:30:00+01:00,1809.0,15821.0,0.0,0.0,498.0,372.0,4695.0,127.0,905.0,3829.0,2782.0
2021-04-28 08:00:00+01:00,1750.0,15817.0,0.0,0.0,381.0,371.0,4708.0,192.0,1310.0,3955.0,3088.0
2021-04-28 08:30:00+01:00,1760.0,15818.0,0.0,0.0,151.0,369.0,4710.0,131.0,1700.0,4025.0,3305.0
2021-04-28 09:00:00+01:00,1751.0,15617.0,0.0,0.0,0.0,316.0,4704.0,127.0,2010.0,4049.0,3721.0
2021-04-28 09:30:00+01:00,1729.0,15764.0,0.0,0.0,0.0,288.0,4708.0,127.0,2260.0,4078.0,3768.0
2021-04-28 10:00:00+01:00,1745.0,15667.0,0.0,0.0,25.0,171.0,4713.0,131.0,2650.0,4005.0,3859.0
2021-04-28 10:30:00+01:00,1752.0,16025.0,0.0,0.0,0.0,205.0,4706.0,123.0,2910.0,3991.0,3758.0
2021-04-28 11:00:00+01:00,1765.0,15918.0,0.0,0.0,0.0,204.0,4705.0,121.0,3030.0,4104.0,3664.0
2021-04-28 11:30:00+01:00,1783.0,16073.0,0.0,0.0,0.0,183.0,4706.0,123.0,3120.0,4155.0,3591.0
2021-04-28 12:00:00+01:00,1771.0,15877.0,0.0,0.0,0.0,182.0,4701.0,131.0,3250.0,4066.0,3495.0
2021-04-28 12:30:00+01:00,1778.0,16016.0,0.0,0.0,0.0,181.0,4691.0,129.0,2970.0,4050.0,3367.0
2021-04-28 13:00:00+01:00,1762.0,15705.0,0.0,0.0,61.0,171.0,4705.0,117.0,2960.0,4445.0,3224.0
2021-04-28 13:30:00+01:00,1791.0,15238.0,0.0,0.0,0.0,168.0,4694.0,118.0,3000.0,4490.0,3144.0
2021-04-28 14:00:00+01:00,1777.0,15394.0,0.0,0.0,0.0,142.0,4693.0,123.0,2840.0,4382.0,3195.0
2021-04-28 14:30:00+01:00,1788.0,15539.0,0.0,0.0,0.0,141.0,4691.0,118.0,2630.0,4615.0,3048.0
2021-04-28 15:00:00+01:00,1785.0,15406.0,0.0,0.0,0.0,156.0,4704.0,119.0,2250.0,4699.0,3045.0
2021-04-28 15:30:00+01:00,1877.0,15735.0,0.0,0.0,151.0,141.0,4695.0,119.0,2050.0,4611.0,3005.0
2021-04-28 16:00:00+01:00,2075.0,16296.0,0.0,0.0,0.0,179.0,4711.0,175.0,1960.0,4539.0,2990.0
2021-04-28 16:30:00+01:00,2098.0,16692.0,0.0,0.0,127.0,188.0,4707.0,295.0,1780.0,4539.0,3016.0
2021-04-28 17:00:00+01:00,2093.0,16907.0,0.0,0.0,748.0,347.0,4705.0,346.0,1470.0,4462.0,2753.0
2021-04-28 17:30:00+01:00,2223.0,17395.0,0.0,0.0,748.0,417.0,4704.0,322.0,1140.0,4365.0,2722.0
2021-04-28 18:00:00+01:00,2214.0,17729.0,0.0,0.0,1049.0,575.0,4710.0,253.0,847.0,4581.0,2477.0
2021-04-28 18:30:00+01:00,2210.0,17666.0,0.0,0.0,1227.0,578.0,4698.0,250.0,590.0,4610.0,2419.0
2021-04-28 19:00:00+01:00,2102.0,17951.0,0.0,0.0,836.0,578.0,4706.0,226.0,353.0,4743.0,2261.0
2021-04-28 19:30:00+01:00,2114.0,18140.0,0.0,0.0,600.0,558.0,4692.0,205.0,148.0,4755.0,2132.0
2021-04-28 20:00:00+01:00,2122.0,18164.0,0.0,0.0,546.0,405.0,4699.0,275.0,20.0,4969.0,1727.0
2021-04-28 20:30:00+01:00,2152.0,18034.0,0.0,0.0,566.0,359.0,4690.0,287.0,1.0,4731.0,1630.0
2021-04-28 21:00:00+01:00,2191.0,18137.0,0.0,0.0,620.0,301.0,4709.0,186.0,1.0,4700.0,1494.0
2021-04-28 21:30:00+01:00,2171.0,17050.0,0.0,0.0,171.0,264.0,4696.0,164.0,0.0,4719.0,1510.0
2021-04-28 22:00:00+01:00,1743.0,16037.0,0.0,0.0,147.0,249.0,4703.0,123.0,1.0,4738.0,1414.0
2021-04-28 22:30:00+01:00,1616.0,14407.0,0.0,0.0,0.0,264.0,4701.0,117.0,0.0,4622.0,1320.0
2021-04-28 23:00:00+01:00,1160.0,13342.0,0.0,0.0,0.0,263.0,4715.0,117.0,1.0,4501.0,1226.0
2021-04-28 23:30:00+01:00,1166.0,11546.0,0.0,0.0,0.0,263.0,4710.0,118.0,0.0,4523.0,1221.0
2021-04-29 00:00:00+01:00,1163.0,11069.0,0.0,0.0,0.0,194.0,4711.0,117.0,0.0,4543.0,1170.0
2021-04-29 00:30:00+01:00,1167.0,11061.0,0.0,0.0,0.0,172.0,4702.0,125.0,0.0,4445.0,1122.0
2021-04-29 01:00:00+01:00,1161.0,10977.0,0.0,0.0,0.0,173.0,4707.0,120.0,0.0,4287.0,980.0
2021-04-29 01:30:00+01:00,1164.0,11356.0,0.0,0.0,0.0,173.0,4712.0,118.0,0.0,4203.0,980.0
2021-04-29 02:00:00+01:00,1167.0,11417.0,0.0,0.0,0.0,155.0,4715.0,118.0,1.0,3996.0,938.0
2021-04-29 02:30:00+01:00,1172.0,11594.0,0.0,0.0,0.0,155.0,4702.0,118.0,0.0,3928.0,932.0
2021-04-29 03:00:00+01:00,1169.0,11483.0,0.0,0.0,0.0,155.0,4709.0,119.0,1.0,3924.0,927.0
2021-04-29 03:30:00+01:00,1171.0,11331.0,0.0,0.0,0.0,155.0,4705.0,118.0,0.0,3807.0,1048.0
2021-04-29 04:00:00+01:00,1151.0,11253.0,0.0,0.0,0.0,136.0,4712.0,118.0,1.0,3786.0,1047.0
2021-04-29 04:30:00+01:00,1153.0,11109.0,0.0,0.0,0.0,136.0,4710.0,122.0,0.0,3898.0,1022.0
2021-04-29 05:00:00+01:00,1172.0,11115.0,0.0,0.0,0.0,179.0,4707.0,120.0,0.0,3847.0,1034.0
2021-04-29 05:30:00+01:00,1245.0,11786.0,0.0,0.0,0.0,183.0,4708.0,119.0,7.0,3770.0,1089.0
2021-04-29 06:00:00+01:00,1614.0,13131.0,0.0,0.0,0.0,256.0,4712.0,117.0,156.0,183.0,708.0
2021-04-29 06:30:00+01:00,2208.0,14810.0,0.0,0.0,0.0,278.0,4717.0,194.0,591.0,3704.0,1150.0
2021-04-29 07:00:00+01:00,2620.0,16252.0,0.0,0.0,89.0,320.0,4707.0,275.0,1220.0,3586.0,1184.0
2021-04-29 07:30:00+01:00,2923.0,16799.0,0.0,0.0,849.0,327.0,4716.0,339.0,1910.0,3521.0,1192.0
2021-04-29 08:00:00+01:00,3019.0,17033.0,0.0,0.0,541.0,329.0,4706.0,388.0,2640.0,3513.0,1313.0
2021-04-29 08:30:00+01:00,2915.0,16964.0,0.0,0.0,639.0,328.0,4715.0,386.0,3340.0,3443.0,1437.0
2021-04-29 09:00:00+01:00,2867.0,17180.0,0.0,0.0,170.0,300.0,4716.0,286.0,4010.0,3321.0,1683.0
2021-04-29 09:30:00+01:00,2864.0,17036.0,0.0,0.0,0.0,285.0,4710.0,174.0,4490.0,3302.0,1752.0
2021-04-29 10:00:00+01:00,2866.0,17103.0,0.0,0.0,627.0,208.0,4715.0,135.0,4820.0,3123.0,1928.0
2021-04-29 10:30:00+01:00,2867.0,17175.0,0.0,0.0,149.0,203.0,4709.0,187.0,4970.0,3054.0,2060.0
2021-04-29 11:00:00+01:00,2870.0,17172.0,0.0,0.0,711.0,183.0,4702.0,320.0,4870.0,2807.0,2145.0
2021-04-29 11:30:00+01:00,2788.0,17157.0,0.0,0.0,998.0,219.0,4707.0,327.0,4750.0,2711.0,2058.0
2021-04-29 12:00:00+01:00,2799.0,17149.0,0.0,0.0,416.0,259.0,4707.0,322.0,4430.0,2558.0,2223.0
2021-04-29 12:30:00+01:00,2796.0,17630.0,0.0,0.0,933.0,223.0,4705.0,280.0,4340.0,2433.0,2262.0
2021-04-29 13:00:00+01:00,2799.0,17807.0,0.0,0.0,343.0,182.0,4705.0,281.0,4270.0,2549.0,2329.0
2021-04-29 13:30:00+01:00,2875.0,18013.0,0.0,0.0,0.0,181.0,4705.0,282.0,4410.0,2555.0,2248.0
2021-04-29 14:00:00+01:00,2920.0,18098.0,0.0,0.0,0.0,170.0,4715.0,123.0,4450.0,2542.0,2309.0
2021-04-29 14:30:00+01:00,2883.0,17649.0,0.0,0.0,0.0,162.0,4706.0,123.0,4440.0,2112.0,2269.0
2021-04-29 15:00:00+01:00,2744.0,17726.0,0.0,0.0,0.0,162.0,4712.0,121.0,4300.0,2048.0,2254.0
2021-04-29 15:30:00+01:00,2822.0,17890.0,0.0,0.0,0.0,162.0,4708.0,118.0,3940.0,2213.0,2431.0
2021-04-29 16:00:00+01:00,2835.0,18502.0,11.0,0.0,0.0,161.0,4723.0,129.0,3410.0,2220.0,2243.0
2021-04-29 16:30:00+01:00,2827.0,19349.0,137.0,0.0,0.0,198.0,4740.0,149.0,4248.0,2211.0,2124.0
2021-04-29 17:00:00+01:00,2819.0,19754.0,310.0,0.0,0.0,299.0,4731.0,221.0,2460.0,2355.0,2289.0
2021-04-29 17:30:00+01:00,2840.0,20069.0,474.0,0.0,383.0,348.0,4727.0,207.0,1990.0,2356.0,2126.0
2021-04-29 18:00:00+01:00,2832.0,20321.0,486.0,0.0,934.0,414.0,4713.0,289.0,1500.0,2214.0,2033.0
2021-04-29 18:30:00+01:00,2808.0,20376.0,483.0,0.0,1320.0,422.0,4715.0,281.0,1060.0,2146.0,1878.0
2021-04-29 19:00:00+01:00,2811.0,20624.0,490.0,0.0,1062.0,424.0,4703.0,320.0,613.0,2035.0,1567.0
2021-04-29 19:30:00+01:00,2807.0,20479.0,403.0,0.0,1319.0,424.0,4701.0,265.0,225.0,1953.0,1468.0
2021-04-29 20:00:00+01:00,2830.0,20549.0,482.0,0.0,1019.0,410.0,4712.0,320.0,33.0,1751.0,1297.0
2021-04-29 20:30:00+01:00,2888.0,20545.0,489.0,0.0,1016.0,380.0,4700.0,309.0,2.0,1485.0,1234.0
2021-04-29 21:00:00+01:00,2891.0,20644.0,494.0,0.0,1088.0,349.0,4715.0,284.0,1.0,1386.0,1108.0
2021-04-29 21:30:00+01:00,2953.0,20436.0,489.0,0.0,71.0,314.0,4702.0,217.0,0.0,1317.0,1095.0
2021-04-29 22:00:00+01:00,2947.0,19640.0,471.0,0.0,0.0,281.0,4714.0,119.0,0.0,1224.0,1045.0
2021-04-29 22:30:00+01:00,2950.0,18107.0,151.0,0.0,0.0,311.0,4717.0,118.0,0.0,1181.0,1065.0
2021-04-29 23:00:00+01:00,2937.0,16987.0,0.0,0.0,0.0,294.0,4714.0,121.0,0.0,937.0,1078.0
2021-04-29 23:30:00+01:00,2916.0,15766.0,0.0,0.0,0.0,291.0,4712.0,122.0,0.0,881.0,1071.0
2021-04-30 00:00:00+01:00,2918.0,15500.0,0.0,0.0,0.0,222.0,4715.0,116.0,1.0,809.0,1080.0
2021-04-30 00:30:00+01:00,2918.0,15147.0,0.0,0.0,0.0,222.0,4721.0,116.0,0.0,788.0,1089.0
2021-04-30 01:00:00+01:00,2846.0,14934.0,0.0,0.0,0.0,189.0,4708.0,116.0,0.0,803.0,1083.0
2021-04-30 01:30:00+01:00,2771.0,14918.0,0.0,0.0,0.0,189.0,4704.0,115.0,0.0,802.0,1078.0
2021-04-30 02:00:00+01:00,2825.0,14899.0,0.0,0.0,0.0,174.0,4705.0,115.0,0.0,783.0,994.0
2021-04-30 02:30:00+01:00,2733.0,14765.0,0.0,0.0,0.0,175.0,4709.0,116.0,0.0,807.0,994.0
2021-04-30 03:00:00+01:00,2758.0,14891.0,0.0,0.0,0.0,174.0,4701.0,116.0,0.0,737.0,1006.0
2021-04-30 03:30:00+01:00,2755.0,15003.0,0.0,0.0,0.0,176.0,4700.0,119.0,0.0,719.0,1000.0
2021-04-30 04:00:00+01:00,2866.0,14891.0,0.0,0.0,0.0,159.0,4697.0,116.0,0.0,658.0,1082.0
2021-04-30 04:30:00+01:00,2971.0,15448.0,0.0,0.0,0.0,159.0,4704.0,116.0,0.0,668.0,1065.0
2021-04-30 05:00:00+01:00,2974.0,15563.0,0.0,0.0,0.0,203.0,4700.0,120.0,0.0,785.0,1029.0
2021-04-30 05:30:00+01:00,2981.0,15776.0,5.0,0.0,0.0,203.0,4708.0,116.0,13.0,650.0,1011.0
2021-04-30 06:00:00+01:00,2973.0,16522.0,265.0,0.0,0.0,243.0,4704.0,117.0,180.0,577.0,1035.0
2021-04-30 06:30:00+01:00,2975.0,18235.0,467.0,0.0,0.0,243.0,4700.0,130.0,562.0,576.0,1110.0
2021-04-30 07:00:00+01:00,2947.0,19119.0,490.0,0.0,27.0,283.0,4701.0,149.0,1100.0,658.0,1131.0
2021-04-30 07:30:00+01:00,2945.0,19736.0,467.0,0.0,132.0,286.0,4712.0,225.0,1680.0,726.0,1076.0
2021-04-30 08:00:00+01:00,2955.0,19876.0,456.0,0.0,819.0,284.0,4712.0,225.0,2300.0,713.0,993.0
2021-04-30 08:30:00+01:00,2832.0,19659.0,460.0,0.0,726.0,284.0,4707.0,370.0,2970.0,809.0,995.0
2021-04-30 09:00:00+01:00,2774.0,19469.0,456.0,0.0,737.0,276.0,4710.0,218.0,3730.0,657.0,1138.0
2021-04-30 09:30:00+01:00,2935.0,19081.0,454.0,0.0,415.0,271.0,4706.0,348.0,4330.0,644.0,1149.0
2021-04-30 10:00:00+01:00,2944.0,19231.0,462.0,0.0,120.0,215.0,4707.0,374.0,4590.0,558.0,1170.0
2021-04-30 10:30:00+01:00,2942.0,19129.0,447.0,0.0,120.0,208.0,4706.0,337.0,5120.0,554.0,1182.0
2021-04-30 11:00:00+01:00,2935.0,18941.0,448.0,0.0,237.0,189.0,4713.0,389.0,5130.0,429.0,1230.0
2021-04-30 11:30:00+01:00,2897.0,19082.0,449.0,0.0,297.0,178.0,4704.0,299.0,5180.0,362.0,1185.0
2021-04-30 12:00:00+01:00,2892.0,19044.0,450.0,0.0,323.0,177.0,4712.0,293.0,4820.0,343.0,1200.0
2021-04-30 12:30:00+01:00,2941.0,19255.0,448.0,0.0,0.0,177.0,4705.0,350.0,4850.0,287.0,1102.0
2021-04-30 13:00:00+01:00,3011.0,19201.0,446.0,0.0,165.0,176.0,4708.0,345.0,4740.0,316.0,1068.0
2021-04-30 13:30:00+01:00,3013.0,19128.0,447.0,0.0,58.0,175.0,4700.0,299.0,4760.0,391.0,1014.0
2021-04-30 14:00:00+01:00,3012.0,18826.0,444.0,0.0,172.0,167.0,4701.0,224.0,4990.0,473.0,1015.0
2021-04-30 14:30:00+01:00,3015.0,18698.0,447.0,0.0,0.0,176.0,4706.0,248.0,4650.0,456.0,1007.0
2021-04-30 15:00:00+01:00,3014.0,18704.0,447.0,0.0,0.0,176.0,4705.0,324.0,4320.0,419.0,942.0
2021-04-30 15:30:00+01:00,3005.0,18821.0,449.0,0.0,0.0,160.0,4703.0,389.0,4050.0,442.0,951.0
2021-04-30 16:00:00+01:00,3007.0,18792.0,449.0,0.0,0.0,175.0,4702.0,366.0,3690.0,452.0,945.0
2021-04-30 16:30:00+01:00,3014.0,19077.0,450.0,0.0,399.0,195.0,4699.0,406.0,3250.0,415.0,925.0
2021-04-30 17:00:00+01:00,3010.0,18883.0,448.0,0.0,960.0,389.0,4708.0,422.0,2850.0,438.0,916.0
2021-04-30 17:30:00+01:00,3015.0,19068.0,450.0,0.0,1286.0,431.0,4697.0,439.0,2380.0,384.0,874.0
2021-04-30 18:00:00+01:00,3013.0,18883.0,451.0,0.0,1372.0,444.0,4707.0,603.0,1780.0,452.0,811.0
2021-04-30 18:30:00+01:00,3021.0,19097.0,451.0,0.0,1715.0,442.0,4700.0,611.0,1180.0,296.0,818.0
2021-04-30 19:00:00+01:00,3014.0,19284.0,451.0,0.0,1944.0,433.0,4716.0,657.0,656.0,345.0,753.0
2021-04-30 19:30:00+01:00,3010.0,19591.0,452.0,0.0,1474.0,432.0,4711.0,626.0,259.0,436.0,766.0
2021-04-30 20:00:00+01:00,3016.0,19628.0,450.0,0.0,1477.0,428.0,4709.0,618.0,38.0,350.0,594.0
2021-04-30 20:30:00+01:00,3017.0,19428.0,450.0,0.0,1599.0,421.0,4695.0,496.0,1.0,283.0,573.0
2021-04-30 21:00:00+01:00,3017.0,19418.0,448.0,0.0,1365.0,355.0,4707.0,474.0,1.0,256.0,528.0
2021-04-30 21:30:00+01:00,3014.0,19311.0,449.0,0.0,775.0,306.0,4699.0,382.0,2.0,297.0,500.0
2021-04-30 22:00:00+01:00,2946.0,19200.0,452.0,0.0,378.0,281.0,4372.0,218.0,1.0,323.0,468.0
2021-04-30 22:30:00+01:00,2653.0,18760.0,448.0,0.0,0.0,303.0,4368.0,188.0,0.0,345.0,442.0
2021-04-30 23:00:00+01:00,2359.0,18145.0,431.0,0.0,0.0,295.0,4363.0,120.0,1.0,349.0,400.0
2021-04-30 23:30:00+01:00,2295.0,16605.0,231.0,0.0,0.0,286.0,4362.0,119.0,1.0,377.0,367.0
2021-05-01 00:00:00+01:00,2257.0,15789.0,0.0,0.0,0.0,239.0,4376.0,124.0,1.0,414.0,352.0
2021-05-01 00:30:00+01:00,2134.0,15404.0,0.0,0.0,0.0,239.0,4374.0,118.0,0.0,455.0,341.0
2021-05-01 01:00:00+01:00,2136.0,15190.0,0.0,0.0,0.0,208.0,4378.0,119.0,0.0,478.0,318.0
2021-05-01 01:30:00+01:00,2231.0,15232.0,0.0,0.0,0.0,208.0,4372.0,116.0,0.0,639.0,326.0
2021-05-01 02:00:00+01:00,2308.0,15342.0,0.0,0.0,0.0,189.0,4370.0,120.0,0.0,654.0,322.0
2021-05-01 02:30:00+01:00,2306.0,15353.0,0.0,0.0,0.0,189.0,4373.0,115.0,0.0,601.0,298.0
2021-05-01 03:00:00+01:00,2311.0,15137.0,0.0,0.0,0.0,187.0,4369.0,120.0,0.0,673.0,286.0
2021-05-01 03:30:00+01:00,2309.0,15005.0,0.0,0.0,0.0,187.0,4364.0,115.0,0.0,736.0,276.0
2021-05-01 04:00:00+01:00,2311.0,14503.0,0.0,0.0,0.0,168.0,4362.0,115.0,0.0,745.0,275.0
2021-05-01 04:30:00+01:00,2312.0,14369.0,0.0,0.0,0.0,166.0,4364.0,119.0,0.0,668.0,276.0
2021-05-01 05:00:00+01:00,2312.0,14441.0,0.0,0.0,0.0,166.0,4370.0,121.0,0.0,637.0,272.0
2021-05-01 05:30:00+01:00,2302.0,14441.0,0.0,0.0,0.0,179.0,4375.0,116.0,16.0,4158.0,509.0
2021-05-01 06:00:00+01:00,2316.0,14693.0,0.0,0.0,0.0,217.0,4371.0,117.0,200.0,820.0,280.0
2021-05-01 06:30:00+01:00,2312.0,15162.0,0.0,0.0,0.0,237.0,4367.0,121.0,599.0,777.0,284.0
2021-05-01 07:00:00+01:00,2313.0,15831.0,0.0,0.0,0.0,295.0,4365.0,121.0,1170.0,816.0,284.0
2021-05-01 07:30:00+01:00,2293.0,16098.0,0.0,0.0,0.0,295.0,4366.0,127.0,1890.0,926.0,280.0
2021-05-01 08:00:00+01:00,2294.0,16302.0,0.0,0.0,255.0,293.0,4365.0,304.0,2730.0,833.0,285.0
2021-05-01 08:30:00+01:00,2291.0,16377.0,0.0,0.0,535.0,293.0,4364.0,320.0,3400.0,727.0,284.0
2021-05-01 09:00:00+01:00,2283.0,16788.0,0.0,0.0,25.0,278.0,4371.0,304.0,3990.0,724.0,311.0
2021-05-01 09:30:00+01:00,2274.0,16692.0,0.0,0.0,147.0,290.0,4370.0,318.0,4460.0,672.0,314.0
2021-05-01 10:00:00+01:00,2282.0,16737.0,0.0,0.0,0.0,293.0,4371.0,324.0,4980.0,841.0,340.0
2021-05-01 10:30:00+01:00,2282.0,16705.0,0.0,0.0,0.0,275.0,4368.0,272.0,5010.0,851.0,342.0
2021-05-01 11:00:00+01:00,2279.0,16711.0,0.0,0.0,0.0,243.0,4376.0,216.0,5000.0,792.0,386.0
2021-05-01 11:30:00+01:00,2279.0,16839.0,0.0,0.0,33.0,227.0,4372.0,242.0,5030.0,733.0,393.0
2021-05-01 12:00:00+01:00,2281.0,16747.0,0.0,0.0,165.0,207.0,4373.0,243.0,5140.0,764.0,490.0
2021-05-01 12:30:00+01:00,2275.0,16785.0,0.0,0.0,165.0,206.0,4374.0,222.0,4980.0,863.0,470.0
2021-05-01 13:00:00+01:00,2284.0,16836.0,0.0,0.0,0.0,197.0,4372.0,181.0,5090.0,837.0,505.0
2021-05-01 13:30:00+01:00,2232.0,16667.0,0.0,0.0,0.0,191.0,4372.0,122.0,5290.0,868.0,503.0
2021-05-01 14:00:00+01:00,2202.0,16076.0,0.0,0.0,101.0,191.0,4364.0,169.0,5120.0,911.0,526.0
2021-05-01 14:30:00+01:00,2170.0,15678.0,0.0,0.0,0.0,191.0,4371.0,127.0,4960.0,927.0,571.0
2021-05-01 15:00:00+01:00,2249.0,15480.0,0.0,0.0,0.0,191.0,4363.0,122.0,4670.0,1040.0,582.0
2021-05-01 15:30:00+01:00,2265.0,15596.0,0.0,0.0,0.0,191.0,4369.0,117.0,3930.0,1148.0,601.0
2021-05-01 16:00:00+01:00,2272.0,16221.0,11.0,0.0,0.0,213.0,4362.0,117.0,3400.0,1154.0,674.0
2021-05-01 16:30:00+01:00,2274.0,17243.0,191.0,0.0,0.0,231.0,4368.0,120.0,2960.0,1083.0,750.0
2021-05-01 17:00:00+01:00,2276.0,18112.0,431.0,0.0,0.0,340.0,4364.0,121.0,2470.0,1067.0,740.0
2021-05-01 17:30:00+01:00,2282.0,19000.0,490.0,0.0,33.0,350.0,4363.0,124.0,2020.0,967.0,716.0
2021-05-01 18:00:00+01:00,2266.0,19152.0,492.0,0.0,598.0,360.0,4376.0,244.0,1590.0,880.0,597.0
2021-05-01 18:30:00+01:00,2280.0,19755.0,492.0,0.0,773.0,377.0,4366.0,275.0,1080.0,792.0,591.0
2021-05-01 19:00:00+01:00,2277.0,19732.0,492.0,0.0,756.0,390.0,4372.0,262.0,691.0,760.0,518.0
2021-05-01 19:30:00+01:00,2281.0,19862.0,490.0,0.0,900.0,392.0,4371.0,266.0,289.0,724.0,480.0
2021-05-01 20:00:00+01:00,2276.0,19882.0,492.0,0.0,899.0,374.0,4371.0,261.0,49.0,694.0,322.0
2021-05-01 20:30:00+01:00,2283.0,19900.0,490.0,0.0,899.0,361.0,4368.0,257.0,1.0,656.0,311.0
2021-05-01 21:00:00+01:00,2278.0,20051.0,489.0,0.0,488.0,317.0,4366.0,239.0,2.0,598.0,246.0
2021-05-01 21:30:00+01:00,2275.0,19716.0,474.0,0.0,299.0,312.0,4368.0,203.0,3.0,601.0,245.0
2021-05-01 22:00:00+01:00,2282.0,19226.0,482.0,0.0,103.0,287.0,4361.0,166.0,2.0,514.0,221.0
2021-05-01 22:30:00+01:00,2271.0,18442.0,428.0,0.0,0.0,237.0,4368.0,119.0,0.0,458.0,217.0
2021-05-01 23:00:00+01:00,2301.0,16987.0,399.0,0.0,0.0,235.0,4358.0,116.0,1.0,392.0,195.0
2021-05-01 23:30:00+01:00,2337.0,15743.0,125.0,0.0,33.0,234.0,4365.0,118.0,1.0,370.0,192.0
2021-05-02 00:00:00+01:00,2370.0,15108.0,0.0,0.0,97.0,210.0,4361.0,117.0,1.0,333.0,187.0
2021-05-02 00:30:00+01:00,2366.0,14564.0,0.0,0.0,0.0,208.0,4370.0,117.0,0.0,381.0,199.0
2021-05-02 01:00:00+01:00,2364.0,14333.0,0.0,0.0,0.0,192.0,4369.0,117.0,0.0,412.0,212.0
2021-05-02 01:30:00+01:00,2238.0,14361.0,0.0,0.0,0.0,187.0,4372.0,122.0,0.0,458.0,233.0
2021-05-02 02:00:00+01:00,2378.0,14383.0,0.0,0.0,0.0,172.0,4367.0,116.0,1.0,464.0,248.0
2021-05-02 02:30:00+01:00,2373.0,13858.0,0.0,0.0,0.0,168.0,4374.0,116.0,1.0,502.0,230.0
2021-05-02 03:00:00+01:00,2377.0,13983.0,0.0,0.0,0.0,168.0,4368.0,119.0,1.0,553.0,258.0
2021-05-02 03:30:00+01:00,2372.0,13955.0,0.0,0.0,0.0,168.0,4370.0,115.0,0.0,519.0,247.0
2021-05-02 04:00:00+01:00,2372.0,13896.0,0.0,0.0,0.0,168.0,4368.0,116.0,1.0,553.0,257.0
2021-05-02 04:30:00+01:00,2376.0,13908.0,0.0,0.0,0.0,168.0,4368.0,116.0,0.0,523.0,243.0
2021-05-02 05:00:00+01:00,2378.0,13835.0,0.0,0.0,0.0,168.0,4363.0,121.0,0.0,475.0,256.0
2021-05-02 05:30:00+01:00,2362.0,13544.0,0.0,0.0,0.0,184.0,4365.0,117.0,19.0,462.0,258.0
2021-05-02 06:00:00+01:00,2380.0,13491.0,0.0,0.0,0.0,205.0,4366.0,118.0,231.0,509.0,272.0
2021-05-02 06:30:00+01:00,2347.0,13526.0,0.0,0.0,0.0,218.0,4369.0,123.0,651.0,471.0,275.0
2021-05-02 07:00:00+01:00,2365.0,13455.0,0.0,0.0,0.0,265.0,4364.0,121.0,1220.0,696.0,249.0
2021-05-02 07:30:00+01:00,2374.0,14113.0,0.0,0.0,0.0,265.0,4361.0,121.0,1880.0,512.0,233.0
2021-05-02 08:00:00+01:00,2378.0,14257.0,0.0,0.0,0.0,281.0,4367.0,120.0,2650.0,302.0,227.0
2021-05-02 08:30:00+01:00,2370.0,14466.0,0.0,0.0,0.0,282.0,4365.0,242.0,3470.0,320.0,250.0
2021-05-02 09:00:00+01:00,2373.0,14563.0,0.0,0.0,0.0,246.0,4373.0,239.0,4320.0,468.0,313.0
2021-05-02 09:30:00+01:00,2316.0,14448.0,0.0,0.0,0.0,246.0,4372.0,239.0,4910.0,21.0,210.0
2021-05-02 10:00:00+01:00,2307.0,14805.0,0.0,0.0,0.0,251.0,4369.0,140.0,5360.0,261.0,408.0
2021-05-02 10:30:00+01:00,2295.0,14885.0,0.0,0.0,0.0,233.0,4370.0,270.0,5520.0,235.0,415.0
2021-05-02 11:00:00+01:00,2303.0,15471.0,0.0,0.0,0.0,231.0,4372.0,268.0,5340.0,273.0,533.0
2021-05-02 11:30:00+01:00,2294.0,15515.0,0.0,0.0,0.0,236.0,4369.0,306.0,5550.0,378.0,601.0
2021-05-02 12:00:00+01:00,2380.0,15267.0,0.0,0.0,0.0,198.0,4374.0,273.0,5710.0,364.0,774.0
2021-05-02 12:30:00+01:00,2370.0,15299.0,0.0,0.0,193.0,208.0,4368.0,469.0,5600.0,239.0,826.0
2021-05-02 13:00:00+01:00,2379.0,15346.0,0.0,0.0,93.0,212.0,4366.0,439.0,5380.0,328.0,1005.0
2021-05-02 13:30:00+01:00,2372.0,15487.0,0.0,0.0,22.0,215.0,4364.0,266.0,5240.0,271.0,966.0
2021-05-02 14:00:00+01:00,2374.0,15136.0,0.0,0.0,0.0,201.0,4367.0,199.0,5000.0,306.0,1197.0
2021-05-02 14:30:00+01:00,2353.0,15247.0,0.0,0.0,0.0,196.0,4362.0,118.0,4770.0,263.0,1245.0
2021-05-02 15:00:00+01:00,2276.0,15317.0,0.0,0.0,0.0,211.0,4355.0,118.0,4710.0,237.0,1380.0
2021-05-02 15:30:00+01:00,2270.0,15509.0,0.0,0.0,0.0,228.0,4356.0,117.0,4340.0,252.0,1421.0
2021-05-02 16:00:00+01:00,2273.0,15760.0,6.0,0.0,0.0,250.0,4354.0,118.0,3850.0,400.0,1521.0
2021-05-02 16:30:00+01:00,2272.0,16508.0,195.0,0.0,85.0,269.0,4359.0,187.0,3350.0,414.0,1504.0
2021-05-02 17:00:00+01:00,2275.0,17195.0,435.0,0.0,325.0,343.0,4359.0,184.0,2800.0,368.0,1472.0
2021-05-02 17:30:00+01:00,2273.0,17715.0,487.0,0.0,516.0,361.0,4371.0,276.0,2170.0,352.0,1398.0
2021-05-02 18:00:00+01:00,2273.0,17860.0,489.0,0.0,758.0,341.0,4364.0,219.0,1620.0,624.0,1262.0
2021-05-02 18:30:00+01:00,2272.0,17978.0,491.0,0.0,999.0,360.0,4367.0,237.0,1080.0,636.0,1188.0
2021-05-02 19:00:00+01:00,1474.0,17852.0,488.0,0.0,1408.0,490.0,4369.0,321.0,635.0,683.0,1052.0
2021-05-02 19:30:00+01:00,1316.0,18087.0,488.0,0.0,1062.0,534.0,4373.0,321.0,259.0,757.0,1006.0
2021-05-02 20:00:00+01:00,1310.0,18396.0,486.0,0.0,991.0,388.0,4369.0,299.0,35.0,804.0,727.0
2021-05-02 20:30:00+01:00,1512.0,18402.0,489.0,0.0,747.0,371.0,4374.0,288.0,2.0,862.0,747.0
2021-05-02 21:00:00+01:00,1775.0,18027.0,486.0,0.0,1012.0,333.0,4370.0,335.0,1.0,872.0,720.0
2021-05-02 21:30:00+01:00,1986.0,17941.0,486.0,0.0,342.0,317.0,4371.0,225.0,1.0,803.0,721.0
2021-05-02 22:00:00+01:00,2008.0,17546.0,353.0,0.0,165.0,234.0,4364.0,145.0,0.0,947.0,700.0
2021-05-02 22:30:00+01:00,2007.0,16266.0,485.0,0.0,0.0,229.0,4364.0,184.0,0.0,1173.0,668.0
2021-05-02 23:00:00+01:00,2005.0,14775.0,232.0,0.0,0.0,224.0,4374.0,122.0,1.0,1490.0,658.0
2021-05-02 23:30:00+01:00,1279.0,13893.0,245.0,0.0,0.0,224.0,4362.0,119.0,1.0,1537.0,659.0
2021-05-03 00:00:00+01:00,1277.0,12956.0,239.0,0.0,99.0,202.0,4372.0,116.0,1.0,1530.0,723.0
2021-05-03 00:30:00+01:00,1282.0,12280.0,230.0,0.0,0.0,194.0,4364.0,115.0,0.0,1540.0,723.0
2021-05-03 01:00:00+01:00,1283.0,11907.0,310.0,0.0,0.0,174.0,4366.0,114.0,0.0,1560.0,736.0
2021-05-03 01:30:00+01:00,1281.0,11696.0,387.0,0.0,0.0,172.0,4374.0,117.0,1.0,1651.0,704.0
2021-05-03 02:00:00+01:00,1955.0,11132.0,396.0,0.0,0.0,156.0,4371.0,113.0,1.0,1676.0,760.0
2021-05-03 02:30:00+01:00,2328.0,10368.0,392.0,0.0,0.0,152.0,4371.0,113.0,0.0,1721.0,765.0
2021-05-03 03:00:00+01:00,2321.0,10118.0,243.0,0.0,0.0,151.0,4372.0,117.0,0.0,1872.0,876.0
2021-05-03 03:30:00+01:00,2060.0,10671.0,0.0,0.0,0.0,151.0,4366.0,115.0,0.0,1733.0,930.0
2021-05-03 04:00:00+01:00,2049.0,10614.0,0.0,0.0,0.0,151.0,4368.0,114.0,0.0,1647.0,1003.0
2021-05-03 04:30:00+01:00,2061.0,10660.0,0.0,0.0,0.0,151.0,4364.0,117.0,0.0,1444.0,1035.0
2021-05-03 05:00:00+01:00,2139.0,11027.0,0.0,0.0,0.0,158.0,4361.0,147.0,0.0,1295.0,1182.0
2021-05-03 05:30:00+01:00,2204.0,10915.0,0.0,0.0,0.0,166.0,4360.0,192.0,21.0,1343.0,1245.0
2021-05-03 06:00:00+01:00,2297.0,10936.0,0.0,0.0,0.0,181.0,4364.0,193.0,193.0,1453.0,1452.0
2021-05-03 06:30:00+01:00,2309.0,10896.0,0.0,0.0,0.0,199.0,4359.0,195.0,522.0,1393.0,1640.0
2021-05-03 07:00:00+01:00,2274.0,10606.0,0.0,0.0,0.0,263.0,4362.0,269.0,929.0,1551.0,1876.0
2021-05-03 07:30:00+01:00,2344.0,10625.0,0.0,0.0,0.0,264.0,4362.0,191.0,1290.0,1650.0,2083.0
2021-05-03 08:00:00+01:00,2374.0,10789.0,0.0,0.0,0.0,334.0,4363.0,161.0,1710.0,1966.0,2597.0
2021-05-03 08:30:00+01:00,2368.0,10856.0,0.0,0.0,0.0,340.0,4370.0,190.0,2050.0,2222.0,2901.0
2021-05-03 09:00:00+01:00,2305.0,10513.0,0.0,0.0,59.0,342.0,4371.0,171.0,2420.0,2175.0,3492.0
2021-05-03 09:30:00+01:00,2282.0,10311.0,0.0,0.0,0.0,342.0,4369.0,126.0,2690.0,2861.0,3583.0
2021-05-03 10:00:00+01:00,2228.0,10524.0,0.0,0.0,121.0,331.0,4377.0,151.0,2770.0,3144.0,4268.0
2021-05-03 10:30:00+01:00,2231.0,10101.0,0.0,0.0,0.0,295.0,4378.0,169.0,2950.0,108.0,2026.0
2021-05-03 11:00:00+01:00,2131.0,8781.0,0.0,0.0,0.0,265.0,4372.0,118.0,3050.0,3542.0,5459.0
2021-05-03 11:30:00+01:00,2059.0,7755.0,0.0,0.0,0.0,262.0,4373.0,118.0,3040.0,3913.0,5702.0
2021-05-03 12:00:00+01:00,2166.0,7698.0,0.0,0.0,0.0,246.0,4367.0,123.0,2890.0,4193.0,6399.0
2021-05-03 12:30:00+01:00,2241.0,7453.0,0.0,0.0,0.0,240.0,4373.0,116.0,2560.0,4669.0,6653.0
2021-05-03 13:00:00+01:00,2293.0,7550.0,0.0,0.0,0.0,201.0,4379.0,115.0,2300.0,4792.0,7101.0
2021-05-03 13:30:00+01:00,1902.0,6955.0,0.0,0.0,45.0,188.0,4363.0,124.0,2120.0,5344.0,7391.0
2021-05-03 14:00:00+01:00,2088.0,6408.0,0.0,0.0,44.0,183.0,4370.0,119.0,1850.0,5464.0,8078.0
2021-05-03 14:30:00+01:00,2180.0,6133.0,0.0,0.0,0.0,192.0,4371.0,116.0,1520.0,5837.0,8235.0
2021-05-03 15:00:00+01:00,2088.0,6188.0,0.0,0.0,27.0,192.0,4376.0,120.0,1230.0,6215.0,8523.0
2021-05-03 15:30:00+01:00,2083.0,6840.0,0.0,0.0,89.0,176.0,4368.0,117.0,989.0,6210.0,8482.0
2021-05-03 16:00:00+01:00,2235.0,7374.0,0.0,0.0,77.0,193.0,4368.0,122.0,825.0,6214.0,8497.0
2021-05-03 16:30:00+01:00,2219.0,7658.0,0.0,0.0,208.0,215.0,4367.0,269.0,669.0,6677.0,8556.0
2021-05-03 17:00:00+01:00,2328.0,8162.0,0.0,0.0,497.0,259.0,4366.0,310.0,517.0,6812.0,8786.0
2021-05-03 17:30:00+01:00,2369.0,8710.0,0.0,0.0,1133.0,290.0,4365.0,301.0,418.0,6838.0,8172.0
2021-05-03 18:00:00+01:00,2336.0,8676.0,0.0,0.0,1472.0,285.0,4373.0,313.0,384.0,6846.0,7643.0
2021-05-03 18:30:00+01:00,2342.0,8783.0,0.0,0.0,1216.0,281.0,4370.0,320.0,334.0,6818.0,7354.0
2021-05-03 19:00:00+01:00,2324.0,8925.0,0.0,0.0,988.0,326.0,4379.0,276.0,223.0,6673.0,6844.0
2021-05-03 19:30:00+01:00,2337.0,8736.0,0.0,0.0,598.0,360.0,4377.0,256.0,100.0,6824.0,6614.0
2021-05-03 20:00:00+01:00,2336.0,8910.0,0.0,0.0,837.0,282.0,4372.0,248.0,36.0,6505.0,5916.0
2021-05-03 20:30:00+01:00,2333.0,8859.0,0.0,0.0,1057.0,265.0,4371.0,293.0,1.0,6431.0,5739.0
2021-05-03 21:00:00+01:00,2317.0,8684.0,0.0,0.0,383.0,339.0,4375.0,299.0,0.0,6584.0,5361.0
2021-05-03 21:30:00+01:00,2295.0,8081.0,0.0,0.0,0.0,260.0,4369.0,297.0,0.0,6492.0,5350.0
2021-05-03 22:00:00+01:00,2231.0,7000.0,0.0,0.0,0.0,200.0,4375.0,116.0,0.0,6551.0,5230.0
2021-05-03 22:30:00+01:00,1601.0,5493.0,0.0,0.0,0.0,218.0,4368.0,121.0,0.0,6670.0,5632.0
2021-05-03 23:00:00+01:00,1444.0,5776.0,0.0,0.0,0.0,193.0,4364.0,113.0,0.0,6352.0,6165.0
2021-05-03 23:30:00+01:00,1567.0,5591.0,0.0,0.0,0.0,193.0,4370.0,112.0,0.0,5919.0,6460.0
2021-05-04 00:00:00+01:00,1457.0,4852.0,0.0,0.0,0.0,192.0,4378.0,114.0,0.0,5968.0,7154.0
2021-05-04 00:30:00+01:00,1337.0,4219.0,0.0,0.0,0.0,192.0,4378.0,112.0,0.0,6132.0,7452.0
2021-05-04 01:00:00+01:00,1232.0,3764.0,0.0,0.0,0.0,127.0,4375.0,112.0,1.0,6519.0,7416.0
2021-05-04 01:30:00+01:00,1327.0,3835.0,0.0,0.0,0.0,117.0,4376.0,118.0,0.0,6523.0,7419.0
2021-05-04 02:00:00+01:00,1427.0,3709.0,0.0,0.0,0.0,102.0,4377.0,113.0,0.0,6519.0,7721.0
2021-05-04 02:30:00+01:00,1434.0,3356.0,0.0,0.0,0.0,97.0,4374.0,113.0,0.0,6610.0,7617.0
2021-05-04 03:00:00+01:00,1449.0,3566.0,0.0,0.0,0.0,111.0,4376.0,122.0,0.0,6581.0,7382.0
2021-05-04 03:30:00+01:00,1435.0,3367.0,0.0,0.0,0.0,117.0,4381.0,113.0,0.0,6648.0,7297.0
2021-05-04 04:00:00+01:00,1418.0,3458.0,0.0,0.0,0.0,118.0,4383.0,117.0,0.0,6744.0,6982.0
2021-05-04 04:30:00+01:00,1411.0,3527.0,0.0,0.0,0.0,118.0,4360.0,116.0,0.0,6724.0,6961.0
2021-05-04 05:00:00+01:00,1387.0,3586.0,0.0,0.0,0.0,129.0,4346.0,113.0,1.0,6795.0,7037.0
2021-05-04 05:30:00+01:00,1320.0,3896.0,0.0,0.0,0.0,129.0,4327.0,114.0,13.0,6863.0,6997.0
2021-05-04 06:00:00+01:00,1400.0,4245.0,0.0,0.0,0.0,147.0,4308.0,113.0,122.0,6908.0,7452.0
2021-05-04 06:30:00+01:00,1857.0,5133.0,0.0,0.0,0.0,161.0,4297.0,118.0,397.0,6936.0,7697.0
2021-05-04 07:00:00+01:00,2072.0,5312.0,0.0,0.0,0.0,285.0,4299.0,118.0,782.0,6948.0,8052.0
2021-05-04 07:30:00+01:00,2115.0,6450.0,0.0,0.0,0.0,300.0,4278.0,124.0,1200.0,6949.0,8044.0
2021-05-04 08:00:00+01:00,2343.0,7201.0,0.0,0.0,228.0,309.0,4268.0,156.0,1560.0,6974.0,8048.0
2021-05-04 08:30:00+01:00,2335.0,7985.0,0.0,0.0,0.0,330.0,4264.0,201.0,1970.0,6967.0,7895.0
2021-05-04 09:00:00+01:00,2305.0,8318.0,0.0,0.0,200.0,332.0,4246.0,210.0,2500.0,6985.0,7750.0
2021-05-04 09:30:00+01:00,2306.0,8366.0,0.0,0.0,269.0,353.0,4229.0,307.0,2960.0,6986.0,7721.0
2021-05-04 10:00:00+01:00,2308.0,8511.0,0.0,0.0,0.0,350.0,4228.0,306.0,3600.0,6982.0,7720.0
2021-05-04 10:30:00+01:00,2304.0,8247.0,0.0,0.0,0.0,311.0,4215.0,272.0,4010.0,6959.0,7673.0
2021-05-04 11:00:00+01:00,2309.0,8240.0,0.0,0.0,0.0,259.0,4220.0,157.0,4710.0,6937.0,7694.0
2021-05-04 11:30:00+01:00,2310.0,8411.0,0.0,0.0,0.0,258.0,4220.0,120.0,5100.0,6893.0,7668.0
2021-05-04 12:00:00+01:00,2205.0,8257.0,0.0,0.0,0.0,201.0,4220.0,116.0,5520.0,6861.0,7676.0
2021-05-04 12:30:00+01:00,2224.0,8122.0,0.0,0.0,0.0,179.0,4220.0,120.0,5800.0,6925.0,7666.0
2021-05-04 13:00:00+01:00,2224.0,7830.0,0.0,0.0,18.0,179.0,4213.0,118.0,6100.0,6996.0,7524.0
2021-05-04 13:30:00+01:00,2298.0,7855.0,0.0,0.0,0.0,177.0,4217.0,119.0,6150.0,6852.0,7386.0
2021-05-04 14:00:00+01:00,2304.0,7610.0,0.0,0.0,0.0,177.0,4213.0,116.0,6070.0,6460.0,7339.0
2021-05-04 14:30:00+01:00,2284.0,7556.0,0.0,0.0,0.0,175.0,4213.0,116.0,5750.0,6638.0,7024.0
2021-05-04 15:00:00+01:00,2300.0,7308.0,0.0,0.0,0.0,177.0,4212.0,116.0,5250.0,6666.0,6872.0
2021-05-04 15:30:00+01:00,2270.0,7634.0,0.0,0.0,0.0,174.0,4217.0,117.0,5020.0,6710.0,6967.0
2021-05-04 16:00:00+01:00,2257.0,7808.0,0.0,0.0,0.0,235.0,4214.0,161.0,4470.0,6817.0,6687.0
2021-05-04 16:30:00+01:00,2268.0,8765.0,0.0,0.0,151.0,247.0,4211.0,176.0,4000.0,6698.0,6505.0
2021-05-04 17:00:00+01:00,2263.0,9556.0,0.0,0.0,373.0,325.0,4214.0,161.0,3280.0,6690.0,6172.0
2021-05-04 17:30:00+01:00,2289.0,10569.0,0.0,0.0,290.0,353.0,4209.0,141.0,2670.0,6739.0,6188.0
2021-05-04 18:00:00+01:00,2294.0,11334.0,0.0,0.0,329.0,400.0,4215.0,143.0,2080.0,6831.0,5961.0
2021-05-04 18:30:00+01:00,2286.0,11741.0,0.0,0.0,457.0,400.0,4215.0,266.0,1540.0,6851.0,5766.0
2021-05-04 19:00:00+01:00,2273.0,11748.0,0.0,0.0,1026.0,395.0,4200.0,302.0,843.0,6632.0,5216.0
2021-05-04 19:30:00+01:00,2292.0,12176.0,0.0,0.0,777.0,384.0,4203.0,324.0,397.0,6147.0,5387.0
2021-05-04 20:00:00+01:00,2296.0,12087.0,0.0,0.0,786.0,304.0,4207.0,326.0,75.0,6077.0,5018.0
2021-05-04 20:30:00+01:00,2290.0,11897.0,0.0,0.0,936.0,302.0,4207.0,328.0,3.0,6120.0,5066.0
2021-05-04 21:00:00+01:00,2266.0,11921.0,0.0,0.0,1760.0,287.0,4220.0,321.0,2.0,5644.0,4683.0
2021-05-04 21:30:00+01:00,2266.0,11746.0,0.0,0.0,757.0,262.0,4229.0,317.0,1.0,5533.0,4459.0
2021-05-04 22:00:00+01:00,2297.0,11498.0,0.0,0.0,306.0,244.0,4244.0,177.0,1.0,5434.0,4405.0
2021-05-04 22:30:00+01:00,2297.0,11097.0,0.0,0.0,0.0,255.0,4262.0,115.0,0.0,5001.0,4130.0
2021-05-04 23:00:00+01:00,2235.0,9873.0,0.0,0.0,0.0,253.0,4272.0,115.0,1.0,4933.0,4026.0
2021-05-04 23:30:00+01:00,2242.0,7912.0,0.0,0.0,0.0,205.0,4289.0,116.0,0.0,4948.0,4077.0
2021-05-05 00:00:00+01:00,2286.0,6359.0,0.0,0.0,0.0,186.0,4312.0,112.0,0.0,5046.0,4097.0
2021-05-05 00:30:00+01:00,2298.0,5778.0,0.0,0.0,0.0,175.0,4332.0,124.0,0.0,4669.0,4142.0
2021-05-05 01:00:00+01:00,2269.0,6179.0,0.0,0.0,0.0,154.0,4346.0,122.0,0.0,4826.0,3758.0
2021-05-05 01:30:00+01:00,2260.0,6130.0,0.0,0.0,0.0,153.0,4357.0,118.0,0.0,268.0,1878.0
2021-05-05 02:00:00+01:00,2267.0,6339.0,0.0,0.0,0.0,122.0,4355.0,119.0,1.0,5155.0,3771.0
2021-05-05 02:30:00+01:00,2281.0,5862.0,0.0,0.0,0.0,117.0,4370.0,119.0,0.0,263.0,1857.0
2021-05-05 03:00:00+01:00,2313.0,5607.0,0.0,0.0,0.0,117.0,4358.0,119.0,0.0,5578.0,3704.0
2021-05-05 03:30:00+01:00,2209.0,5682.0,0.0,0.0,0.0,117.0,4372.0,125.0,0.0,5482.0,3706.0
2021-05-05 04:00:00+01:00,2231.0,5552.0,0.0,0.0,0.0,117.0,4369.0,117.0,0.0,5384.0,3679.0
2021-05-05 04:30:00+01:00,2254.0,5984.0,0.0,0.0,0.0,116.0,4371.0,121.0,0.0,5347.0,3785.0
2021-05-05 05:00:00+01:00,2356.0,6315.0,0.0,0.0,0.0,141.0,4367.0,120.0,1.0,5245.0,3478.0
2021-05-05 05:30:00+01:00,2507.0,6338.0,0.0,0.0,0.0,152.0,4377.0,121.0,49.0,256.0,1748.0
2021-05-05 06:00:00+01:00,2654.0,8168.0,0.0,0.0,0.0,253.0,4371.0,123.0,353.0,5403.0,3245.0
2021-05-05 06:30:00+01:00,2722.0,10469.0,0.0,0.0,0.0,266.0,4371.0,120.0,852.0,5429.0,3160.0
2021-05-05 07:00:00+01:00,2735.0,12600.0,23.0,0.0,56.0,271.0,4362.0,261.0,1430.0,5375.0,3123.0
2021-05-05 07:30:00+01:00,2729.0,14075.0,163.0,0.0,181.0,272.0,4364.0,312.0,2230.0,5471.0,3032.0
2021-05-05 08:00:00+01:00,2701.0,14088.0,227.0,0.0,69.0,296.0,4364.0,296.0,3030.0,5428.0,3283.0
2021-05-05 08:30:00+01:00,2700.0,14149.0,229.0,0.0,0.0,300.0,4368.0,296.0,3730.0,5179.0,3266.0
2021-05-05 09:00:00+01:00,2689.0,14426.0,257.0,0.0,0.0,278.0,4368.0,195.0,4360.0,4901.0,3470.0
2021-05-05 09:30:00+01:00,2448.0,14468.0,251.0,0.0,0.0,268.0,4379.0,167.0,4810.0,4811.0,3510.0
2021-05-05 10:00:00+01:00,2478.0,14569.0,249.0,0.0,48.0,246.0,4367.0,155.0,5180.0,4604.0,3425.0
2021-05-05 10:30:00+01:00,2652.0,14667.0,229.0,0.0,0.0,262.0,4379.0,142.0,5670.0,4437.0,3418.0
2021-05-05 11:00:00+01:00,2641.0,14339.0,290.0,0.0,0.0,227.0,4372.0,143.0,5900.0,4360.0,3319.0
2021-05-05 11:30:00+01:00,2734.0,14291.0,309.0,0.0,0.0,218.0,4378.0,145.0,6160.0,4207.0,3366.0
2021-05-05 12:00:00+01:00,2733.0,14552.0,303.0,0.0,89.0,176.0,4367.0,134.0,6120.0,3905.0,3400.0
2021-05-05 12:30:00+01:00,2748.0,14922.0,375.0,0.0,13.0,170.0,4372.0,139.0,6240.0,3678.0,3223.0
2021-05-05 13:00:00+01:00,2701.0,14914.0,369.0,0.0,172.0,144.0,4370.0,296.0,6280.0,3345.0,3324.0
2021-05-05 13:30:00+01:00,2732.0,15016.0,282.0,0.0,0.0,142.0,4378.0,380.0,6260.0,3056.0,3318.0
2021-05-05 14:00:00+01:00,2741.0,15019.0,232.0,0.0,0.0,144.0,4372.0,340.0,5900.0,2816.0,3430.0
2021-05-05 14:30:00+01:00,2701.0,15214.0,230.0,0.0,0.0,144.0,4365.0,246.0,5050.0,2448.0,3642.0
2021-05-05 15:00:00+01:00,2744.0,15407.0,228.0,0.0,0.0,143.0,4364.0,114.0,4640.0,2419.0,3560.0
2021-05-05 15:30:00+01:00,2705.0,15973.0,230.0,0.0,0.0,143.0,4365.0,120.0,4280.0,2565.0,3416.0
2021-05-05 16:00:00+01:00,2709.0,16288.0,229.0,0.0,0.0,194.0,4376.0,151.0,3890.0,2406.0,3724.0
2021-05-05 16:30:00+01:00,2631.0,16924.0,292.0,0.0,77.0,207.0,4362.0,243.0,3660.0,2454.0,3643.0
2021-05-05 17:00:00+01:00,2663.0,17674.0,347.0,0.0,100.0,258.0,4353.0,265.0,3400.0,2498.0,3571.0
2021-05-05 17:30:00+01:00,2597.0,18275.0,467.0,0.0,400.0,308.0,4361.0,309.0,2850.0,2007.0,3574.0
2021-05-05 18:00:00+01:00,2582.0,18167.0,489.0,0.0,852.0,543.0,4365.0,304.0,2130.0,1603.0,3326.0
2021-05-05 18:30:00+01:00,2519.0,18740.0,491.0,0.0,1213.0,567.0,4359.0,317.0,1520.0,1644.0,3061.0
2021-05-05 19:00:00+01:00,2521.0,18936.0,488.0,0.0,1348.0,594.0,4366.0,322.0,934.0,1587.0,2831.0
2021-05-05 19:30:00+01:00,2574.0,18969.0,486.0,0.0,1196.0,619.0,4367.0,324.0,443.0,1442.0,2748.0
2021-05-05 20:00:00+01:00,2565.0,19222.0,491.0,0.0,1299.0,511.0,4360.0,324.0,101.0,1310.0,2249.0
2021-05-05 20:30:00+01:00,2597.0,19191.0,489.0,0.0,1137.0,497.0,4368.0,323.0,6.0,1411.0,2069.0
2021-05-05 21:00:00+01:00,2624.0,19306.0,490.0,0.0,925.0,488.0,4362.0,328.0,3.0,1342.0,1926.0
2021-05-05 21:30:00+01:00,2684.0,19130.0,487.0,0.0,366.0,408.0,4372.0,310.0,2.0,1411.0,1849.0
2021-05-05 22:00:00+01:00,2684.0,18402.0,254.0,0.0,13.0,247.0,4374.0,265.0,1.0,1514.0,1777.0
2021-05-05 22:30:00+01:00,2534.0,16955.0,231.0,0.0,0.0,300.0,4368.0,128.0,0.0,1722.0,1727.0
2021-05-05 23:00:00+01:00,2487.0,15601.0,0.0,0.0,0.0,231.0,4367.0,114.0,0.0,1564.0,1752.0
2021-05-05 23:30:00+01:00,2582.0,13822.0,0.0,0.0,0.0,214.0,4359.0,112.0,1.0,92.0,747.0
2021-05-06 00:00:00+01:00,2608.0,13313.0,0.0,0.0,0.0,171.0,4368.0,112.0,1.0,1230.0,1950.0
2021-05-06 00:30:00+01:00,2613.0,13268.0,0.0,0.0,0.0,155.0,4371.0,114.0,0.0,1202.0,2067.0
2021-05-06 01:00:00+01:00,2620.0,12922.0,0.0,0.0,0.0,126.0,4370.0,114.0,0.0,1454.0,2143.0
2021-05-06 01:30:00+01:00,2653.0,12904.0,0.0,0.0,0.0,126.0,4370.0,117.0,0.0,1473.0,2123.0
2021-05-06 02:00:00+01:00,2648.0,12916.0,0.0,0.0,0.0,110.0,4367.0,114.0,0.0,1303.0,2191.0
2021-05-06 02:30:00+01:00,2642.0,13126.0,0.0,0.0,0.0,110.0,4372.0,114.0,0.0,1158.0,2188.0
2021-05-06 03:00:00+01:00,2595.0,13354.0,0.0,0.0,0.0,110.0,4367.0,112.0,0.0,1044.0,2221.0
2021-05-06 03:30:00+01:00,2599.0,13640.0,0.0,0.0,0.0,110.0,4370.0,114.0,0.0,886.0,2099.0
2021-05-06 04:00:00+01:00,2619.0,13136.0,0.0,0.0,0.0,110.0,4375.0,113.0,0.0,67.0,711.0
2021-05-06 04:30:00+01:00,2620.0,13163.0,0.0,0.0,0.0,110.0,4373.0,113.0,0.0,939.0,2375.0
2021-05-06 05:00:00+01:00,2616.0,13222.0,0.0,0.0,0.0,167.0,4374.0,114.0,1.0,971.0,2471.0
2021-05-06 05:30:00+01:00,2529.0,13510.0,3.0,0.0,0.0,169.0,4377.0,114.0,39.0,1259.0,2512.0
2021-05-06 06:00:00+01:00,2585.0,15170.0,47.0,0.0,0.0,243.0,4370.0,112.0,241.0,951.0,2751.0
2021-05-06 06:30:00+01:00,2588.0,17097.0,325.0,0.0,0.0,279.0,4370.0,112.0,586.0,634.0,2625.0
2021-05-06 07:00:00+01:00,2571.0,17903.0,585.0,0.0,0.0,466.0,4371.0,148.0,1050.0,565.0,2682.0
2021-05-06 07:30:00+01:00,2585.0,18633.0,739.0,0.0,106.0,483.0,4361.0,172.0,1660.0,574.0,2718.0
2021-05-06 08:00:00+01:00,2562.0,19120.0,869.0,0.0,446.0,451.0,4363.0,302.0,2310.0,758.0,2835.0
2021-05-06 08:30:00+01:00,2309.0,18813.0,794.0,0.0,625.0,450.0,4362.0,240.0,2890.0,723.0,3002.0
2021-05-06 09:00:00+01:00,2199.0,19303.0,729.0,0.0,482.0,376.0,4358.0,239.0,3370.0,423.0,3078.0
2021-05-06 09:30:00+01:00,2167.0,19331.0,724.0,0.0,818.0,363.0,4362.0,264.0,3880.0,47.0,986.0
2021-05-06 10:00:00+01:00,2345.0,19088.0,835.0,0.0,31.0,345.0,4367.0,305.0,4300.0,506.0,3179.0
2021-05-06 10:30:00+01:00,2329.0,18693.0,678.0,0.0,107.0,313.0,4362.0,306.0,4630.0,612.0,3224.0
2021-05-06 11:00:00+01:00,2498.0,18323.0,737.0,0.0,368.0,258.0,4364.0,283.0,5190.0,619.0,3259.0
2021-05-06 11:30:00+01:00,2657.0,18246.0,715.0,0.0,151.0,234.0,4372.0,285.0,5640.0,277.0,3197.0
2021-05-06 12:00:00+01:00,2671.0,17866.0,511.0,0.0,0.0,199.0,4366.0,167.0,6050.0,533.0,3355.0
2021-05-06 12:30:00+01:00,2602.0,17417.0,338.0,0.0,95.0,212.0,4371.0,150.0,5970.0,719.0,3313.0
2021-05-06 13:00:00+01:00,2593.0,17345.0,232.0,0.0,0.0,193.0,4370.0,142.0,5900.0,800.0,3421.0
2021-05-06 13:30:00+01:00,2648.0,17004.0,228.0,0.0,0.0,193.0,4365.0,142.0,6130.0,1120.0,3367.0
2021-05-06 14:00:00+01:00,2653.0,17275.0,282.0,0.0,23.0,193.0,4373.0,189.0,5900.0,1084.0,3436.0
2021-05-06 14:30:00+01:00,2621.0,16815.0,290.0,0.0,0.0,193.0,4373.0,228.0,5730.0,1473.0,3305.0
2021-05-06 15:00:00+01:00,2651.0,16640.0,280.0,0.0,0.0,174.0,4370.0,174.0,5590.0,1148.0,3676.0
2021-05-06 15:30:00+01:00,2666.0,16252.0,249.0,0.0,0.0,196.0,4354.0,191.0,5080.0,908.0,3879.0
2021-05-06 16:00:00+01:00,2716.0,16586.0,295.0,0.0,0.0,235.0,4339.0,207.0,4700.0,956.0,4009.0
2021-05-06 16:30:00+01:00,2706.0,17301.0,198.0,0.0,0.0,236.0,4326.0,286.0,4360.0,1197.0,3960.0
2021-05-06 17:00:00+01:00,2681.0,17349.0,337.0,0.0,0.0,292.0,4315.0,424.0,3760.0,847.0,4049.0
2021-05-06 17:30:00+01:00,2715.0,18102.0,483.0,0.0,0.0,310.0,4295.0,493.0,3030.0,1304.0,4177.0
2021-05-06 18:00:00+01:00,2714.0,18290.0,497.0,0.0,267.0,494.0,4280.0,447.0,2410.0,1374.0,3750.0
2021-05-06 18:30:00+01:00,2719.0,18554.0,503.0,0.0,601.0,516.0,4272.0,385.0,1700.0,1371.0,3654.0
2021-05-06 19:00:00+01:00,2706.0,18406.0,502.0,0.0,790.0,479.0,4273.0,467.0,1050.0,996.0,3145.0
2021-05-06 19:30:00+01:00,2714.0,18350.0,486.0,0.0,600.0,464.0,4272.0,465.0,511.0,1133.0,3171.0
2021-05-06 20:00:00+01:00,2719.0,18633.0,493.0,0.0,578.0,362.0,4252.0,483.0,128.0,1507.0,2636.0
2021-05-06 20:30:00+01:00,2711.0,18306.0,499.0,0.0,982.0,332.0,4248.0,399.0,244.0,1482.0,2536.0
2021-05-06 21:00:00+01:00,2718.0,18405.0,500.0,0.0,760.0,268.0,4229.0,464.0,3.0,1530.0,2369.0
2021-05-06 21:30:00+01:00,2711.0,18297.0,501.0,0.0,1.0,241.0,4220.0,466.0,2.0,1436.0,2139.0
2021-05-06 22:00:00+01:00,2711.0,18117.0,329.0,0.0,161.0,226.0,4205.0,444.0,2.0,1278.0,2109.0
2021-05-06 22:30:00+01:00,2751.0,16689.0,231.0,0.0,0.0,218.0,4216.0,194.0,0.0,1481.0,2079.0
2021-05-06 23:00:00+01:00,2637.0,14121.0,228.0,0.0,0.0,207.0,4206.0,174.0,1.0,125.0,1179.0
2021-05-06 23:30:00+01:00,2759.0,12024.0,231.0,0.0,0.0,203.0,4206.0,167.0,1.0,125.0,1179.0
2021-05-07 00:00:00+01:00,2792.0,11077.0,236.0,0.0,0.0,182.0,4205.0,168.0,1.0,2639.0,1740.0
2021-05-07 00:30:00+01:00,2788.0,10879.0,234.0,0.0,0.0,152.0,4211.0,169.0,0.0,2783.0,1741.0
2021-05-07 01:00:00+01:00,2795.0,10742.0,237.0,0.0,0.0,138.0,4201.0,167.0,0.0,2767.0,1483.0
2021-05-07 01:30:00+01:00,2803.0,10863.0,234.0,0.0,0.0,138.0,4206.0,169.0,0.0,2644.0,1454.0
2021-05-07 02:00:00+01:00,2792.0,11342.0,262.0,0.0,0.0,123.0,4208.0,168.0,0.0,172.0,919.0
2021-05-07 02:30:00+01:00,2789.0,11423.0,323.0,0.0,0.0,123.0,4205.0,172.0,1.0,2271.0,1396.0
2021-05-07 03:00:00+01:00,2783.0,11440.0,317.0,0.0,0.0,108.0,4214.0,121.0,0.0,2315.0,1356.0
2021-05-07 03:30:00+01:00,2788.0,11289.0,310.0,0.0,0.0,104.0,4213.0,107.0,0.0,2394.0,1287.0
2021-05-07 04:00:00+01:00,2787.0,11227.0,255.0,0.0,0.0,104.0,4216.0,105.0,1.0,2522.0,1228.0
2021-05-07 04:30:00+01:00,2792.0,11480.0,298.0,0.0,0.0,104.0,4217.0,113.0,0.0,2311.0,1262.0
2021-05-07 05:00:00+01:00,2788.0,11143.0,299.0,0.0,0.0,139.0,4215.0,111.0,1.0,2215.0,1199.0
2021-05-07 05:30:00+01:00,2795.0,11475.0,352.0,0.0,0.0,132.0,4221.0,104.0,65.0,2297.0,1154.0
2021-05-07 06:00:00+01:00,2830.0,13337.0,537.0,0.0,129.0,174.0,4217.0,106.0,392.0,1740.0,1089.0
2021-05-07 06:30:00+01:00,2829.0,15197.0,923.0,0.0,65.0,241.0,4223.0,113.0,903.0,1524.0,1112.0
2021-05-07 07:00:00+01:00,2817.0,16610.0,1363.0,0.0,0.0,305.0,4221.0,331.0,1490.0,1667.0,1036.0
2021-05-07 07:30:00+01:00,2822.0,17139.0,1477.0,0.0,328.0,409.0,4218.0,420.0,2190.0,1762.0,1007.0
2021-05-07 08:00:00+01:00,2826.0,17607.0,1491.0,0.0,454.0,425.0,4216.0,504.0,2950.0,1707.0,1023.0
2021-05-07 08:30:00+01:00,2818.0,17747.0,1487.0,0.0,478.0,424.0,4214.0,320.0,3640.0,1490.0,1059.0
2021-05-07 09:00:00+01:00,2776.0,17954.0,1480.0,0.0,0.0,302.0,4208.0,297.0,4380.0,1274.0,1131.0
2021-05-07 09:30:00+01:00,2731.0,17900.0,1488.0,0.0,0.0,301.0,4212.0,248.0,5020.0,1182.0,1123.0
2021-05-07 10:00:00+01:00,2755.0,17672.0,1487.0,0.0,142.0,282.0,4210.0,144.0,5400.0,70.0,682.0
2021-05-07 10:30:00+01:00,2772.0,17717.0,1449.0,0.0,49.0,279.0,4209.0,123.0,5650.0,1101.0,1165.0
2021-05-07 11:00:00+01:00,2761.0,17272.0,1343.0,0.0,0.0,249.0,4216.0,304.0,5880.0,1085.0,1241.0
2021-05-07 11:30:00+01:00,2802.0,17448.0,989.0,0.0,88.0,247.0,4206.0,110.0,6140.0,968.0,1247.0
2021-05-07 12:00:00+01:00,2794.0,17303.0,989.0,0.0,0.0,226.0,4212.0,225.0,6390.0,969.0,1292.0
2021-05-07 12:30:00+01:00,2746.0,16923.0,973.0,0.0,0.0,226.0,4216.0,221.0,6620.0,943.0,1382.0
2021-05-07 13:00:00+01:00,2754.0,16809.0,990.0,0.0,0.0,226.0,4217.0,166.0,6290.0,899.0,1496.0
2021-05-07 13:30:00+01:00,2780.0,16342.0,986.0,0.0,0.0,207.0,4220.0,115.0,6160.0,820.0,1440.0
2021-05-07 14:00:00+01:00,2784.0,16157.0,748.0,0.0,0.0,191.0,4220.0,137.0,6200.0,744.0,1430.0
2021-05-07 14:30:00+01:00,2752.0,15830.0,622.0,0.0,0.0,191.0,4214.0,168.0,6030.0,756.0,1444.0
2021-05-07 15:00:00+01:00,2746.0,15511.0,618.0,0.0,0.0,213.0,4217.0,170.0,5650.0,772.0,1487.0
2021-05-07 15:30:00+01:00,2757.0,15228.0,652.0,0.0,0.0,213.0,4208.0,172.0,5150.0,863.0,1485.0
2021-05-07 16:00:00+01:00,2620.0,15727.0,771.0,0.0,0.0,233.0,4201.0,185.0,4420.0,819.0,1468.0
2021-05-07 16:30:00+01:00,2657.0,16502.0,953.0,0.0,0.0,254.0,4203.0,201.0,4000.0,850.0,1421.0
2021-05-07 17:00:00+01:00,2672.0,17090.0,977.0,0.0,0.0,380.0,4214.0,198.0,3470.0,836.0,1365.0
2021-05-07 17:30:00+01:00,2692.0,17600.0,979.0,0.0,0.0,401.0,4212.0,197.0,2870.0,842.0,1221.0
2021-05-07 18:00:00+01:00,2669.0,17505.0,980.0,0.0,565.0,506.0,4207.0,254.0,2290.0,881.0,1028.0
2021-05-07 18:30:00+01:00,2663.0,17718.0,982.0,0.0,668.0,616.0,4207.0,259.0,1680.0,957.0,980.0
2021-05-07 19:00:00+01:00,2747.0,17939.0,985.0,0.0,656.0,621.0,4207.0,220.0,1881.0,1048.0,880.0
2021-05-07 19:30:00+01:00,2742.0,17908.0,987.0,0.0,626.0,616.0,4210.0,243.0,450.0,1137.0,864.0
2021-05-07 20:00:00+01:00,2741.0,17854.0,986.0,0.0,331.0,513.0,4216.0,215.0,104.0,1263.0,703.0
2021-05-07 20:30:00+01:00,2743.0,17717.0,991.0,0.0,0.0,507.0,4217.0,328.0,6.0,1199.0,630.0
2021-05-07 21:00:00+01:00,2715.0,17652.0,991.0,0.0,194.0,418.0,4216.0,334.0,2.0,1277.0,611.0
2021-05-07 21:30:00+01:00,2713.0,17135.0,985.0,0.0,0.0,329.0,4213.0,195.0,1.0,1219.0,611.0
2021-05-07 22:00:00+01:00,2585.0,16267.0,977.0,0.0,89.0,271.0,4216.0,181.0,2.0,54.0,502.0
2021-05-07 22:30:00+01:00,2028.0,16025.0,658.0,0.0,0.0,280.0,4211.0,173.0,0.0,1088.0,691.0
2021-05-07 23:00:00+01:00,1634.0,14031.0,491.0,0.0,0.0,273.0,4213.0,190.0,1.0,984.0,813.0
2021-05-07 23:30:00+01:00,1566.0,12195.0,253.0,0.0,252.0,267.0,4214.0,191.0,0.0,919.0,824.0
2021-05-08 00:00:00+01:00,1568.0,11051.0,473.0,0.0,435.0,250.0,4213.0,185.0,0.0,931.0,940.0
2021-05-08 00:30:00+01:00,1577.0,11017.0,443.0,0.0,0.0,251.0,4215.0,170.0,0.0,1014.0,956.0
2021-05-08 01:00:00+01:00,1587.0,10054.0,244.0,0.0,0.0,266.0,4210.0,173.0,4.0,1134.0,1132.0
2021-05-08 01:30:00+01:00,1594.0,9712.0,228.0,0.0,0.0,252.0,4213.0,170.0,4.0,1243.0,1201.0
2021-05-08 02:00:00+01:00,1574.0,9596.0,242.0,0.0,0.0,252.0,4210.0,172.0,2.0,38.0,935.0
2021-05-08 02:30:00+01:00,1603.0,9060.0,239.0,0.0,0.0,252.0,4214.0,170.0,2.0,1213.0,1466.0
2021-05-08 03:00:00+01:00,1598.0,8516.0,244.0,0.0,0.0,210.0,4211.0,170.0,2.0,1254.0,1695.0
2021-05-08 03:30:00+01:00,1604.0,8320.0,244.0,0.0,0.0,185.0,4209.0,169.0,1.0,1189.0,1824.0
2021-05-08 04:00:00+01:00,1611.0,7797.0,230.0,0.0,0.0,184.0,4235.0,168.0,0.0,1631.0,2154.0
2021-05-08 04:30:00+01:00,1506.0,7109.0,229.0,0.0,0.0,184.0,4247.0,170.0,0.0,1837.0,2342.0
2021-05-08 05:00:00+01:00,1450.0,6749.0,254.0,0.0,0.0,200.0,4265.0,169.0,0.0,2266.0,2723.0
2021-05-08 05:30:00+01:00,1243.0,6008.0,251.0,0.0,0.0,218.0,4278.0,179.0,5.0,2754.0,2487.0
2021-05-08 06:00:00+01:00,1214.0,6115.0,242.0,0.0,0.0,232.0,4285.0,170.0,26.0,2785.0,2864.0
2021-05-08 06:30:00+01:00,1246.0,6160.0,230.0,0.0,0.0,247.0,4308.0,169.0,68.0,3148.0,3237.0
2021-05-08 07:00:00+01:00,1359.0,5912.0,230.0,0.0,0.0,280.0,4303.0,173.0,127.0,3828.0,3743.0
2021-05-08 07:30:00+01:00,1532.0,5733.0,230.0,0.0,0.0,298.0,4311.0,173.0,231.0,4377.0,4087.0
2021-05-08 08:00:00+01:00,1563.0,5949.0,234.0,0.0,0.0,387.0,4304.0,175.0,347.0,4934.0,4714.0
2021-05-08 08:30:00+01:00,1553.0,6296.0,231.0,0.0,300.0,387.0,4303.0,173.0,483.0,5280.0,4865.0
2021-05-08 09:00:00+01:00,1564.0,6413.0,231.0,0.0,0.0,304.0,4322.0,179.0,581.0,5567.0,5913.0
2021-05-08 09:30:00+01:00,1563.0,6037.0,242.0,0.0,449.0,292.0,4329.0,182.0,721.0,5720.0,6344.0
2021-05-08 10:00:00+01:00,1555.0,6304.0,241.0,0.0,300.0,307.0,4328.0,144.0,884.0,5917.0,7131.0
2021-05-08 10:30:00+01:00,1555.0,6165.0,362.0,0.0,300.0,292.0,4347.0,116.0,991.0,6080.0,7240.0
2021-05-08 11:00:00+01:00,1564.0,6236.0,421.0,0.0,334.0,262.0,4347.0,135.0,1100.0,6095.0,7759.0
2021-05-08 11:30:00+01:00,1571.0,6645.0,445.0,0.0,301.0,250.0,4360.0,160.0,1250.0,6063.0,7881.0
2021-05-08 12:00:00+01:00,1594.0,6690.0,431.0,0.0,340.0,218.0,4360.0,172.0,1340.0,5938.0,7996.0
2021-05-08 12:30:00+01:00,1599.0,7100.0,398.0,0.0,0.0,195.0,4361.0,242.0,1510.0,5857.0,8029.0
2021-05-08 13:00:00+01:00,1582.0,7069.0,310.0,0.0,409.0,194.0,4362.0,241.0,1620.0,5753.0,7808.0
2021-05-08 13:30:00+01:00,1576.0,6950.0,352.0,0.0,370.0,184.0,4366.0,240.0,1510.0,5746.0,7685.0
2021-05-08 14:00:00+01:00,1593.0,6601.0,354.0,0.0,0.0,172.0,4364.0,241.0,1460.0,5882.0,7499.0
2021-05-08 14:30:00+01:00,1598.0,7125.0,424.0,0.0,0.0,149.0,4370.0,244.0,1430.0,5950.0,7079.0
2021-05-08 15:00:00+01:00,1575.0,7497.0,234.0,0.0,0.0,158.0,4370.0,220.0,1510.0,6077.0,6589.0
2021-05-08 15:30:00+01:00,1578.0,7038.0,244.0,0.0,0.0,163.0,4364.0,192.0,1570.0,6126.0,6024.0
2021-05-08 16:00:00+01:00,1561.0,7173.0,379.0,0.0,239.0,214.0,4373.0,176.0,1560.0,6202.0,5615.0
2021-05-08 16:30:00+01:00,1580.0,7510.0,413.0,0.0,436.0,229.0,4354.0,183.0,1420.0,6158.0,5301.0
2021-05-08 17:00:00+01:00,1531.0,8164.0,355.0,0.0,553.0,258.0,4346.0,194.0,1160.0,6318.0,4780.0
2021-05-08 17:30:00+01:00,1495.0,8952.0,421.0,0.0,748.0,349.0,4356.0,202.0,853.0,6318.0,4725.0
2021-05-08 18:00:00+01:00,1496.0,8732.0,437.0,0.0,1050.0,430.0,4358.0,226.0,631.0,6202.0,4383.0
2021-05-08 18:30:00+01:00,1536.0,8538.0,303.0,0.0,1348.0,508.0,4350.0,259.0,447.0,5945.0,4333.0
2021-05-08 19:00:00+01:00,1529.0,8815.0,335.0,0.0,1049.0,510.0,4358.0,249.0,292.0,5846.0,4076.0
2021-05-08 19:30:00+01:00,1539.0,8692.0,242.0,0.0,748.0,515.0,4352.0,234.0,126.0,5750.0,3885.0
2021-05-08 20:00:00+01:00,1546.0,8458.0,235.0,0.0,746.0,413.0,4351.0,195.0,23.0,6044.0,3740.0
2021-05-08 20:30:00+01:00,1561.0,8449.0,273.0,0.0,742.0,407.0,4350.0,192.0,1.0,5846.0,3715.0
2021-05-08 21:00:00+01:00,1694.0,9117.0,408.0,0.0,31.0,368.0,4353.0,199.0,0.0,5546.0,3541.0
2021-05-08 21:30:00+01:00,1695.0,8773.0,401.0,0.0,0.0,314.0,4352.0,196.0,0.0,5250.0,3633.0
2021-05-08 22:00:00+01:00,1701.0,7872.0,350.0,0.0,33.0,213.0,4355.0,192.0,0.0,5038.0,3592.0
2021-05-08 22:30:00+01:00,1605.0,7333.0,247.0,0.0,0.0,257.0,4346.0,170.0,0.0,4859.0,3623.0
2021-05-08 23:00:00+01:00,1449.0,6476.0,324.0,0.0,60.0,261.0,4353.0,173.0,0.0,4870.0,3578.0
2021-05-08 23:30:00+01:00,1377.0,4923.0,239.0,0.0,0.0,259.0,4349.0,171.0,0.0,4954.0,3700.0
2021-05-09 00:00:00+01:00,1255.0,4379.0,230.0,0.0,0.0,179.0,4360.0,168.0,0.0,5005.0,3796.0
2021-05-09 00:30:00+01:00,1267.0,4457.0,300.0,0.0,0.0,171.0,4353.0,167.0,0.0,5090.0,3754.0
2021-05-09 01:00:00+01:00,1284.0,4481.0,293.0,0.0,0.0,147.0,4351.0,169.0,1.0,4912.0,3615.0
2021-05-09 01:30:00+01:00,1260.0,4792.0,262.0,0.0,0.0,132.0,4352.0,170.0,1.0,4854.0,3479.0
2021-05-09 02:00:00+01:00,1445.0,5178.0,318.0,0.0,0.0,132.0,4355.0,168.0,2.0,4819.0,3327.0
2021-05-09 02:30:00+01:00,1452.0,4832.0,326.0,0.0,0.0,132.0,4354.0,170.0,1.0,4620.0,3293.0
2021-05-09 03:00:00+01:00,1452.0,4762.0,319.0,0.0,0.0,132.0,4354.0,170.0,1.0,4709.0,3064.0
2021-05-09 03:30:00+01:00,1454.0,4951.0,325.0,0.0,0.0,132.0,4352.0,170.0,1.0,4712.0,2986.0
2021-05-09 04:00:00+01:00,1452.0,4871.0,304.0,0.0,0.0,132.0,4361.0,169.0,1.0,4718.0,2993.0
2021-05-09 04:30:00+01:00,1348.0,4652.0,310.0,0.0,0.0,132.0,4358.0,169.0,0.0,4721.0,3024.0
2021-05-09 05:00:00+01:00,1249.0,4638.0,278.0,0.0,0.0,151.0,4357.0,169.0,0.0,4668.0,3134.0
2021-05-09 05:30:00+01:00,1310.0,4290.0,237.0,0.0,0.0,166.0,4365.0,168.0,26.0,4636.0,3264.0
2021-05-09 06:00:00+01:00,1249.0,3879.0,230.0,0.0,0.0,164.0,4356.0,168.0,160.0,4590.0,3280.0
2021-05-09 06:30:00+01:00,1241.0,3836.0,236.0,0.0,0.0,162.0,4358.0,168.0,425.0,4493.0,3248.0
2021-05-09 07:00:00+01:00,1215.0,3734.0,232.0,0.0,0.0,184.0,4363.0,170.0,761.0,4447.0,3388.0
2021-05-09 07:30:00+01:00,1264.0,4047.0,245.0,0.0,84.0,206.0,4357.0,171.0,1290.0,4523.0,3465.0
2021-05-09 08:00:00+01:00,1160.0,4534.0,234.0,0.0,0.0,318.0,4360.0,179.0,1990.0,4620.0,3575.0
2021-05-09 08:30:00+01:00,1150.0,4886.0,229.0,0.0,0.0,327.0,4362.0,180.0,2600.0,4478.0,4047.0
2021-05-09 09:00:00+01:00,1150.0,5203.0,346.0,0.0,167.0,327.0,4350.0,185.0,3170.0,4357.0,4581.0
2021-05-09 09:30:00+01:00,1143.0,5485.0,487.0,0.0,10.0,326.0,4351.0,178.0,3930.0,4025.0,4496.0
2021-05-09 10:00:00+01:00,1143.0,5607.0,483.0,0.0,0.0,332.0,4354.0,347.0,4350.0,3792.0,4888.0
2021-05-09 10:30:00+01:00,1149.0,4905.0,452.0,0.0,0.0,304.0,4345.0,238.0,4810.0,4157.0,4836.0
2021-05-09 11:00:00+01:00,1151.0,4342.0,403.0,0.0,28.0,261.0,4346.0,212.0,5360.0,4219.0,5211.0
2021-05-09 11:30:00+01:00,1153.0,4489.0,324.0,0.0,100.0,258.0,4344.0,176.0,5610.0,3890.0,5439.0
2021-05-09 12:00:00+01:00,1153.0,4931.0,256.0,0.0,210.0,224.0,4340.0,177.0,5620.0,3886.0,5648.0
2021-05-09 12:30:00+01:00,1151.0,5435.0,458.0,0.0,0.0,224.0,4345.0,177.0,5670.0,3498.0,5642.0
2021-05-09 13:00:00+01:00,1152.0,5242.0,377.0,0.0,0.0,182.0,4343.0,212.0,5360.0,3518.0,5590.0
2021-05-09 13:30:00+01:00,1151.0,4790.0,239.0,0.0,0.0,204.0,4344.0,212.0,4850.0,3531.0,5843.0
2021-05-09 14:00:00+01:00,1153.0,4991.0,234.0,0.0,0.0,216.0,4347.0,170.0,4390.0,3525.0,6135.0
2021-05-09 14:30:00+01:00,1149.0,4959.0,334.0,0.0,0.0,213.0,4355.0,170.0,3770.0,3789.0,5992.0
2021-05-09 15:00:00+01:00,1147.0,5055.0,282.0,0.0,0.0,232.0,4355.0,169.0,3250.0,3999.0,5849.0
2021-05-09 15:30:00+01:00,1151.0,5211.0,232.0,0.0,0.0,232.0,4352.0,171.0,2840.0,4310.0,5973.0
2021-05-09 16:00:00+01:00,1151.0,5854.0,290.0,0.0,0.0,268.0,4358.0,179.0,2490.0,4460.0,5904.0
2021-05-09 16:30:00+01:00,1152.0,7423.0,288.0,0.0,0.0,268.0,4355.0,179.0,2140.0,4195.0,5958.0
2021-05-09 17:00:00+01:00,1155.0,8487.0,249.0,0.0,82.0,336.0,4344.0,177.0,1870.0,4368.0,5884.0
2021-05-09 17:30:00+01:00,1146.0,9477.0,272.0,0.0,0.0,502.0,4355.0,171.0,1520.0,4568.0,5924.0
2021-05-09 18:00:00+01:00,1152.0,9705.0,245.0,0.0,0.0,534.0,4346.0,174.0,1200.0,4453.0,5709.0
2021-05-09 18:30:00+01:00,1152.0,9941.0,244.0,0.0,0.0,566.0,4348.0,178.0,921.0,4253.0,5612.0
2021-05-09 19:00:00+01:00,1154.0,10187.0,237.0,0.0,0.0,566.0,4354.0,176.0,589.0,4066.0,5450.0
2021-05-09 19:30:00+01:00,1130.0,10578.0,231.0,0.0,119.0,565.0,4350.0,173.0,317.0,3706.0,5425.0
2021-05-09 20:00:00+01:00,1133.0,10713.0,237.0,0.0,0.0,418.0,4345.0,174.0,104.0,3517.0,5055.0
2021-05-09 20:30:00+01:00,1132.0,10816.0,352.0,0.0,88.0,382.0,4346.0,178.0,11.0,2791.0,4886.0
2021-05-09 21:00:00+01:00,1133.0,10922.0,352.0,0.0,298.0,331.0,4346.0,369.0,1.0,2472.0,4746.0
2021-05-09 21:30:00+01:00,1130.0,10917.0,388.0,0.0,131.0,313.0,4353.0,358.0,0.0,2712.0,4494.0
2021-05-09 22:00:00+01:00,1277.0,9875.0,247.0,0.0,71.0,248.0,4349.0,337.0,0.0,3209.0,4500.0
2021-05-09 22:30:00+01:00,1432.0,9359.0,241.0,0.0,207.0,244.0,4350.0,174.0,0.0,3004.0,4428.0
2021-05-09 23:00:00+01:00,1538.0,8835.0,0.0,0.0,234.0,232.0,4347.0,171.0,0.0,2653.0,4267.0
2021-05-09 23:30:00+01:00,1459.0,7418.0,0.0,0.0,0.0,217.0,4353.0,339.0,0.0,2893.0,4230.0
2021-05-10 00:00:00+01:00,1439.0,6677.0,0.0,0.0,0.0,112.0,4357.0,250.0,0.0,3415.0,3922.0
2021-05-10 00:30:00+01:00,1470.0,5604.0,0.0,0.0,0.0,111.0,4350.0,252.0,0.0,3452.0,3920.0
2021-05-10 01:00:00+01:00,1479.0,5544.0,0.0,0.0,148.0,101.0,4347.0,172.0,1.0,3359.0,3749.0
2021-05-10 01:30:00+01:00,1461.0,5994.0,0.0,0.0,118.0,91.0,4354.0,180.0,1.0,3220.0,3597.0
2021-05-10 02:00:00+01:00,1500.0,6530.0,0.0,0.0,0.0,98.0,4348.0,177.0,2.0,3268.0,3354.0
2021-05-10 02:30:00+01:00,1465.0,5995.0,0.0,0.0,0.0,111.0,4343.0,180.0,1.0,3125.0,3372.0
2021-05-10 03:00:00+01:00,1447.0,5620.0,0.0,0.0,0.0,111.0,4344.0,178.0,0.0,3344.0,3312.0
2021-05-10 03:30:00+01:00,1450.0,4760.0,0.0,0.0,92.0,111.0,4343.0,183.0,1.0,3551.0,3286.0
2021-05-10 04:00:00+01:00,1466.0,4597.0,0.0,0.0,149.0,111.0,4345.0,204.0,0.0,3508.0,3150.0
2021-05-10 04:30:00+01:00,1510.0,4620.0,0.0,0.0,149.0,122.0,4347.0,198.0,0.0,3532.0,3111.0
2021-05-10 05:00:00+01:00,1550.0,4770.0,81.0,0.0,285.0,120.0,4343.0,192.0,1.0,3502.0,2946.0
2021-05-10 05:30:00+01:00,1522.0,5143.0,230.0,0.0,0.0,135.0,4351.0,169.0,21.0,3750.0,2919.0
2021-05-10 06:00:00+01:00,1598.0,5953.0,320.0,0.0,4.0,182.0,4348.0,170.0,184.0,3643.0,2970.0
2021-05-10 06:30:00+01:00,1885.0,7523.0,475.0,0.0,149.0,182.0,4351.0,183.0,530.0,3520.0,2905.0
2021-05-10 07:00:00+01:00,2109.0,9201.0,494.0,0.0,4.0,366.0,4350.0,184.0,982.0,3583.0,3038.0
2021-05-10 07:30:00+01:00,2078.0,10354.0,498.0,0.0,268.0,367.0,4348.0,249.0,1580.0,3492.0,2998.0
2021-05-10 08:00:00+01:00,2324.0,10406.0,498.0,0.0,898.0,368.0,4351.0,292.0,2070.0,3711.0,3106.0
2021-05-10 08:30:00+01:00,2326.0,10444.0,495.0,0.0,1037.0,386.0,4353.0,287.0,2530.0,3676.0,3095.0
2021-05-10 09:00:00+01:00,2325.0,10599.0,490.0,0.0,749.0,295.0,4354.0,261.0,3040.0,4157.0,3298.0
2021-05-10 09:30:00+01:00,2322.0,10227.0,499.0,0.0,356.0,305.0,4349.0,242.0,3460.0,4542.0,3296.0
2021-05-10 10:00:00+01:00,2324.0,10154.0,495.0,0.0,22.0,244.0,4347.0,204.0,3690.0,4852.0,3751.0
2021-05-10 10:30:00+01:00,2304.0,9936.0,490.0,0.0,134.0,249.0,4358.0,231.0,4280.0,4740.0,3792.0
2021-05-10 11:00:00+01:00,2298.0,9550.0,230.0,0.0,86.0,231.0,4343.0,251.0,4850.0,5173.0,4145.0
2021-05-10 11:30:00+01:00,2287.0,9291.0,231.0,0.0,0.0,231.0,4347.0,238.0,5300.0,202.0,2554.0
2021-05-10 12:00:00+01:00,2302.0,9294.0,229.0,0.0,344.0,221.0,4338.0,154.0,5430.0,5034.0,5046.0
2021-05-10 12:30:00+01:00,2283.0,8604.0,161.0,0.0,462.0,211.0,4345.0,176.0,5850.0,4979.0,5140.0
2021-05-10 13:00:00+01:00,2094.0,8760.0,0.0,0.0,0.0,190.0,4350.0,142.0,6170.0,5194.0,5505.0
2021-05-10 13:30:00+01:00,2094.0,8142.0,0.0,0.0,0.0,205.0,4341.0,145.0,6390.0,5262.0,5548.0
2021-05-10 14:00:00+01:00,2100.0,7866.0,0.0,0.0,0.0,195.0,4349.0,143.0,6170.0,5105.0,5614.0
2021-05-10 14:30:00+01:00,1957.0,7390.0,0.0,0.0,0.0,178.0,4352.0,146.0,6140.0,5248.0,5770.0
2021-05-10 15:00:00+01:00,2042.0,6914.0,0.0,0.0,0.0,171.0,4344.0,143.0,5600.0,5451.0,5929.0
2021-05-10 15:30:00+01:00,2302.0,6639.0,0.0,0.0,0.0,183.0,4354.0,145.0,5300.0,5576.0,6227.0
2021-05-10 16:00:00+01:00,2258.0,6782.0,0.0,0.0,0.0,257.0,4353.0,153.0,4930.0,240.0,3202.0
2021-05-10 16:30:00+01:00,2255.0,7745.0,0.0,0.0,0.0,306.0,4351.0,156.0,4260.0,5421.0,6168.0
2021-05-10 17:00:00+01:00,2259.0,8684.0,0.0,0.0,0.0,435.0,4347.0,169.0,3600.0,5421.0,6135.0
2021-05-10 17:30:00+01:00,2246.0,9449.0,0.0,0.0,0.0,469.0,4340.0,165.0,2920.0,5427.0,6038.0
2021-05-10 18:00:00+01:00,1999.0,9335.0,0.0,0.0,297.0,510.0,4341.0,153.0,2220.0,5376.0,5901.0
2021-05-10 18:30:00+01:00,2034.0,9278.0,0.0,0.0,299.0,513.0,4339.0,154.0,1550.0,5317.0,5824.0
2021-05-10 19:00:00+01:00,2126.0,9490.0,0.0,0.0,76.0,501.0,4343.0,165.0,1030.0,5372.0,5414.0
2021-05-10 19:30:00+01:00,2208.0,9941.0,0.0,0.0,0.0,500.0,4344.0,152.0,540.0,5508.0,5287.0
2021-05-10 20:00:00+01:00,2284.0,9899.0,0.0,0.0,0.0,342.0,4344.0,147.0,142.0,5355.0,5008.0
2021-05-10 20:30:00+01:00,2089.0,9790.0,0.0,0.0,234.0,330.0,4337.0,143.0,7.0,5204.0,4891.0
2021-05-10 21:00:00+01:00,2118.0,9294.0,0.0,0.0,204.0,296.0,4341.0,144.0,1.0,4990.0,4795.0
2021-05-10 21:30:00+01:00,2222.0,9219.0,0.0,0.0,158.0,245.0,4345.0,145.0,2.0,4655.0,4566.0
2021-05-10 22:00:00+01:00,2189.0,9051.0,0.0,0.0,125.0,206.0,4348.0,144.0,1.0,4350.0,4561.0
2021-05-10 22:30:00+01:00,2238.0,7763.0,0.0,0.0,0.0,205.0,4350.0,143.0,0.0,4384.0,4467.0
2021-05-10 23:00:00+01:00,2240.0,6350.0,0.0,0.0,52.0,178.0,4346.0,143.0,0.0,4177.0,4418.0
2021-05-10 23:30:00+01:00,2242.0,5904.0,0.0,0.0,0.0,161.0,4339.0,143.0,0.0,4182.0,4170.0
2021-05-11 00:00:00+01:00,2229.0,5915.0,0.0,0.0,0.0,109.0,4348.0,141.0,0.0,4047.0,4085.0
2021-05-11 00:30:00+01:00,2214.0,5593.0,0.0,0.0,0.0,108.0,4344.0,137.0,0.0,3845.0,4235.0
2021-05-11 01:00:00+01:00,2202.0,5609.0,0.0,0.0,0.0,81.0,4342.0,142.0,1.0,3618.0,3805.0
2021-05-11 01:30:00+01:00,2197.0,5826.0,0.0,0.0,0.0,100.0,4346.0,143.0,1.0,3415.0,3603.0
2021-05-11 02:00:00+01:00,2220.0,6443.0,0.0,0.0,0.0,100.0,4341.0,143.0,1.0,3101.0,3426.0
2021-05-11 02:30:00+01:00,2236.0,6360.0,0.0,0.0,0.0,100.0,4341.0,143.0,1.0,2746.0,3615.0
2021-05-11 03:00:00+01:00,2228.0,6679.0,0.0,0.0,0.0,100.0,4339.0,219.0,1.0,2129.0,3321.0
2021-05-11 03:30:00+01:00,2213.0,6824.0,0.0,0.0,0.0,100.0,4346.0,264.0,1.0,1662.0,3538.0
2021-05-11 04:00:00+01:00,2254.0,6973.0,0.0,0.0,0.0,100.0,4340.0,261.0,1.0,1333.0,3346.0
2021-05-11 04:30:00+01:00,2272.0,7167.0,0.0,0.0,0.0,111.0,4346.0,266.0,0.0,1334.0,3518.0
2021-05-11 05:00:00+01:00,2334.0,7284.0,0.0,0.0,0.0,169.0,4343.0,162.0,3.0,1332.0,3339.0
2021-05-11 05:30:00+01:00,2367.0,7866.0,0.0,0.0,0.0,172.0,4352.0,137.0,76.0,1115.0,3462.0
2021-05-11 06:00:00+01:00,2469.0,9339.0,0.0,0.0,0.0,235.0,4348.0,142.0,312.0,1007.0,3482.0
2021-05-11 06:30:00+01:00,2693.0,11308.0,0.0,0.0,0.0,235.0,4352.0,141.0,696.0,1026.0,3868.0
2021-05-11 07:00:00+01:00,2726.0,13321.0,0.0,0.0,67.0,417.0,4350.0,147.0,1160.0,957.0,4022.0
2021-05-11 07:30:00+01:00,2730.0,14560.0,0.0,0.0,538.0,483.0,4355.0,211.0,1720.0,892.0,3873.0
2021-05-11 08:00:00+01:00,2729.0,14941.0,0.0,0.0,32.0,554.0,4349.0,265.0,2260.0,754.0,3989.0
2021-05-11 08:30:00+01:00,2724.0,14845.0,0.0,0.0,0.0,473.0,4348.0,319.0,3000.0,662.0,4047.0
2021-05-11 09:00:00+01:00,2763.0,14882.0,0.0,0.0,0.0,382.0,4349.0,243.0,3670.0,589.0,4272.0
2021-05-11 09:30:00+01:00,2660.0,14254.0,0.0,0.0,0.0,348.0,4352.0,148.0,4400.0,601.0,4325.0
2021-05-11 10:00:00+01:00,2716.0,14180.0,0.0,0.0,0.0,319.0,4348.0,146.0,4730.0,667.0,4482.0
2021-05-11 10:30:00+01:00,2740.0,14413.0,0.0,0.0,0.0,200.0,4343.0,140.0,5010.0,660.0,4514.0
2021-05-11 11:00:00+01:00,2922.0,14084.0,0.0,0.0,149.0,208.0,4337.0,143.0,5620.0,571.0,4443.0
2021-05-11 11:30:00+01:00,2875.0,14166.0,0.0,0.0,0.0,311.0,4342.0,142.0,5780.0,588.0,4392.0
2021-05-11 12:00:00+01:00,2857.0,13984.0,0.0,0.0,17.0,300.0,4341.0,139.0,6150.0,884.0,4297.0
2021-05-11 12:30:00+01:00,2833.0,13793.0,0.0,0.0,349.0,298.0,4346.0,139.0,6380.0,1153.0,4124.0
2021-05-11 13:00:00+01:00,2848.0,13735.0,0.0,0.0,149.0,298.0,4344.0,140.0,6480.0,1165.0,3891.0
2021-05-11 13:30:00+01:00,2856.0,13363.0,0.0,0.0,0.0,283.0,4348.0,142.0,6320.0,1184.0,3749.0
2021-05-11 14:00:00+01:00,2835.0,13159.0,0.0,0.0,79.0,282.0,4343.0,143.0,5990.0,1463.0,3438.0
2021-05-11 14:30:00+01:00,2800.0,13249.0,0.0,0.0,0.0,282.0,4357.0,142.0,5650.0,1730.0,3277.0
2021-05-11 15:00:00+01:00,2534.0,13291.0,0.0,0.0,0.0,282.0,4293.0,143.0,5380.0,1764.0,2997.0
2021-05-11 15:30:00+01:00,2668.0,13917.0,0.0,0.0,0.0,283.0,4294.0,149.0,4740.0,2127.0,2742.0
2021-05-11 16:00:00+01:00,2879.0,14663.0,12.0,0.0,150.0,285.0,4293.0,182.0,4100.0,2114.0,2549.0
2021-05-11 16:30:00+01:00,2948.0,14934.0,206.0,0.0,328.0,489.0,4282.0,328.0,3450.0,2135.0,2367.0
2021-05-11 17:00:00+01:00,2881.0,15460.0,387.0,0.0,396.0,767.0,4270.0,333.0,2850.0,2503.0,1957.0
2021-05-11 17:30:00+01:00,2873.0,15891.0,461.0,0.0,601.0,771.0,4277.0,342.0,2090.0,2867.0,1840.0
2021-05-11 18:00:00+01:00,2847.0,16158.0,495.0,0.0,1003.0,831.0,4219.0,396.0,1520.0,2563.0,1535.0
2021-05-11 18:30:00+01:00,2864.0,16333.0,498.0,0.0,1052.0,846.0,4219.0,407.0,1030.0,2611.0,1543.0
2021-05-11 19:00:00+01:00,2901.0,16499.0,496.0,0.0,1037.0,847.0,4215.0,385.0,682.0,2506.0,1366.0
2021-05-11 19:30:00+01:00,2908.0,16620.0,498.0,0.0,1048.0,839.0,4223.0,323.0,334.0,2472.0,1342.0
2021-05-11 20:00:00+01:00,2920.0,16656.0,485.0,0.0,600.0,773.0,4219.0,283.0,86.0,2477.0,1486.0
2021-05-11 20:30:00+01:00,2915.0,16784.0,499.0,0.0,816.0,594.0,4212.0,218.0,6.0,2480.0,1567.0
2021-05-11 21:00:00+01:00,2892.0,16823.0,499.0,0.0,206.0,402.0,4216.0,182.0,2.0,2593.0,1489.0
2021-05-11 21:30:00+01:00,2880.0,16287.0,443.0,0.0,12.0,367.0,4222.0,177.0,0.0,2691.0,1467.0
2021-05-11 22:00:00+01:00,2891.0,15193.0,253.0,0.0,0.0,238.0,4222.0,167.0,2.0,3009.0,1388.0
2021-05-11 22:30:00+01:00,2665.0,13544.0,345.0,0.0,0.0,254.0,4219.0,169.0,0.0,3077.0,1375.0
2021-05-11 23:00:00+01:00,2142.0,12600.0,321.0,0.0,0.0,229.0,4213.0,145.0,1.0,3028.0,1363.0
2021-05-11 23:30:00+01:00,1742.0,11190.0,316.0,0.0,0.0,294.0,4214.0,141.0,0.0,3325.0,1413.0
2021-05-12 00:00:00+01:00,1738.0,10513.0,0.0,0.0,0.0,224.0,4210.0,142.0,0.0,3466.0,1365.0
2021-05-12 00:30:00+01:00,1665.0,10052.0,0.0,0.0,0.0,148.0,4211.0,143.0,0.0,3562.0,1345.0
2021-05-12 01:00:00+01:00,1692.0,10103.0,0.0,0.0,0.0,149.0,4210.0,144.0,0.0,3507.0,1222.0
2021-05-12 01:30:00+01:00,1697.0,10324.0,0.0,0.0,0.0,148.0,4216.0,143.0,0.0,3524.0,1243.0
2021-05-12 02:00:00+01:00,1698.0,10573.0,0.0,0.0,0.0,148.0,4229.0,144.0,0.0,3452.0,1238.0
2021-05-12 02:30:00+01:00,1698.0,10487.0,0.0,0.0,0.0,138.0,4228.0,143.0,0.0,3198.0,1263.0
2021-05-12 03:00:00+01:00,1689.0,10109.0,0.0,0.0,0.0,135.0,4254.0,141.0,0.0,3314.0,1358.0
2021-05-12 03:30:00+01:00,1680.0,9769.0,0.0,0.0,0.0,130.0,4248.0,139.0,0.0,3573.0,1390.0
2021-05-12 04:00:00+01:00,1646.0,9329.0,0.0,0.0,0.0,130.0,4247.0,141.0,0.0,3607.0,1381.0
2021-05-12 04:30:00+01:00,1650.0,10016.0,0.0,0.0,0.0,130.0,4248.0,142.0,0.0,3310.0,1291.0
2021-05-12 05:00:00+01:00,1689.0,10604.0,0.0,0.0,0.0,148.0,4255.0,142.0,1.0,3020.0,1254.0
2021-05-12 05:30:00+01:00,1693.0,10860.0,11.0,0.0,0.0,166.0,4253.0,143.0,64.0,2887.0,1233.0
2021-05-12 06:00:00+01:00,1696.0,12082.0,55.0,0.0,16.0,273.0,4253.0,262.0,332.0,2558.0,1239.0
2021-05-12 06:30:00+01:00,2085.0,13309.0,206.0,0.0,159.0,279.0,4250.0,331.0,721.0,2382.0,1203.0
2021-05-12 07:00:00+01:00,2313.0,15186.0,347.0,0.0,150.0,307.0,4254.0,303.0,1300.0,2308.0,1168.0
2021-05-12 07:30:00+01:00,2311.0,15801.0,708.0,0.0,522.0,366.0,4253.0,299.0,1930.0,2170.0,1168.0
2021-05-12 08:00:00+01:00,2313.0,16192.0,904.0,0.0,569.0,450.0,4259.0,340.0,2550.0,1930.0,1121.0
2021-05-12 08:30:00+01:00,2306.0,16318.0,979.0,0.0,298.0,487.0,4259.0,348.0,3130.0,1861.0,1101.0
2021-05-12 09:00:00+01:00,2289.0,16414.0,988.0,0.0,286.0,449.0,4259.0,340.0,3810.0,1793.0,1091.0
2021-05-12 09:30:00+01:00,2293.0,16434.0,990.0,0.0,162.0,446.0,4258.0,333.0,4230.0,1689.0,1042.0
2021-05-12 10:00:00+01:00,2264.0,16437.0,992.0,0.0,208.0,333.0,4256.0,272.0,4640.0,1616.0,1020.0
2021-05-12 10:30:00+01:00,2259.0,16200.0,986.0,0.0,352.0,304.0,4253.0,249.0,4920.0,1543.0,1030.0
2021-05-12 11:00:00+01:00,2316.0,16271.0,990.0,0.0,254.0,270.0,4214.0,265.0,5180.0,1712.0,1094.0
2021-05-12 11:30:00+01:00,2514.0,15975.0,989.0,0.0,11.0,273.0,4215.0,334.0,5470.0,1814.0,1169.0
2021-05-12 12:00:00+01:00,2826.0,15854.0,990.0,0.0,30.0,273.0,4210.0,344.0,5760.0,1882.0,1250.0
2021-05-12 12:30:00+01:00,2824.0,16156.0,993.0,0.0,0.0,272.0,4204.0,334.0,5870.0,1709.0,1329.0
2021-05-12 13:00:00+01:00,2823.0,16041.0,990.0,0.0,44.0,273.0,4204.0,259.0,5700.0,1442.0,1339.0
2021-05-12 13:30:00+01:00,2822.0,16056.0,988.0,0.0,125.0,259.0,4207.0,217.0,5590.0,1193.0,1286.0
2021-05-12 14:00:00+01:00,2841.0,15997.0,992.0,0.0,0.0,265.0,4213.0,318.0,5260.0,944.0,1230.0
2021-05-12 14:30:00+01:00,2850.0,15792.0,954.0,0.0,0.0,260.0,4213.0,275.0,5080.0,860.0,1215.0
2021-05-12 15:00:00+01:00,2851.0,15898.0,989.0,0.0,0.0,263.0,4208.0,142.0,4770.0,992.0,1223.0
2021-05-12 15:30:00+01:00,2837.0,16013.0,993.0,0.0,0.0,305.0,4255.0,140.0,4210.0,1034.0,1170.0
2021-05-12 16:00:00+01:00,2824.0,16493.0,989.0,0.0,0.0,391.0,4264.0,246.0,3730.0,1139.0,1143.0
2021-05-12 16:30:00+01:00,2856.0,16691.0,988.0,0.0,299.0,561.0,4263.0,317.0,3100.0,1111.0,1159.0
2021-05-12 17:00:00+01:00,2866.0,17265.0,960.0,0.0,556.0,689.0,4263.0,402.0,2450.0,1104.0,1173.0
2021-05-12 17:30:00+01:00,2872.0,17714.0,981.0,0.0,1018.0,706.0,4266.0,376.0,1820.0,913.0,1179.0
2021-05-12 18:00:00+01:00,2787.0,17817.0,990.0,0.0,1018.0,728.0,4302.0,468.0,1390.0,993.0,1067.0
2021-05-12 18:30:00+01:00,2840.0,17964.0,990.0,0.0,1018.0,726.0,4293.0,559.0,998.0,971.0,1029.0
2021-05-12 19:00:00+01:00,2846.0,17850.0,993.0,0.0,989.0,673.0,4288.0,562.0,610.0,1099.0,976.0
2021-05-12 19:30:00+01:00,2757.0,18078.0,990.0,0.0,949.0,668.0,4288.0,546.0,335.0,1100.0,1062.0
2021-05-12 20:00:00+01:00,2737.0,18280.0,989.0,0.0,601.0,664.0,4289.0,455.0,113.0,1241.0,938.0
2021-05-12 20:30:00+01:00,2792.0,18148.0,992.0,0.0,299.0,649.0,4287.0,497.0,15.0,1315.0,917.0
2021-05-12 21:00:00+01:00,2769.0,18234.0,992.0,0.0,128.0,582.0,4288.0,396.0,0.0,1406.0,869.0
2021-05-12 21:30:00+01:00,2833.0,17798.0,939.0,0.0,0.0,504.0,4282.0,228.0,0.0,1516.0,854.0
2021-05-12 22:00:00+01:00,2509.0,17119.0,680.0,0.0,0.0,390.0,4292.0,146.0,0.0,1531.0,804.0
2021-05-12 22:30:00+01:00,1944.0,15712.0,658.0,0.0,0.0,427.0,4292.0,142.0,0.0,1681.0,782.0
2021-05-12 23:00:00+01:00,1634.0,14594.0,461.0,0.0,0.0,411.0,4296.0,148.0,0.0,1646.0,792.0
2021-05-12 23:30:00+01:00,1633.0,13055.0,475.0,0.0,0.0,296.0,4328.0,150.0,0.0,1571.0,802.0
2021-05-13 00:00:00+01:00,1637.0,12730.0,512.0,0.0,0.0,201.0,4346.0,141.0,0.0,1371.0,809.0
2021-05-13 00:30:00+01:00,1627.0,12447.0,613.0,0.0,0.0,167.0,4346.0,146.0,0.0,1341.0,771.0
2021-05-13 01:00:00+01:00,1631.0,12093.0,580.0,0.0,0.0,165.0,4339.0,140.0,0.0,1344.0,770.0
2021-05-13 01:30:00+01:00,1628.0,12569.0,633.0,0.0,0.0,164.0,4337.0,137.0,0.0,1291.0,745.0
2021-05-13 02:00:00+01:00,1627.0,12533.0,651.0,0.0,0.0,163.0,4343.0,140.0,0.0,1206.0,720.0
2021-05-13 02:30:00+01:00,1633.0,12171.0,553.0,0.0,0.0,146.0,4342.0,144.0,0.0,1230.0,716.0
2021-05-13 03:00:00+01:00,1629.0,11842.0,543.0,0.0,0.0,158.0,4347.0,141.0,0.0,1187.0,717.0
2021-05-13 03:30:00+01:00,1630.0,11737.0,465.0,0.0,0.0,158.0,4337.0,141.0,0.0,1090.0,706.0
2021-05-13 04:00:00+01:00,1622.0,11918.0,566.0,0.0,0.0,158.0,4338.0,141.0,0.0,1066.0,781.0
2021-05-13 04:30:00+01:00,1619.0,11991.0,622.0,0.0,0.0,158.0,4338.0,141.0,0.0,1153.0,792.0
2021-05-13 05:00:00+01:00,1611.0,11697.0,487.0,0.0,0.0,204.0,4339.0,141.0,1.0,1153.0,816.0
2021-05-13 05:30:00+01:00,1604.0,12060.0,488.0,0.0,0.0,204.0,4339.0,142.0,34.0,1103.0,802.0
2021-05-13 06:00:00+01:00,1790.0,13146.0,463.0,0.0,0.0,266.0,4340.0,141.0,156.0,1162.0,885.0
2021-05-13 06:30:00+01:00,2172.0,14626.0,528.0,0.0,0.0,280.0,4336.0,141.0,353.0,1153.0,882.0
2021-05-13 07:00:00+01:00,2745.0,16221.0,758.0,0.0,0.0,366.0,4337.0,149.0,597.0,1180.0,911.0
2021-05-13 07:30:00+01:00,2746.0,17555.0,784.0,0.0,220.0,532.0,4340.0,150.0,899.0,1185.0,907.0
2021-05-13 08:00:00+01:00,2856.0,17629.0,985.0,0.0,725.0,539.0,4337.0,291.0,1220.0,1149.0,979.0
2021-05-13 08:30:00+01:00,2856.0,17818.0,979.0,0.0,626.0,558.0,4341.0,431.0,1560.0,1064.0,969.0
2021-05-13 09:00:00+01:00,2849.0,17814.0,974.0,0.0,702.0,553.0,4342.0,419.0,1980.0,917.0,1083.0
2021-05-13 09:30:00+01:00,2843.0,17825.0,978.0,0.0,450.0,541.0,4347.0,427.0,2420.0,944.0,1102.0
2021-05-13 10:00:00+01:00,2853.0,17778.0,992.0,0.0,356.0,524.0,4345.0,432.0,2710.0,976.0,1139.0
2021-05-13 10:30:00+01:00,2824.0,17725.0,989.0,0.0,704.0,498.0,4344.0,360.0,2960.0,932.0,1127.0
2021-05-13 11:00:00+01:00,2838.0,17737.0,990.0,0.0,223.0,467.0,4345.0,416.0,3190.0,862.0,1235.0
2021-05-13 11:30:00+01:00,2822.0,17411.0,987.0,0.0,168.0,414.0,4337.0,442.0,3320.0,867.0,1256.0
2021-05-13 12:00:00+01:00,2780.0,17447.0,991.0,0.0,319.0,399.0,4333.0,422.0,3430.0,907.0,1374.0
2021-05-13 12:30:00+01:00,2735.0,17539.0,991.0,0.0,17.0,332.0,4332.0,416.0,3530.0,937.0,1415.0
2021-05-13 13:00:00+01:00,2738.0,17769.0,992.0,0.0,0.0,229.0,4337.0,373.0,3370.0,952.0,1467.0
2021-05-13 13:30:00+01:00,2731.0,17687.0,985.0,0.0,148.0,241.0,4332.0,334.0,3250.0,952.0,1500.0
2021-05-13 14:00:00+01:00,2733.0,17752.0,864.0,0.0,0.0,217.0,4328.0,279.0,3180.0,1045.0,1573.0
2021-05-13 14:30:00+01:00,2773.0,17456.0,935.0,0.0,0.0,192.0,4325.0,279.0,3030.0,1061.0,1664.0
2021-05-13 15:00:00+01:00,2750.0,17395.0,987.0,0.0,0.0,206.0,4337.0,280.0,2940.0,1021.0,1677.0
2021-05-13 15:30:00+01:00,2850.0,17366.0,985.0,0.0,0.0,209.0,4335.0,315.0,2650.0,1074.0,1755.0
2021-05-13 16:00:00+01:00,2818.0,17740.0,986.0,0.0,0.0,326.0,4335.0,326.0,2270.0,1094.0,1803.0
2021-05-13 16:30:00+01:00,2869.0,18110.0,985.0,0.0,267.0,352.0,4336.0,317.0,1900.0,1005.0,1751.0
2021-05-13 17:00:00+01:00,2921.0,18295.0,993.0,0.0,848.0,530.0,4334.0,352.0,1560.0,804.0,1717.0
2021-05-13 17:30:00+01:00,2916.0,18201.0,990.0,0.0,1223.0,760.0,4334.0,358.0,1200.0,808.0,1719.0
2021-05-13 18:00:00+01:00,2916.0,18319.0,985.0,0.0,717.0,865.0,4339.0,376.0,971.0,794.0,1617.0
2021-05-13 18:30:00+01:00,2905.0,18211.0,991.0,0.0,717.0,873.0,4334.0,411.0,699.0,771.0,1626.0
2021-05-13 19:00:00+01:00,2896.0,18116.0,987.0,0.0,661.0,875.0,4338.0,418.0,428.0,800.0,1560.0
2021-05-13 19:30:00+01:00,2941.0,18271.0,990.0,0.0,600.0,877.0,4329.0,411.0,209.0,938.0,1540.0
2021-05-13 20:00:00+01:00,2963.0,18367.0,989.0,0.0,489.0,671.0,4330.0,364.0,56.0,1102.0,1407.0
2021-05-13 20:30:00+01:00,2968.0,18260.0,989.0,0.0,267.0,651.0,4326.0,158.0,5.0,1119.0,1379.0
2021-05-13 21:00:00+01:00,2985.0,17886.0,994.0,0.0,106.0,601.0,4325.0,153.0,0.0,1125.0,1273.0
2021-05-13 21:30:00+01:00,2990.0,17651.0,942.0,0.0,0.0,505.0,4325.0,152.0,0.0,1108.0,1265.0
2021-05-13 22:00:00+01:00,2805.0,16845.0,580.0,0.0,0.0,287.0,4332.0,151.0,0.0,1141.0,1273.0
2021-05-13 22:30:00+01:00,2218.0,15946.0,500.0,0.0,0.0,276.0,4328.0,146.0,0.0,1136.0,1249.0
2021-05-13 23:00:00+01:00,1701.0,14853.0,540.0,0.0,0.0,262.0,4339.0,142.0,0.0,1090.0,1113.0
2021-05-13 23:30:00+01:00,1658.0,13378.0,467.0,0.0,0.0,262.0,4329.0,142.0,0.0,1077.0,1064.0
2021-05-14 00:00:00+01:00,1648.0,12379.0,512.0,0.0,0.0,205.0,4334.0,141.0,0.0,1219.0,1005.0
2021-05-14 00:30:00+01:00,1642.0,11571.0,458.0,0.0,0.0,191.0,4327.0,142.0,0.0,1142.0,1003.0
2021-05-14 01:00:00+01:00,1616.0,11670.0,468.0,0.0,0.0,187.0,4329.0,142.0,1.0,1119.0,930.0
2021-05-14 01:30:00+01:00,1634.0,11803.0,468.0,0.0,0.0,182.0,4329.0,141.0,1.0,1143.0,925.0
2021-05-14 02:00:00+01:00,1691.0,11893.0,609.0,0.0,0.0,149.0,4331.0,147.0,0.0,1136.0,850.0
2021-05-14 02:30:00+01:00,1709.0,11726.0,618.0,0.0,0.0,147.0,4327.0,146.0,0.0,1202.0,860.0
2021-05-14 03:00:00+01:00,1714.0,11434.0,464.0,0.0,0.0,148.0,4302.0,141.0,0.0,1301.0,820.0
2021-05-14 03:30:00+01:00,1719.0,11334.0,460.0,0.0,0.0,148.0,4305.0,114.0,1.0,1332.0,819.0
2021-05-14 04:00:00+01:00,1708.0,11380.0,458.0,0.0,0.0,148.0,4285.0,128.0,0.0,1513.0,824.0
2021-05-14 04:30:00+01:00,1730.0,11024.0,459.0,0.0,0.0,167.0,4274.0,142.0,0.0,1733.0,800.0
2021-05-14 05:00:00+01:00,1649.0,11146.0,461.0,0.0,0.0,192.0,4253.0,142.0,0.0,1967.0,765.0
2021-05-14 05:30:00+01:00,1729.0,11339.0,457.0,0.0,0.0,197.0,4241.0,141.0,25.0,1906.0,722.0
2021-05-14 06:00:00+01:00,2123.0,12044.0,479.0,0.0,0.0,236.0,4230.0,143.0,116.0,1824.0,754.0
2021-05-14 06:30:00+01:00,2614.0,13930.0,688.0,0.0,0.0,256.0,4223.0,144.0,268.0,1653.0,769.0
2021-05-14 07:00:00+01:00,2961.0,15775.0,903.0,0.0,0.0,395.0,4201.0,146.0,447.0,1606.0,749.0
2021-05-14 07:30:00+01:00,2968.0,17485.0,934.0,0.0,36.0,549.0,4191.0,147.0,749.0,1514.0,771.0
2021-05-14 08:00:00+01:00,2970.0,18407.0,984.0,0.0,254.0,605.0,4194.0,175.0,1020.0,1474.0,720.0
2021-05-14 08:30:00+01:00,2969.0,18817.0,988.0,0.0,586.0,623.0,4077.0,400.0,1340.0,1210.0,718.0
2021-05-14 09:00:00+01:00,2967.0,18984.0,983.0,0.0,1183.0,616.0,3653.0,405.0,1530.0,1170.0,727.0
2021-05-14 09:30:00+01:00,2975.0,19075.0,973.0,0.0,980.0,777.0,3562.0,421.0,1890.0,943.0,689.0
2021-05-14 10:00:00+01:00,2982.0,19317.0,988.0,0.0,775.0,710.0,3562.0,421.0,2250.0,871.0,629.0
2021-05-14 10:30:00+01:00,2970.0,19490.0,988.0,0.0,448.0,681.0,3562.0,424.0,2530.0,820.0,626.0
2021-05-14 11:00:00+01:00,2987.0,19830.0,989.0,0.0,272.0,493.0,3557.0,436.0,2810.0,698.0,581.0
2021-05-14 11:30:00+01:00,3008.0,19843.0,987.0,0.0,238.0,457.0,3556.0,431.0,3060.0,662.0,571.0
2021-05-14 12:00:00+01:00,3010.0,19764.0,988.0,0.0,118.0,580.0,3558.0,357.0,3190.0,562.0,550.0
2021-05-14 12:30:00+01:00,2994.0,19736.0,989.0,0.0,0.0,623.0,3559.0,365.0,3570.0,483.0,513.0
2021-05-14 13:00:00+01:00,2987.0,19674.0,982.0,0.0,0.0,620.0,3555.0,347.0,3650.0,408.0,490.0
2021-05-14 13:30:00+01:00,2982.0,19692.0,987.0,0.0,0.0,417.0,3550.0,314.0,3750.0,332.0,500.0
2021-05-14 14:00:00+01:00,2980.0,19666.0,988.0,0.0,0.0,347.0,3549.0,277.0,3750.0,279.0,491.0
2021-05-14 14:30:00+01:00,2959.0,19463.0,987.0,0.0,0.0,260.0,3551.0,219.0,3630.0,269.0,497.0
2021-05-14 15:00:00+01:00,2983.0,18843.0,988.0,0.0,0.0,240.0,3553.0,251.0,3520.0,268.0,527.0
2021-05-14 15:30:00+01:00,2988.0,18891.0,988.0,0.0,0.0,283.0,3560.0,266.0,3170.0,282.0,542.0
2021-05-14 16:00:00+01:00,2989.0,18723.0,989.0,0.0,0.0,456.0,3560.0,332.0,2790.0,261.0,557.0
2021-05-14 16:30:00+01:00,2989.0,18559.0,986.0,0.0,221.0,532.0,3559.0,370.0,2590.0,221.0,564.0
2021-05-14 17:00:00+01:00,2920.0,18562.0,987.0,0.0,991.0,686.0,3559.0,327.0,2200.0,172.0,622.0
2021-05-14 17:30:00+01:00,2886.0,18662.0,986.0,0.0,1486.0,728.0,3558.0,248.0,1750.0,193.0,636.0
2021-05-14 18:00:00+01:00,2938.0,18710.0,986.0,0.0,1074.0,729.0,3560.0,335.0,1410.0,228.0,689.0
2021-05-14 18:30:00+01:00,2937.0,19189.0,984.0,0.0,931.0,725.0,3487.0,355.0,1010.0,225.0,764.0
2021-05-14 19:00:00+01:00,2918.0,19201.0,989.0,0.0,925.0,696.0,3496.0,317.0,568.0,25.0,449.0
2021-05-14 19:30:00+01:00,2908.0,19036.0,987.0,0.0,750.0,690.0,3541.0,208.0,250.0,170.0,785.0
2021-05-14 20:00:00+01:00,2908.0,19006.0,946.0,0.0,192.0,595.0,3534.0,240.0,66.0,257.0,750.0
2021-05-14 20:30:00+01:00,2896.0,18987.0,989.0,0.0,181.0,589.0,3516.0,85.0,4.0,155.0,769.0
2021-05-14 21:00:00+01:00,2969.0,18907.0,987.0,0.0,336.0,474.0,3520.0,160.0,0.0,171.0,731.0
2021-05-14 21:30:00+01:00,2968.0,18733.0,972.0,0.0,0.0,351.0,3515.0,137.0,0.0,332.0,733.0
2021-05-14 22:00:00+01:00,2970.0,17660.0,656.0,0.0,0.0,270.0,3517.0,120.0,0.0,179.0,832.0
2021-05-14 22:30:00+01:00,2766.0,16449.0,486.0,0.0,0.0,279.0,3516.0,74.0,0.0,216.0,825.0
2021-05-14 23:00:00+01:00,2192.0,15877.0,331.0,0.0,0.0,238.0,3531.0,75.0,0.0,202.0,881.0
2021-05-14 23:30:00+01:00,1605.0,14975.0,187.0,0.0,0.0,231.0,3528.0,75.0,1.0,176.0,881.0
2021-05-15 00:00:00+01:00,1442.0,14353.0,0.0,0.0,0.0,198.0,3519.0,75.0,0.0,210.0,941.0
2021-05-15 00:30:00+01:00,1441.0,13662.0,0.0,0.0,0.0,184.0,3530.0,75.0,0.0,230.0,975.0
2021-05-15 01:00:00+01:00,1383.0,13017.0,0.0,0.0,100.0,161.0,3548.0,74.0,0.0,268.0,1097.0
2021-05-15 01:30:00+01:00,1416.0,13296.0,0.0,0.0,31.0,160.0,3563.0,75.0,0.0,269.0,1087.0
2021-05-15 02:00:00+01:00,1431.0,13367.0,0.0,0.0,0.0,125.0,3595.0,75.0,0.0,301.0,1099.0
2021-05-15 02:30:00+01:00,1396.0,12964.0,0.0,0.0,0.0,124.0,3611.0,75.0,0.0,316.0,1141.0
2021-05-15 03:00:00+01:00,1463.0,12713.0,0.0,0.0,0.0,125.0,3610.0,75.0,0.0,395.0,1147.0
2021-05-15 03:30:00+01:00,1464.0,12728.0,0.0,0.0,0.0,124.0,3649.0,75.0,0.0,455.0,1191.0
2021-05-15 04:00:00+01:00,1427.0,12482.0,0.0,0.0,0.0,124.0,3645.0,75.0,0.0,600.0,1212.0
2021-05-15 04:30:00+01:00,1404.0,12285.0,0.0,0.0,0.0,124.0,3741.0,75.0,0.0,605.0,1205.0
2021-05-15 05:00:00+01:00,1461.0,12354.0,0.0,0.0,0.0,124.0,3756.0,74.0,1.0,597.0,1227.0
2021-05-15 05:30:00+01:00,1435.0,12382.0,0.0,0.0,0.0,140.0,3761.0,74.0,18.0,574.0,1254.0
2021-05-15 06:00:00+01:00,1399.0,12401.0,0.0,0.0,0.0,142.0,3757.0,75.0,103.0,608.0,1215.0
2021-05-15 06:30:00+01:00,1449.0,13020.0,69.0,0.0,0.0,160.0,3756.0,74.0,257.0,696.0,1224.0
2021-05-15 07:00:00+01:00,1541.0,13673.0,273.0,0.0,0.0,177.0,3758.0,77.0,464.0,944.0,1214.0
2021-05-15 07:30:00+01:00,1702.0,14259.0,458.0,0.0,0.0,212.0,3761.0,80.0,735.0,1051.0,1186.0
2021-05-15 08:00:00+01:00,1720.0,15003.0,497.0,0.0,92.0,388.0,3757.0,82.0,1010.0,1193.0,1171.0
2021-05-15 08:30:00+01:00,1717.0,15886.0,694.0,0.0,124.0,422.0,3757.0,83.0,1420.0,1167.0,1124.0
2021-05-15 09:00:00+01:00,1710.0,15820.0,876.0,0.0,0.0,610.0,3763.0,88.0,1710.0,1197.0,1176.0
2021-05-15 09:30:00+01:00,1720.0,15991.0,979.0,0.0,150.0,629.0,3764.0,112.0,2050.0,1220.0,1192.0
2021-05-15 10:00:00+01:00,1721.0,16068.0,982.0,0.0,149.0,616.0,3764.0,149.0,2390.0,1231.0,1208.0
2021-05-15 10:30:00+01:00,1720.0,16038.0,970.0,0.0,147.0,615.0,3768.0,156.0,2830.0,1140.0,1279.0
2021-05-15 11:00:00+01:00,1718.0,16158.0,973.0,0.0,0.0,464.0,3762.0,134.0,3080.0,1200.0,1284.0
2021-05-15 11:30:00+01:00,1715.0,16039.0,972.0,0.0,0.0,363.0,3759.0,110.0,3430.0,1317.0,1336.0
2021-05-15 12:00:00+01:00,1721.0,15905.0,974.0,0.0,0.0,428.0,3766.0,98.0,3570.0,1295.0,1401.0
2021-05-15 12:30:00+01:00,1722.0,15882.0,976.0,0.0,0.0,423.0,3761.0,96.0,3630.0,1260.0,1409.0
2021-05-15 13:00:00+01:00,1706.0,15523.0,785.0,0.0,0.0,385.0,3760.0,90.0,3890.0,1198.0,1510.0
2021-05-15 13:30:00+01:00,1715.0,15336.0,484.0,0.0,150.0,222.0,3758.0,72.0,3980.0,1206.0,1523.0
2021-05-15 14:00:00+01:00,1717.0,15046.0,459.0,0.0,0.0,183.0,3759.0,71.0,4090.0,1140.0,1459.0
2021-05-15 14:30:00+01:00,1681.0,14752.0,467.0,0.0,0.0,180.0,3759.0,71.0,3960.0,1185.0,1455.0
2021-05-15 15:00:00+01:00,1684.0,14497.0,465.0,0.0,0.0,219.0,3757.0,71.0,3970.0,1072.0,1472.0
2021-05-15 15:30:00+01:00,1630.0,13992.0,457.0,0.0,0.0,222.0,3757.0,71.0,3710.0,1152.0,1473.0
2021-05-15 16:00:00+01:00,1618.0,14515.0,495.0,0.0,0.0,267.0,3760.0,76.0,3470.0,1099.0,1481.0
2021-05-15 16:30:00+01:00,1684.0,15423.0,482.0,0.0,149.0,307.0,3761.0,79.0,3010.0,1015.0,1550.0
2021-05-15 17:00:00+01:00,1688.0,15796.0,730.0,0.0,300.0,649.0,3786.0,88.0,2550.0,869.0,1635.0
2021-05-15 17:30:00+01:00,1689.0,16367.0,915.0,0.0,0.0,737.0,3773.0,98.0,2060.0,810.0,1512.0
2021-05-15 18:00:00+01:00,1687.0,16291.0,975.0,0.0,474.0,846.0,3764.0,80.0,1720.0,793.0,1466.0
2021-05-15 18:30:00+01:00,1680.0,16223.0,985.0,0.0,751.0,845.0,3772.0,140.0,1170.0,767.0,1457.0
2021-05-15 19:00:00+01:00,1676.0,16362.0,974.0,0.0,600.0,793.0,3767.0,165.0,776.0,764.0,1386.0
2021-05-15 19:30:00+01:00,1687.0,16507.0,967.0,0.0,600.0,693.0,3764.0,208.0,438.0,747.0,1350.0
2021-05-15 20:00:00+01:00,1688.0,16509.0,982.0,0.0,508.0,651.0,3769.0,264.0,149.0,671.0,1169.0
2021-05-15 20:30:00+01:00,1713.0,16447.0,981.0,0.0,403.0,632.0,3765.0,264.0,17.0,563.0,1124.0
2021-05-15 21:00:00+01:00,1711.0,16637.0,984.0,0.0,386.0,458.0,3766.0,302.0,1.0,566.0,1037.0
2021-05-15 21:30:00+01:00,1710.0,16537.0,988.0,0.0,238.0,399.0,3773.0,260.0,2.0,536.0,1026.0
2021-05-15 22:00:00+01:00,1717.0,16142.0,978.0,0.0,191.0,230.0,3772.0,127.0,0.0,640.0,1027.0
2021-05-15 22:30:00+01:00,1722.0,15050.0,674.0,0.0,218.0,320.0,3772.0,77.0,0.0,743.0,1038.0
2021-05-15 23:00:00+01:00,1714.0,14024.0,594.0,0.0,150.0,320.0,3857.0,73.0,0.0,904.0,974.0
2021-05-15 23:30:00+01:00,1720.0,12860.0,651.0,0.0,0.0,202.0,3855.0,71.0,1.0,741.0,949.0
2021-05-16 00:00:00+01:00,1724.0,12152.0,308.0,0.0,0.0,170.0,3865.0,79.0,0.0,597.0,970.0
2021-05-16 00:30:00+01:00,1722.0,11872.0,233.0,0.0,0.0,167.0,3870.0,70.0,0.0,632.0,926.0
2021-05-16 01:00:00+01:00,1720.0,11926.0,0.0,0.0,0.0,129.0,3866.0,141.0,1.0,785.0,960.0
2021-05-16 01:30:00+01:00,1720.0,11996.0,0.0,0.0,0.0,128.0,3874.0,142.0,1.0,810.0,954.0
2021-05-16 02:00:00+01:00,1713.0,11926.0,0.0,0.0,0.0,122.0,3893.0,142.0,0.0,848.0,866.0
2021-05-16 02:30:00+01:00,1718.0,11541.0,0.0,0.0,0.0,100.0,3905.0,141.0,0.0,900.0,840.0
2021-05-16 03:00:00+01:00,1722.0,11562.0,0.0,0.0,0.0,100.0,3917.0,142.0,1.0,860.0,824.0
2021-05-16 03:30:00+01:00,1722.0,11456.0,0.0,0.0,0.0,100.0,3931.0,142.0,0.0,929.0,864.0
2021-05-16 04:00:00+01:00,1725.0,11117.0,0.0,0.0,0.0,100.0,3950.0,143.0,0.0,79.0,595.0
2021-05-16 04:30:00+01:00,1701.0,11317.0,0.0,0.0,0.0,100.0,3978.0,142.0,0.0,853.0,879.0
2021-05-16 05:00:00+01:00,1716.0,11090.0,0.0,0.0,0.0,100.0,3989.0,142.0,5.0,79.0,544.0
2021-05-16 05:30:00+01:00,1722.0,10883.0,0.0,0.0,0.0,97.0,3996.0,142.0,106.0,832.0,771.0
2021-05-16 06:00:00+01:00,1716.0,11064.0,0.0,0.0,0.0,95.0,4013.0,142.0,354.0,804.0,826.0
2021-05-16 06:30:00+01:00,1723.0,11461.0,0.0,0.0,0.0,95.0,4018.0,142.0,738.0,807.0,765.0
2021-05-16 07:00:00+01:00,1738.0,11963.0,0.0,0.0,0.0,140.0,4012.0,143.0,1180.0,806.0,714.0
2021-05-16 07:30:00+01:00,1805.0,12138.0,0.0,0.0,0.0,165.0,4022.0,143.0,1700.0,809.0,699.0
2021-05-16 08:00:00+01:00,1953.0,12383.0,0.0,0.0,0.0,200.0,4015.0,143.0,2180.0,817.0,676.0
2021-05-16 08:30:00+01:00,2258.0,13173.0,0.0,0.0,0.0,218.0,4015.0,146.0,2750.0,776.0,676.0
2021-05-16 09:00:00+01:00,2304.0,13578.0,77.0,0.0,0.0,262.0,4010.0,337.0,3170.0,781.0,691.0
2021-05-16 09:30:00+01:00,2324.0,14267.0,272.0,0.0,0.0,286.0,4008.0,176.0,3710.0,842.0,728.0
2021-05-16 10:00:00+01:00,2241.0,14710.0,365.0,0.0,0.0,309.0,4007.0,150.0,4080.0,683.0,718.0
2021-05-16 10:30:00+01:00,2143.0,15123.0,333.0,0.0,0.0,299.0,4011.0,291.0,4600.0,572.0,704.0
2021-05-16 11:00:00+01:00,2155.0,15056.0,330.0,0.0,123.0,292.0,4015.0,315.0,4850.0,712.0,756.0
2021-05-16 11:30:00+01:00,2219.0,15126.0,328.0,0.0,0.0,338.0,4017.0,336.0,5160.0,700.0,749.0
2021-05-16 12:00:00+01:00,2324.0,15369.0,363.0,0.0,0.0,338.0,4023.0,334.0,5200.0,536.0,830.0
2021-05-16 12:30:00+01:00,2316.0,15274.0,347.0,0.0,0.0,337.0,4028.0,336.0,5440.0,690.0,846.0
2021-05-16 13:00:00+01:00,2317.0,15107.0,346.0,0.0,0.0,214.0,4018.0,293.0,5460.0,868.0,945.0
2021-05-16 13:30:00+01:00,2313.0,15019.0,347.0,0.0,0.0,191.0,4015.0,152.0,5000.0,664.0,984.0
2021-05-16 14:00:00+01:00,2317.0,14990.0,303.0,0.0,0.0,167.0,4009.0,143.0,4550.0,721.0,969.0
2021-05-16 14:30:00+01:00,2313.0,14864.0,230.0,0.0,0.0,166.0,4010.0,144.0,4190.0,775.0,1000.0
2021-05-16 15:00:00+01:00,2325.0,14689.0,266.0,0.0,0.0,197.0,4016.0,149.0,3870.0,943.0,998.0
2021-05-16 15:30:00+01:00,2330.0,14450.0,452.0,0.0,0.0,196.0,4016.0,150.0,3500.0,1252.0,986.0
2021-05-16 16:00:00+01:00,2337.0,14756.0,636.0,0.0,0.0,249.0,4012.0,164.0,3000.0,1186.0,1060.0
2021-05-16 16:30:00+01:00,2330.0,15220.0,577.0,0.0,191.0,272.0,4012.0,182.0,2570.0,1228.0,1100.0
2021-05-16 17:00:00+01:00,2325.0,15476.0,631.0,0.0,718.0,459.0,4015.0,310.0,2020.0,1218.0,1164.0
2021-05-16 17:30:00+01:00,2325.0,16062.0,470.0,0.0,1073.0,554.0,4018.0,341.0,1590.0,1074.0,1172.0
2021-05-16 18:00:00+01:00,2336.0,16270.0,487.0,0.0,792.0,576.0,4021.0,387.0,1160.0,1104.0,1172.0
2021-05-16 18:30:00+01:00,2339.0,16298.0,471.0,0.0,1069.0,615.0,4101.0,392.0,786.0,1064.0,1084.0
2021-05-16 19:00:00+01:00,2327.0,16033.0,488.0,0.0,792.0,620.0,4107.0,373.0,534.0,1234.0,1054.0
2021-05-16 19:30:00+01:00,2323.0,15895.0,482.0,0.0,783.0,601.0,4104.0,325.0,296.0,1624.0,1021.0
2021-05-16 20:00:00+01:00,2319.0,16222.0,464.0,0.0,724.0,532.0,4109.0,333.0,125.0,1481.0,898.0
2021-05-16 20:30:00+01:00,2326.0,16196.0,460.0,0.0,293.0,533.0,4108.0,272.0,25.0,1389.0,837.0
2021-05-16 21:00:00+01:00,2322.0,16256.0,475.0,0.0,102.0,480.0,4104.0,156.0,1.0,1572.0,751.0
2021-05-16 21:30:00+01:00,2325.0,15713.0,576.0,0.0,0.0,373.0,4103.0,150.0,0.0,1641.0,752.0
2021-05-16 22:00:00+01:00,2271.0,15178.0,476.0,0.0,0.0,240.0,4104.0,146.0,1.0,1556.0,745.0
2021-05-16 22:30:00+01:00,2078.0,14053.0,234.0,0.0,0.0,319.0,4198.0,141.0,0.0,1519.0,749.0
2021-05-16 23:00:00+01:00,1617.0,13201.0,235.0,0.0,0.0,318.0,4202.0,116.0,0.0,1318.0,700.0
2021-05-16 23:30:00+01:00,1608.0,11824.0,232.0,0.0,0.0,292.0,4197.0,138.0,0.0,1247.0,694.0
2021-05-17 00:00:00+01:00,1474.0,11749.0,316.0,0.0,0.0,234.0,4198.0,142.0,0.0,1027.0,641.0
2021-05-17 00:30:00+01:00,1366.0,11878.0,246.0,0.0,0.0,226.0,4232.0,142.0,0.0,921.0,626.0
2021-05-17 01:00:00+01:00,1346.0,11592.0,237.0,0.0,0.0,204.0,4262.0,141.0,2.0,923.0,624.0
2021-05-17 01:30:00+01:00,1489.0,12012.0,240.0,0.0,0.0,204.0,4270.0,142.0,2.0,871.0,625.0
2021-05-17 02:00:00+01:00,1486.0,11898.0,238.0,0.0,0.0,197.0,4267.0,141.0,2.0,802.0,631.0
2021-05-17 02:30:00+01:00,1475.0,11651.0,231.0,0.0,0.0,187.0,4262.0,141.0,0.0,772.0,651.0
2021-05-17 03:00:00+01:00,1473.0,11651.0,230.0,0.0,0.0,187.0,4264.0,141.0,0.0,586.0,669.0
2021-05-17 03:30:00+01:00,1487.0,11458.0,232.0,0.0,0.0,188.0,4272.0,142.0,0.0,541.0,622.0
2021-05-17 04:00:00+01:00,1497.0,11247.0,239.0,0.0,0.0,188.0,4267.0,142.0,0.0,604.0,613.0
2021-05-17 04:30:00+01:00,1505.0,11227.0,231.0,0.0,0.0,188.0,4275.0,141.0,0.0,814.0,614.0
2021-05-17 05:00:00+01:00,1503.0,11181.0,228.0,0.0,0.0,189.0,4274.0,147.0,3.0,889.0,619.0
2021-05-17 05:30:00+01:00,1527.0,11816.0,275.0,0.0,0.0,189.0,4272.0,142.0,48.0,891.0,615.0
2021-05-17 06:00:00+01:00,1927.0,12735.0,465.0,0.0,0.0,223.0,4281.0,142.0,224.0,897.0,660.0
2021-05-17 06:30:00+01:00,2238.0,14438.0,600.0,0.0,0.0,261.0,4278.0,142.0,521.0,991.0,654.0
2021-05-17 07:00:00+01:00,2296.0,16491.0,598.0,0.0,3.0,360.0,4279.0,160.0,872.0,1132.0,613.0
2021-05-17 07:30:00+01:00,2264.0,17184.0,764.0,0.0,728.0,464.0,4280.0,341.0,1290.0,1206.0,622.0
2021-05-17 08:00:00+01:00,2312.0,18007.0,895.0,0.0,560.0,630.0,4271.0,418.0,1680.0,1139.0,689.0
2021-05-17 08:30:00+01:00,2313.0,18129.0,834.0,0.0,950.0,522.0,4274.0,338.0,2140.0,1061.0,671.0
2021-05-17 09:00:00+01:00,2309.0,18544.0,921.0,0.0,953.0,519.0,4275.0,340.0,2570.0,901.0,707.0
2021-05-17 09:30:00+01:00,2299.0,18356.0,863.0,0.0,1166.0,520.0,4277.0,329.0,3576.0,1020.0,706.0
2021-05-17 10:00:00+01:00,2306.0,18386.0,980.0,0.0,470.0,407.0,4276.0,417.0,3490.0,1066.0,759.0
2021-05-17 10:30:00+01:00,2298.0,18275.0,964.0,0.0,472.0,355.0,4286.0,339.0,3880.0,1145.0,745.0
2021-05-17 11:00:00+01:00,2306.0,18365.0,917.0,0.0,227.0,274.0,4293.0,322.0,4370.0,1141.0,845.0
2021-05-17 11:30:00+01:00,2308.0,18442.0,939.0,0.0,118.0,278.0,4272.0,310.0,4740.0,1105.0,894.0
2021-05-17 12:00:00+01:00,2311.0,18492.0,980.0,0.0,247.0,263.0,4274.0,280.0,5210.0,1011.0,1084.0
2021-05-17 12:30:00+01:00,2307.0,18190.0,979.0,0.0,0.0,276.0,4273.0,274.0,5450.0,923.0,1103.0
2021-05-17 13:00:00+01:00,2309.0,18270.0,982.0,0.0,218.0,191.0,4275.0,211.0,5050.0,865.0,1270.0
2021-05-17 13:30:00+01:00,2284.0,17950.0,967.0,0.0,64.0,185.0,4281.0,142.0,5390.0,858.0,1323.0
2021-05-17 14:00:00+01:00,2192.0,17415.0,707.0,0.0,0.0,209.0,4279.0,211.0,5420.0,852.0,1470.0
2021-05-17 14:30:00+01:00,2135.0,17164.0,594.0,0.0,0.0,187.0,4272.0,143.0,5020.0,719.0,1484.0
2021-05-17 15:00:00+01:00,2237.0,17066.0,504.0,0.0,0.0,187.0,4261.0,144.0,4960.0,576.0,1632.0
2021-05-17 15:30:00+01:00,2378.0,17243.0,489.0,0.0,0.0,188.0,4256.0,148.0,4580.0,673.0,1659.0
2021-05-17 16:00:00+01:00,2510.0,17247.0,654.0,0.0,0.0,244.0,4258.0,157.0,4070.0,801.0,1779.0
2021-05-17 16:30:00+01:00,2619.0,18097.0,646.0,0.0,0.0,257.0,4263.0,173.0,3680.0,854.0,1787.0
2021-05-17 17:00:00+01:00,2701.0,18600.0,832.0,0.0,0.0,349.0,4256.0,176.0,3200.0,629.0,1870.0
2021-05-17 17:30:00+01:00,2714.0,18733.0,917.0,0.0,299.0,435.0,4269.0,171.0,2700.0,776.0,1862.0
2021-05-17 18:00:00+01:00,2772.0,19016.0,904.0,0.0,677.0,496.0,4271.0,279.0,2200.0,542.0,1833.0
2021-05-17 18:30:00+01:00,2717.0,18968.0,829.0,0.0,864.0,522.0,4272.0,298.0,1530.0,558.0,1766.0
2021-05-17 19:00:00+01:00,2847.0,19087.0,924.0,0.0,405.0,546.0,4268.0,287.0,1040.0,512.0,1706.0
2021-05-17 19:30:00+01:00,2747.0,19025.0,887.0,0.0,600.0,579.0,4275.0,303.0,580.0,716.0,1588.0
2021-05-17 20:00:00+01:00,2803.0,18737.0,909.0,0.0,299.0,504.0,4278.0,278.0,223.0,1007.0,1395.0
2021-05-17 20:30:00+01:00,2837.0,18716.0,923.0,0.0,72.0,435.0,4281.0,248.0,30.0,946.0,1297.0
2021-05-17 21:00:00+01:00,2859.0,18972.0,934.0,0.0,36.0,314.0,4277.0,182.0,1.0,802.0,1116.0
2021-05-17 21:30:00+01:00,2837.0,18142.0,976.0,0.0,109.0,273.0,4272.0,326.0,2.0,697.0,1099.0
2021-05-17 22:00:00+01:00,2859.0,17171.0,746.0,0.0,0.0,204.0,4281.0,247.0,1.0,837.0,1012.0
2021-05-17 22:30:00+01:00,2843.0,15765.0,649.0,0.0,0.0,238.0,4276.0,244.0,0.0,1013.0,1002.0
2021-05-17 23:00:00+01:00,2901.0,14525.0,292.0,0.0,17.0,213.0,4279.0,142.0,1.0,809.0,1007.0
2021-05-17 23:30:00+01:00,2940.0,13140.0,6.0,0.0,0.0,209.0,4274.0,142.0,0.0,746.0,1021.0
2021-05-18 00:00:00+01:00,2939.0,12490.0,0.0,0.0,88.0,206.0,4268.0,142.0,1.0,645.0,1069.0
2021-05-18 00:30:00+01:00,2938.0,11912.0,0.0,0.0,0.0,191.0,4275.0,142.0,0.0,706.0,1035.0
2021-05-18 01:00:00+01:00,2932.0,11616.0,0.0,0.0,0.0,139.0,4276.0,142.0,1.0,882.0,1028.0
2021-05-18 01:30:00+01:00,2856.0,11735.0,0.0,0.0,0.0,138.0,4274.0,132.0,2.0,981.0,1026.0
2021-05-18 02:00:00+01:00,2884.0,11593.0,0.0,0.0,0.0,138.0,4276.0,142.0,1.0,1064.0,1070.0
2021-05-18 02:30:00+01:00,2659.0,11747.0,0.0,0.0,0.0,235.0,4274.0,142.0,1.0,1006.0,1067.0
2021-05-18 03:00:00+01:00,2346.0,11738.0,0.0,0.0,0.0,235.0,4268.0,142.0,2.0,1031.0,1110.0
2021-05-18 03:30:00+01:00,2325.0,11624.0,0.0,0.0,0.0,235.0,4270.0,142.0,1.0,1024.0,1127.0
2021-05-18 04:00:00+01:00,2349.0,11583.0,0.0,0.0,0.0,137.0,4275.0,143.0,0.0,1037.0,1138.0
2021-05-18 04:30:00+01:00,2332.0,11585.0,0.0,0.0,0.0,137.0,4276.0,142.0,0.0,1027.0,1115.0
2021-05-18 05:00:00+01:00,2337.0,11418.0,60.0,0.0,0.0,135.0,4279.0,141.0,11.0,944.0,1077.0
2021-05-18 05:30:00+01:00,2238.0,12119.0,232.0,0.0,0.0,135.0,4274.0,142.0,137.0,985.0,1052.0
2021-05-18 06:00:00+01:00,2272.0,13158.0,277.0,0.0,1.0,198.0,4274.0,142.0,432.0,888.0,959.0
2021-05-18 06:30:00+01:00,2288.0,14410.0,264.0,0.0,249.0,247.0,4277.0,225.0,891.0,756.0,934.0
2021-05-18 07:00:00+01:00,2228.0,16301.0,325.0,0.0,351.0,269.0,4280.0,244.0,1430.0,627.0,875.0
2021-05-18 07:30:00+01:00,2366.0,17279.0,502.0,0.0,448.0,534.0,4276.0,296.0,1990.0,579.0,863.0
2021-05-18 08:00:00+01:00,2376.0,17353.0,817.0,0.0,968.0,571.0,4275.0,415.0,2570.0,528.0,873.0
2021-05-18 08:30:00+01:00,2387.0,17443.0,984.0,0.0,815.0,609.0,4272.0,410.0,3200.0,506.0,900.0
2021-05-18 09:00:00+01:00,2388.0,17570.0,989.0,0.0,678.0,620.0,4270.0,392.0,3810.0,448.0,933.0
2021-05-18 09:30:00+01:00,2395.0,17432.0,965.0,0.0,878.0,604.0,4277.0,325.0,4340.0,419.0,925.0
2021-05-18 10:00:00+01:00,2391.0,17487.0,977.0,0.0,676.0,497.0,4275.0,300.0,4720.0,388.0,876.0
2021-05-18 10:30:00+01:00,2701.0,17407.0,984.0,0.0,148.0,361.0,4279.0,246.0,5150.0,44.0,592.0
2021-05-18 11:00:00+01:00,2969.0,17387.0,922.0,0.0,315.0,282.0,4276.0,224.0,5753.0,454.0,925.0
2021-05-18 11:30:00+01:00,2992.0,17469.0,988.0,0.0,0.0,241.0,4281.0,205.0,5970.0,0.0,0.0
2021-05-18 12:00:00+01:00,2831.0,17942.0,985.0,0.0,41.0,204.0,4279.0,152.0,5900.0,29.0,591.0
2021-05-18 12:30:00+01:00,2883.0,17836.0,784.0,0.0,0.0,193.0,4279.0,142.0,5900.0,29.0,591.0
2021-05-18 13:00:00+01:00,2928.0,17854.0,692.0,0.0,0.0,161.0,4277.0,143.0,6120.0,41.0,768.0
2021-05-18 13:30:00+01:00,2980.0,17406.0,658.0,0.0,0.0,152.0,4279.0,145.0,5990.0,423.0,1225.0
2021-05-18 14:00:00+01:00,2987.0,17441.0,619.0,0.0,0.0,133.0,4275.0,144.0,5620.0,360.0,1245.0
2021-05-18 14:30:00+01:00,2937.0,17306.0,512.0,0.0,0.0,131.0,4281.0,161.0,5210.0,372.0,1273.0
2021-05-18 15:00:00+01:00,2686.0,17375.0,460.0,0.0,0.0,132.0,4276.0,162.0,4710.0,482.0,1395.0
2021-05-18 15:30:00+01:00,2818.0,17747.0,477.0,0.0,0.0,143.0,4272.0,144.0,4450.0,506.0,1413.0
2021-05-18 16:00:00+01:00,2851.0,18151.0,735.0,0.0,0.0,209.0,4266.0,166.0,4150.0,611.0,1488.0
2021-05-18 16:30:00+01:00,2987.0,18245.0,890.0,0.0,0.0,336.0,4261.0,187.0,3590.0,923.0,1536.0
2021-05-18 17:00:00+01:00,2974.0,18668.0,890.0,0.0,0.0,500.0,4260.0,276.0,2910.0,1288.0,1465.0
2021-05-18 17:30:00+01:00,2995.0,19103.0,983.0,0.0,149.0,585.0,4259.0,262.0,2320.0,1121.0,1424.0
2021-05-18 18:00:00+01:00,2980.0,19096.0,810.0,0.0,418.0,620.0,4262.0,296.0,1810.0,956.0,1341.0
2021-05-18 18:30:00+01:00,2799.0,19135.0,805.0,0.0,418.0,624.0,4277.0,285.0,1390.0,940.0,1308.0
2021-05-18 19:00:00+01:00,2972.0,19146.0,981.0,0.0,460.0,623.0,4273.0,273.0,915.0,933.0,1218.0
2021-05-18 19:30:00+01:00,3014.0,19157.0,992.0,0.0,458.0,623.0,4275.0,271.0,476.0,947.0,1145.0
2021-05-18 20:00:00+01:00,3031.0,18975.0,946.0,0.0,470.0,549.0,4280.0,234.0,187.0,926.0,997.0
2021-05-18 20:30:00+01:00,3053.0,19065.0,941.0,0.0,154.0,535.0,4276.0,157.0,36.0,935.0,958.0
2021-05-18 21:00:00+01:00,3039.0,18564.0,981.0,0.0,150.0,366.0,4279.0,153.0,2.0,1116.0,843.0
2021-05-18 21:30:00+01:00,3063.0,18315.0,773.0,0.0,152.0,238.0,4278.0,146.0,3.0,1232.0,834.0
2021-05-18 22:00:00+01:00,3064.0,17503.0,526.0,0.0,0.0,172.0,4266.0,141.0,2.0,1332.0,775.0
2021-05-18 22:30:00+01:00,2927.0,15966.0,231.0,0.0,0.0,180.0,4268.0,128.0,0.0,1399.0,725.0
2021-05-18 23:00:00+01:00,2886.0,14255.0,231.0,0.0,0.0,173.0,4265.0,141.0,1.0,1398.0,669.0
2021-05-18 23:30:00+01:00,2500.0,13334.0,0.0,0.0,0.0,167.0,4257.0,141.0,0.0,1249.0,679.0
2021-05-19 00:00:00+01:00,2397.0,12802.0,0.0,0.0,118.0,148.0,4253.0,140.0,0.0,1102.0,676.0
2021-05-19 00:30:00+01:00,2419.0,12858.0,0.0,0.0,45.0,148.0,4246.0,142.0,0.0,1035.0,639.0
2021-05-19 01:00:00+01:00,2443.0,12866.0,0.0,0.0,0.0,111.0,4249.0,140.0,1.0,935.0,637.0
2021-05-19 01:30:00+01:00,2437.0,12807.0,0.0,0.0,0.0,109.0,4262.0,140.0,2.0,918.0,642.0
2021-05-19 02:00:00+01:00,2445.0,13068.0,0.0,0.0,11.0,109.0,4254.0,138.0,2.0,818.0,659.0
2021-05-19 02:30:00+01:00,2435.0,12759.0,0.0,0.0,0.0,109.0,4257.0,99.0,0.0,705.0,681.0
2021-05-19 03:00:00+01:00,2453.0,12354.0,0.0,0.0,0.0,108.0,4262.0,99.0,0.0,637.0,741.0
2021-05-19 03:30:00+01:00,2385.0,12359.0,0.0,0.0,0.0,125.0,4265.0,104.0,0.0,612.0,769.0
2021-05-19 04:00:00+01:00,2413.0,12399.0,0.0,0.0,0.0,140.0,4258.0,104.0,0.0,729.0,803.0
2021-05-19 04:30:00+01:00,2390.0,12329.0,0.0,0.0,0.0,139.0,4263.0,104.0,0.0,628.0,808.0
2021-05-19 05:00:00+01:00,2407.0,12708.0,0.0,0.0,0.0,140.0,4278.0,122.0,8.0,570.0,801.0
2021-05-19 05:30:00+01:00,2427.0,13104.0,0.0,0.0,0.0,139.0,4279.0,122.0,111.0,495.0,820.0
2021-05-19 06:00:00+01:00,2320.0,13488.0,69.0,0.0,0.0,207.0,4278.0,141.0,393.0,510.0,791.0
2021-05-19 06:30:00+01:00,2786.0,14557.0,240.0,0.0,0.0,274.0,4281.0,146.0,787.0,491.0,753.0
2021-05-19 07:00:00+01:00,2917.0,16240.0,378.0,0.0,0.0,357.0,4284.0,188.0,1290.0,421.0,720.0
2021-05-19 07:30:00+01:00,2998.0,17293.0,487.0,0.0,616.0,381.0,4284.0,307.0,1870.0,363.0,687.0
2021-05-19 08:00:00+01:00,3063.0,18076.0,482.0,0.0,299.0,496.0,4285.0,412.0,2470.0,360.0,765.0
2021-05-19 08:30:00+01:00,3040.0,18374.0,481.0,0.0,560.0,514.0,4284.0,379.0,3190.0,297.0,791.0
2021-05-19 09:00:00+01:00,3085.0,18615.0,486.0,0.0,163.0,469.0,4278.0,349.0,3940.0,273.0,899.0
2021-05-19 09:30:00+01:00,2929.0,18482.0,485.0,0.0,150.0,431.0,4285.0,292.0,4670.0,301.0,914.0
2021-05-19 10:00:00+01:00,3005.0,18351.0,452.0,0.0,0.0,326.0,4281.0,136.0,5140.0,262.0,1016.0
2021-05-19 10:30:00+01:00,2906.0,18235.0,275.0,0.0,0.0,290.0,4300.0,114.0,5710.0,246.0,1022.0
2021-05-19 11:00:00+01:00,3097.0,18198.0,234.0,0.0,0.0,243.0,4281.0,113.0,6110.0,37.0,866.0
2021-05-19 11:30:00+01:00,3083.0,17818.0,249.0,0.0,0.0,231.0,4284.0,113.0,6440.0,244.0,1195.0
2021-05-19 12:00:00+01:00,3089.0,18128.0,0.0,0.0,0.0,241.0,4283.0,112.0,6670.0,391.0,1412.0
2021-05-19 12:30:00+01:00,3099.0,17923.0,0.0,0.0,0.0,220.0,4282.0,109.0,6550.0,323.0,1437.0
2021-05-19 13:00:00+01:00,3098.0,17566.0,0.0,0.0,0.0,184.0,4282.0,106.0,6680.0,344.0,1528.0
2021-05-19 13:30:00+01:00,2922.0,17173.0,0.0,0.0,0.0,154.0,4287.0,104.0,6950.0,381.0,1659.0
2021-05-19 14:00:00+01:00,2923.0,16411.0,0.0,0.0,0.0,155.0,4284.0,108.0,6660.0,409.0,1651.0
2021-05-19 14:30:00+01:00,2917.0,16352.0,0.0,0.0,0.0,158.0,4281.0,112.0,6310.0,445.0,1668.0
2021-05-19 15:00:00+01:00,3075.0,15826.0,0.0,0.0,0.0,158.0,4281.0,108.0,5890.0,324.0,1795.0
2021-05-19 15:30:00+01:00,2999.0,16316.0,0.0,0.0,0.0,158.0,4283.0,107.0,5240.0,473.0,1846.0
2021-05-19 16:00:00+01:00,2930.0,16819.0,0.0,0.0,0.0,292.0,4285.0,113.0,4860.0,387.0,1867.0
2021-05-19 16:30:00+01:00,2938.0,17765.0,0.0,0.0,0.0,323.0,4282.0,134.0,4680.0,285.0,1919.0
2021-05-19 17:00:00+01:00,2950.0,18713.0,0.0,0.0,0.0,476.0,4284.0,130.0,4020.0,367.0,1741.0
2021-05-19 17:30:00+01:00,2966.0,19519.0,0.0,0.0,0.0,504.0,4282.0,143.0,3280.0,268.0,1698.0
2021-05-19 18:00:00+01:00,2850.0,19480.0,0.0,0.0,597.0,627.0,4283.0,248.0,2630.0,351.0,1533.0
2021-05-19 18:30:00+01:00,2907.0,19318.0,0.0,0.0,867.0,628.0,4290.0,260.0,1990.0,733.0,1463.0
2021-05-19 19:00:00+01:00,2876.0,19182.0,0.0,0.0,653.0,798.0,4289.0,265.0,1380.0,648.0,1311.0
2021-05-19 19:30:00+01:00,2982.0,19247.0,0.0,0.0,572.0,765.0,4285.0,255.0,776.0,534.0,1301.0
2021-05-19 20:00:00+01:00,3062.0,19465.0,0.0,0.0,729.0,434.0,4291.0,225.0,290.0,629.0,1017.0
2021-05-19 20:30:00+01:00,3093.0,19494.0,0.0,0.0,462.0,383.0,4280.0,186.0,44.0,454.0,909.0
2021-05-19 21:00:00+01:00,3104.0,19533.0,0.0,0.0,644.0,563.0,4220.0,273.0,3.0,367.0,719.0
2021-05-19 21:30:00+01:00,3105.0,19294.0,0.0,0.0,455.0,505.0,4217.0,263.0,1.0,274.0,684.0
2021-05-19 22:00:00+01:00,3094.0,19073.0,0.0,0.0,44.0,213.0,4222.0,145.0,2.0,184.0,661.0
2021-05-19 22:30:00+01:00,3100.0,17664.0,0.0,0.0,53.0,216.0,4216.0,143.0,0.0,187.0,621.0
2021-05-19 23:00:00+01:00,3084.0,15855.0,0.0,0.0,0.0,202.0,4223.0,142.0,0.0,242.0,593.0
2021-05-19 23:30:00+01:00,3099.0,13755.0,0.0,0.0,241.0,201.0,4221.0,141.0,0.0,321.0,582.0
2021-05-20 00:00:00+01:00,2967.0,12946.0,0.0,0.0,0.0,197.0,4216.0,142.0,0.0,355.0,575.0
2021-05-20 00:30:00+01:00,3056.0,11743.0,0.0,0.0,62.0,180.0,4219.0,142.0,0.0,362.0,561.0
2021-05-20 01:00:00+01:00,3102.0,10987.0,0.0,0.0,77.0,173.0,4209.0,142.0,0.0,416.0,635.0
2021-05-20 01:30:00+01:00,2906.0,10735.0,0.0,0.0,0.0,173.0,4219.0,142.0,0.0,479.0,698.0
2021-05-20 02:00:00+01:00,2454.0,10849.0,0.0,0.0,115.0,176.0,4209.0,144.0,1.0,398.0,779.0
2021-05-20 02:30:00+01:00,2398.0,10626.0,0.0,0.0,0.0,176.0,4213.0,142.0,0.0,413.0,824.0
2021-05-20 03:00:00+01:00,2440.0,10774.0,0.0,0.0,13.0,162.0,4210.0,142.0,0.0,218.0,937.0
2021-05-20 03:30:00+01:00,2447.0,10931.0,0.0,0.0,58.0,156.0,4210.0,142.0,1.0,297.0,1001.0
2021-05-20 04:00:00+01:00,2441.0,10775.0,0.0,0.0,0.0,156.0,4216.0,143.0,1.0,354.0,1199.0
2021-05-20 04:30:00+01:00,2422.0,10868.0,0.0,0.0,0.0,156.0,4213.0,141.0,0.0,402.0,1268.0
2021-05-20 05:00:00+01:00,2376.0,11207.0,0.0,0.0,149.0,149.0,4118.0,143.0,31.0,405.0,1526.0
2021-05-20 05:30:00+01:00,2330.0,11691.0,0.0,0.0,0.0,141.0,4076.0,141.0,166.0,450.0,1664.0
2021-05-20 06:00:00+01:00,2052.0,12713.0,0.0,0.0,0.0,217.0,4071.0,142.0,333.0,487.0,1897.0
2021-05-20 06:30:00+01:00,2175.0,13638.0,0.0,0.0,0.0,239.0,4072.0,149.0,552.0,481.0,2171.0
2021-05-20 07:00:00+01:00,2338.0,13982.0,0.0,0.0,437.0,326.0,4075.0,153.0,740.0,576.0,2523.0
2021-05-20 07:30:00+01:00,2433.0,15087.0,0.0,0.0,79.0,373.0,4081.0,158.0,921.0,711.0,2664.0
2021-05-20 08:00:00+01:00,2431.0,15763.0,0.0,0.0,299.0,415.0,4083.0,191.0,1150.0,989.0,3098.0
2021-05-20 08:30:00+01:00,2425.0,15874.0,0.0,0.0,299.0,413.0,4077.0,157.0,1400.0,1393.0,3209.0
2021-05-20 09:00:00+01:00,2431.0,15427.0,0.0,0.0,354.0,415.0,4124.0,173.0,1570.0,1838.0,3600.0
2021-05-20 09:30:00+01:00,2399.0,14965.0,0.0,0.0,0.0,414.0,4151.0,173.0,1760.0,2326.0,3747.0
2021-05-20 10:00:00+01:00,2397.0,14121.0,0.0,0.0,28.0,366.0,4162.0,150.0,1960.0,131.0,2207.0
2021-05-20 10:30:00+01:00,2389.0,13573.0,0.0,0.0,0.0,344.0,4158.0,150.0,1930.0,3584.0,4397.0
2021-05-20 11:00:00+01:00,2283.0,12619.0,0.0,0.0,0.0,277.0,4195.0,146.0,1950.0,4358.0,4977.0
2021-05-20 11:30:00+01:00,2379.0,11645.0,0.0,0.0,0.0,256.0,4234.0,145.0,1890.0,4943.0,5266.0
2021-05-20 12:00:00+01:00,2382.0,11135.0,0.0,0.0,0.0,244.0,4242.0,145.0,1830.0,5357.0,5676.0
2021-05-20 12:30:00+01:00,2382.0,10536.0,0.0,0.0,0.0,241.0,4265.0,143.0,2020.0,5687.0,5998.0
2021-05-20 13:00:00+01:00,2384.0,9769.0,0.0,0.0,0.0,150.0,4263.0,142.0,2010.0,5813.0,6637.0
2021-05-20 13:30:00+01:00,2171.0,8655.0,0.0,0.0,0.0,151.0,4259.0,143.0,2120.0,6038.0,6837.0
2021-05-20 14:00:00+01:00,2397.0,7864.0,0.0,0.0,0.0,137.0,4263.0,144.0,2380.0,6181.0,7273.0
2021-05-20 14:30:00+01:00,2167.0,7530.0,0.0,0.0,0.0,137.0,4268.0,147.0,2200.0,6241.0,7356.0
2021-05-20 15:00:00+01:00,2030.0,7449.0,0.0,0.0,0.0,137.0,4263.0,145.0,2190.0,6340.0,7518.0
2021-05-20 15:30:00+01:00,2200.0,7073.0,0.0,0.0,0.0,137.0,4264.0,143.0,2010.0,6540.0,7461.0
2021-05-20 16:00:00+01:00,2188.0,7764.0,0.0,0.0,0.0,203.0,4264.0,152.0,1820.0,6642.0,7280.0
2021-05-20 16:30:00+01:00,2191.0,8514.0,0.0,0.0,68.0,215.0,4266.0,168.0,1650.0,6605.0,7191.0
2021-05-20 17:00:00+01:00,2214.0,8702.0,0.0,0.0,515.0,421.0,4266.0,202.0,1390.0,6547.0,7752.0
2021-05-20 17:30:00+01:00,2361.0,8653.0,0.0,0.0,526.0,382.0,4355.0,228.0,1130.0,6532.0,7831.0
2021-05-20 18:00:00+01:00,2383.0,8260.0,0.0,0.0,825.0,385.0,4357.0,234.0,828.0,6746.0,7785.0
2021-05-20 18:30:00+01:00,2360.0,8172.0,0.0,0.0,827.0,309.0,4350.0,237.0,539.0,6664.0,7813.0
2021-05-20 19:00:00+01:00,2385.0,8003.0,0.0,0.0,718.0,297.0,4357.0,194.0,299.0,6710.0,7629.0
2021-05-20 19:30:00+01:00,2375.0,7509.0,0.0,0.0,861.0,349.0,4354.0,152.0,146.0,319.0,3936.0
2021-05-20 20:00:00+01:00,2366.0,7425.0,0.0,0.0,508.0,340.0,4358.0,145.0,41.0,6702.0,7371.0
2021-05-20 20:30:00+01:00,2291.0,6844.0,0.0,0.0,562.0,291.0,4353.0,142.0,4.0,6737.0,7446.0
2021-05-20 21:00:00+01:00,2359.0,6533.0,0.0,0.0,228.0,262.0,4356.0,142.0,0.0,6723.0,7099.0
2021-05-20 21:30:00+01:00,2371.0,5755.0,0.0,0.0,227.0,258.0,4358.0,142.0,0.0,6694.0,7080.0
2021-05-20 22:00:00+01:00,2130.0,4748.0,0.0,0.0,225.0,210.0,4360.0,146.0,0.0,6727.0,7038.0
2021-05-20 22:30:00+01:00,1873.0,3876.0,0.0,0.0,118.0,196.0,4362.0,115.0,0.0,6672.0,6884.0
2021-05-20 23:00:00+01:00,1413.0,4134.0,0.0,0.0,119.0,200.0,4358.0,119.0,0.0,6605.0,7159.0
2021-05-20 23:30:00+01:00,1393.0,3587.0,0.0,0.0,0.0,174.0,4369.0,114.0,0.0,6680.0,7092.0
2021-05-21 00:00:00+01:00,1354.0,3736.0,0.0,0.0,0.0,141.0,4364.0,114.0,0.0,6597.0,6763.0
2021-05-21 00:30:00+01:00,1415.0,3937.0,0.0,0.0,0.0,141.0,4361.0,116.0,0.0,6447.0,6817.0
2021-05-21 01:00:00+01:00,1379.0,3791.0,0.0,0.0,0.0,139.0,4362.0,125.0,1.0,6524.0,7090.0
2021-05-21 01:30:00+01:00,1380.0,4220.0,0.0,0.0,0.0,125.0,4360.0,125.0,1.0,6546.0,7086.0
2021-05-21 02:00:00+01:00,1387.0,4300.0,0.0,0.0,0.0,125.0,4357.0,130.0,1.0,6537.0,6973.0
2021-05-21 02:30:00+01:00,1426.0,4185.0,0.0,0.0,0.0,125.0,4359.0,130.0,2.0,6577.0,7062.0
2021-05-21 03:00:00+01:00,1378.0,3393.0,0.0,0.0,0.0,125.0,4354.0,125.0,1.0,6591.0,6683.0
2021-05-21 03:30:00+01:00,1388.0,3486.0,0.0,0.0,0.0,125.0,4356.0,117.0,2.0,6561.0,6474.0
2021-05-21 04:00:00+01:00,1368.0,3437.0,0.0,0.0,0.0,125.0,4362.0,119.0,2.0,6673.0,6435.0
2021-05-21 04:30:00+01:00,1373.0,3583.0,0.0,0.0,0.0,125.0,4355.0,120.0,0.0,6800.0,6413.0
2021-05-21 05:00:00+01:00,1382.0,3892.0,0.0,0.0,0.0,125.0,4362.0,121.0,2.0,6800.0,6724.0
2021-05-21 05:30:00+01:00,1456.0,4295.0,0.0,0.0,0.0,124.0,4363.0,120.0,43.0,6671.0,6826.0
2021-05-21 06:00:00+01:00,1484.0,4726.0,0.0,0.0,0.0,133.0,4365.0,118.0,154.0,6586.0,7226.0
2021-05-21 06:30:00+01:00,1483.0,6132.0,0.0,0.0,0.0,193.0,4368.0,120.0,353.0,6514.0,7364.0
2021-05-21 07:00:00+01:00,1463.0,6093.0,0.0,0.0,0.0,246.0,4365.0,119.0,535.0,6587.0,7379.0
2021-05-21 07:30:00+01:00,985.0,7784.0,0.0,0.0,298.0,295.0,4365.0,126.0,807.0,6574.0,7252.0
2021-05-21 08:00:00+01:00,1181.0,8968.0,0.0,0.0,665.0,317.0,4366.0,127.0,1110.0,6469.0,7255.0
2021-05-21 08:30:00+01:00,1170.0,9325.0,0.0,0.0,801.0,316.0,4375.0,127.0,1480.0,6217.0,7150.0
2021-05-21 09:00:00+01:00,1168.0,9304.0,0.0,0.0,899.0,321.0,4367.0,146.0,1660.0,6166.0,7313.0
2021-05-21 09:30:00+01:00,1028.0,9480.0,0.0,0.0,869.0,331.0,4358.0,148.0,1840.0,6134.0,7392.0
2021-05-21 10:00:00+01:00,1004.0,9429.0,0.0,0.0,748.0,481.0,4362.0,153.0,1960.0,6179.0,7462.0
2021-05-21 10:30:00+01:00,1015.0,9612.0,0.0,0.0,151.0,464.0,4357.0,146.0,2110.0,6228.0,7581.0
2021-05-21 11:00:00+01:00,1005.0,9650.0,0.0,0.0,363.0,465.0,4361.0,140.0,2270.0,5966.0,7706.0
2021-05-21 11:30:00+01:00,1047.0,9639.0,0.0,0.0,148.0,328.0,4364.0,116.0,2440.0,6014.0,7823.0
2021-05-21 12:00:00+01:00,1063.0,9604.0,0.0,0.0,507.0,285.0,4363.0,125.0,2640.0,5683.0,7790.0
2021-05-21 12:30:00+01:00,1144.0,9525.0,0.0,0.0,149.0,263.0,4359.0,125.0,2650.0,5782.0,7962.0
2021-05-21 13:00:00+01:00,1024.0,9093.0,0.0,0.0,148.0,231.0,4374.0,122.0,2590.0,5791.0,7983.0
2021-05-21 13:30:00+01:00,1033.0,8845.0,0.0,0.0,1.0,212.0,4384.0,168.0,2530.0,5685.0,8063.0
2021-05-21 14:00:00+01:00,996.0,8088.0,0.0,0.0,0.0,152.0,4401.0,171.0,2420.0,5874.0,8255.0
2021-05-21 14:30:00+01:00,974.0,7707.0,0.0,0.0,0.0,141.0,4435.0,143.0,2330.0,5930.0,8336.0
2021-05-21 15:00:00+01:00,1050.0,7562.0,0.0,0.0,0.0,141.0,4434.0,127.0,2170.0,6084.0,8511.0
2021-05-21 15:30:00+01:00,1127.0,7745.0,0.0,0.0,0.0,141.0,4436.0,124.0,1970.0,5991.0,8451.0
2021-05-21 16:00:00+01:00,1069.0,8209.0,0.0,0.0,0.0,181.0,4434.0,132.0,1730.0,6152.0,8494.0
2021-05-21 16:30:00+01:00,1065.0,8419.0,0.0,0.0,0.0,229.0,4438.0,146.0,1510.0,6683.0,8434.0
2021-05-21 17:00:00+01:00,1070.0,8864.0,0.0,0.0,298.0,414.0,4434.0,147.0,1220.0,6768.0,8327.0
2021-05-21 17:30:00+01:00,1124.0,9357.0,0.0,0.0,61.0,391.0,4437.0,147.0,1010.0,6736.0,8166.0
2021-05-21 18:00:00+01:00,1113.0,8966.0,0.0,0.0,301.0,410.0,4434.0,197.0,810.0,6731.0,7972.0
2021-05-21 18:30:00+01:00,1112.0,9210.0,0.0,0.0,300.0,412.0,4455.0,200.0,592.0,6680.0,7725.0
2021-05-21 19:00:00+01:00,1112.0,8854.0,0.0,0.0,483.0,414.0,4452.0,147.0,371.0,6571.0,7632.0
2021-05-21 19:30:00+01:00,1120.0,8830.0,0.0,0.0,300.0,393.0,4447.0,137.0,197.0,6527.0,7416.0
2021-05-21 20:00:00+01:00,1042.0,8481.0,0.0,0.0,301.0,367.0,4452.0,124.0,147.0,6529.0,7182.0
2021-05-21 20:30:00+01:00,1179.0,8380.0,0.0,0.0,0.0,384.0,4455.0,120.0,67.0,6579.0,6900.0
2021-05-21 21:00:00+01:00,1170.0,7777.0,0.0,0.0,0.0,339.0,4472.0,119.0,0.0,6633.0,6571.0
2021-05-21 21:30:00+01:00,1129.0,7282.0,0.0,0.0,90.0,283.0,4467.0,121.0,0.0,6373.0,6366.0
2021-05-21 22:00:00+01:00,1309.0,6774.0,0.0,0.0,0.0,161.0,4488.0,124.0,0.0,6285.0,6086.0
2021-05-21 22:30:00+01:00,1530.0,6064.0,0.0,0.0,0.0,160.0,4481.0,124.0,0.0,5773.0,5877.0
2021-05-21 23:00:00+01:00,1633.0,5241.0,0.0,0.0,58.0,161.0,4505.0,122.0,0.0,5420.0,5606.0
2021-05-21 23:30:00+01:00,1652.0,4213.0,0.0,0.0,0.0,165.0,4526.0,120.0,0.0,5433.0,5513.0
2021-05-22 00:00:00+01:00,1658.0,3753.0,0.0,0.0,71.0,132.0,4522.0,120.0,0.0,5659.0,5167.0
2021-05-22 00:30:00+01:00,1759.0,3576.0,0.0,0.0,0.0,133.0,4522.0,121.0,0.0,5906.0,5124.0
2021-05-22 01:00:00+01:00,1757.0,3645.0,0.0,0.0,0.0,133.0,4537.0,119.0,0.0,6122.0,4693.0
2021-05-22 01:30:00+01:00,1697.0,3816.0,0.0,0.0,0.0,134.0,4550.0,122.0,0.0,6178.0,4624.0
2021-05-22 02:00:00+01:00,1747.0,4004.0,0.0,0.0,0.0,135.0,4569.0,120.0,0.0,6161.0,4355.0
2021-05-22 02:30:00+01:00,1643.0,4213.0,0.0,0.0,0.0,135.0,4562.0,121.0,0.0,5925.0,4159.0
2021-05-22 03:00:00+01:00,1634.0,4114.0,0.0,0.0,0.0,135.0,4589.0,121.0,0.0,5983.0,4008.0
2021-05-22 03:30:00+01:00,1642.0,3931.0,0.0,0.0,0.0,135.0,4450.0,122.0,0.0,6040.0,3948.0
2021-05-22 04:00:00+01:00,1642.0,3752.0,0.0,0.0,0.0,135.0,4368.0,120.0,0.0,6054.0,3800.0
2021-05-22 04:30:00+01:00,1735.0,4051.0,0.0,0.0,0.0,135.0,4367.0,121.0,0.0,5950.0,3677.0
2021-05-22 05:00:00+01:00,1817.0,4221.0,0.0,0.0,0.0,135.0,4382.0,119.0,19.0,5745.0,3496.0
2021-05-22 05:30:00+01:00,2064.0,4287.0,0.0,0.0,0.0,154.0,4415.0,120.0,76.0,5649.0,3375.0
2021-05-22 06:00:00+01:00,2172.0,4798.0,0.0,0.0,0.0,338.0,4537.0,213.0,133.0,5484.0,3080.0
2021-05-22 06:30:00+01:00,2503.0,5340.0,0.0,0.0,0.0,513.0,4620.0,300.0,243.0,5220.0,2960.0
2021-05-22 07:00:00+01:00,2439.0,6196.0,0.0,0.0,0.0,387.0,4622.0,302.0,359.0,5043.0,2910.0
2021-05-22 07:30:00+01:00,2484.0,7691.0,0.0,0.0,0.0,264.0,4622.0,273.0,579.0,5022.0,2959.0
2021-05-22 08:00:00+01:00,2419.0,9005.0,0.0,0.0,150.0,304.0,4616.0,119.0,1320.0,4937.0,2967.0
2021-05-22 08:30:00+01:00,2460.0,10239.0,0.0,0.0,67.0,347.0,4623.0,299.0,1710.0,4893.0,3067.0
2021-05-22 09:00:00+01:00,2475.0,10796.0,0.0,0.0,150.0,396.0,4624.0,337.0,2030.0,4842.0,3100.0
2021-05-22 09:30:00+01:00,2489.0,11868.0,0.0,0.0,0.0,414.0,4621.0,339.0,2390.0,4653.0,3095.0
2021-05-22 10:00:00+01:00,2502.0,12021.0,0.0,0.0,0.0,415.0,4614.0,337.0,2990.0,4451.0,2975.0
2021-05-22 10:30:00+01:00,2497.0,12282.0,0.0,0.0,137.0,404.0,4611.0,337.0,3391.0,4175.0,2926.0
2021-05-22 11:00:00+01:00,2500.0,12380.0,0.0,0.0,0.0,358.0,4616.0,339.0,3764.0,4005.0,2744.0
2021-05-22 11:30:00+01:00,2497.0,12578.0,0.0,0.0,0.0,354.0,4619.0,338.0,4111.0,4035.0,2835.0
2021-05-22 12:00:00+01:00,2495.0,12892.0,0.0,0.0,0.0,305.0,4613.0,320.0,4289.0,3720.0,2759.0
2021-05-22 12:30:00+01:00,2497.0,12887.0,0.0,0.0,0.0,262.0,4626.0,320.0,4581.0,3481.0,2720.0
2021-05-22 13:00:00+01:00,2489.0,12726.0,0.0,0.0,149.0,190.0,4633.0,123.0,5017.0,3129.0,2739.0
2021-05-22 13:30:00+01:00,2426.0,12424.0,0.0,0.0,0.0,164.0,4653.0,120.0,5098.0,3035.0,2737.0
2021-05-22 14:00:00+01:00,2415.0,11912.0,0.0,0.0,0.0,164.0,4664.0,120.0,4878.0,2849.0,2648.0
2021-05-22 14:30:00+01:00,2427.0,11609.0,0.0,0.0,0.0,164.0,4673.0,127.0,4778.0,2773.0,2688.0
2021-05-22 15:00:00+01:00,2431.0,11288.0,0.0,0.0,0.0,164.0,4676.0,119.0,4553.0,2457.0,2751.0
2021-05-22 15:30:00+01:00,2452.0,11326.0,0.0,0.0,0.0,169.0,4522.0,117.0,4261.0,2273.0,2696.0
2021-05-22 16:00:00+01:00,2438.0,11424.0,0.0,0.0,0.0,195.0,4457.0,117.0,4056.0,2136.0,2753.0
2021-05-22 16:30:00+01:00,2437.0,12108.0,0.0,0.0,73.0,224.0,4448.0,118.0,3483.0,2086.0,2822.0
2021-05-22 17:00:00+01:00,2436.0,13574.0,0.0,0.0,0.0,390.0,4446.0,121.0,3169.0,1921.0,2695.0
2021-05-22 17:30:00+01:00,2423.0,14311.0,0.0,0.0,298.0,423.0,4468.0,214.0,3040.0,1899.0,2630.0
2021-05-22 18:00:00+01:00,2483.0,14955.0,0.0,0.0,214.0,446.0,4564.0,212.0,2500.0,1506.0,2446.0
2021-05-22 18:30:00+01:00,2495.0,15236.0,0.0,0.0,301.0,478.0,4574.0,264.0,1771.0,1238.0,2392.0
2021-05-22 19:00:00+01:00,2498.0,15470.0,0.0,0.0,975.0,462.0,4585.0,156.0,1259.0,983.0,2144.0
2021-05-22 19:30:00+01:00,2496.0,15402.0,0.0,0.0,1082.0,459.0,4628.0,259.0,883.0,926.0,2003.0
2021-05-22 20:00:00+01:00,2498.0,15636.0,0.0,0.0,1132.0,369.0,4660.0,307.0,518.0,776.0,1587.0
2021-05-22 20:30:00+01:00,2496.0,15410.0,0.0,0.0,1050.0,334.0,4657.0,218.0,284.0,693.0,1495.0
2021-05-22 21:00:00+01:00,2496.0,15479.0,0.0,0.0,866.0,294.0,4671.0,132.0,83.0,645.0,1270.0
2021-05-22 21:30:00+01:00,2492.0,15670.0,0.0,0.0,612.0,299.0,4673.0,289.0,35.0,577.0,1235.0
2021-05-22 22:00:00+01:00,2497.0,15683.0,0.0,0.0,150.0,433.0,4688.0,184.0,0.0,508.0,1107.0
2021-05-22 22:30:00+01:00,2498.0,14816.0,0.0,0.0,0.0,293.0,4713.0,165.0,0.0,558.0,1067.0
2021-05-22 23:00:00+01:00,2495.0,13617.0,0.0,0.0,0.0,285.0,4727.0,117.0,0.0,780.0,1038.0
2021-05-22 23:30:00+01:00,2501.0,12509.0,0.0,0.0,0.0,275.0,4736.0,116.0,0.0,654.0,999.0
2021-05-23 00:00:00+01:00,2472.0,11501.0,0.0,0.0,0.0,236.0,4737.0,113.0,0.0,628.0,971.0
2021-05-23 00:30:00+01:00,2468.0,10322.0,0.0,0.0,0.0,215.0,4730.0,113.0,0.0,620.0,993.0
2021-05-23 01:00:00+01:00,2481.0,10093.0,0.0,0.0,0.0,215.0,4592.0,114.0,0.0,735.0,1058.0
2021-05-23 01:30:00+01:00,2493.0,9561.0,0.0,0.0,0.0,198.0,4589.0,114.0,0.0,894.0,1083.0
2021-05-23 02:00:00+01:00,2449.0,8979.0,0.0,0.0,0.0,198.0,4580.0,115.0,0.0,988.0,1259.0
2021-05-23 02:30:00+01:00,2445.0,8276.0,0.0,0.0,0.0,198.0,4612.0,115.0,0.0,997.0,1285.0
2021-05-23 03:00:00+01:00,2449.0,7772.0,0.0,0.0,0.0,179.0,4642.0,115.0,0.0,1492.0,1480.0
2021-05-23 03:30:00+01:00,2442.0,7385.0,0.0,0.0,0.0,179.0,4642.0,121.0,0.0,1301.0,1534.0
2021-05-23 04:00:00+01:00,2449.0,6957.0,0.0,0.0,0.0,138.0,4733.0,121.0,0.0,1343.0,1724.0
2021-05-23 04:30:00+01:00,2437.0,6603.0,0.0,0.0,0.0,138.0,4870.0,119.0,0.0,1475.0,1649.0
2021-05-23 05:00:00+01:00,2391.0,6740.0,0.0,0.0,0.0,138.0,4907.0,119.0,176.0,1487.0,1779.0
2021-05-23 05:30:00+01:00,2390.0,6131.0,0.0,0.0,0.0,136.0,4909.0,115.0,463.0,1530.0,1846.0
2021-05-23 06:00:00+01:00,2437.0,6351.0,0.0,0.0,0.0,136.0,4902.0,116.0,862.0,1654.0,2033.0
2021-05-23 06:30:00+01:00,2444.0,6519.0,0.0,0.0,0.0,136.0,4935.0,115.0,872.0,1644.0,2105.0
2021-05-23 07:00:00+01:00,2375.0,6312.0,0.0,0.0,0.0,170.0,4937.0,122.0,1250.0,1841.0,2252.0
2021-05-23 07:30:00+01:00,2394.0,6800.0,0.0,0.0,0.0,170.0,4935.0,124.0,1997.0,1656.0,2406.0
2021-05-23 08:00:00+01:00,2376.0,6938.0,0.0,0.0,0.0,183.0,4937.0,119.0,1950.0,1724.0,2879.0
2021-05-23 08:30:00+01:00,2433.0,7158.0,0.0,0.0,0.0,228.0,4938.0,118.0,2400.0,2000.0,3117.0
2021-05-23 09:00:00+01:00,2447.0,7310.0,0.0,0.0,0.0,245.0,4937.0,124.0,2980.0,2129.0,3761.0
2021-05-23 09:30:00+01:00,2440.0,6938.0,0.0,0.0,0.0,233.0,4942.0,124.0,3390.0,2539.0,4051.0
2021-05-23 10:00:00+01:00,2453.0,6606.0,0.0,0.0,149.0,234.0,4948.0,123.0,3700.0,2718.0,4605.0
2021-05-23 10:30:00+01:00,2441.0,6076.0,0.0,0.0,149.0,233.0,4948.0,122.0,3435.0,3281.0,4723.0
2021-05-23 11:00:00+01:00,2384.0,5627.0,0.0,0.0,149.0,148.0,4954.0,119.0,3498.0,3840.0,5289.0
2021-05-23 11:30:00+01:00,2486.0,5761.0,0.0,0.0,149.0,119.0,4935.0,116.0,4040.0,4221.0,5523.0
2021-05-23 12:00:00+01:00,2493.0,5807.0,0.0,0.0,442.0,115.0,4792.0,118.0,4537.0,4517.0,5945.0
2021-05-23 12:30:00+01:00,2477.0,5578.0,0.0,0.0,149.0,101.0,4758.0,115.0,4320.0,4788.0,6014.0
2021-05-23 13:00:00+01:00,2310.0,5336.0,0.0,0.0,4.0,107.0,4749.0,115.0,3891.0,5109.0,6338.0
2021-05-23 13:30:00+01:00,2097.0,5306.0,0.0,0.0,0.0,106.0,4750.0,117.0,3430.0,5472.0,6406.0
2021-05-23 14:00:00+01:00,2018.0,4936.0,0.0,0.0,0.0,106.0,4758.0,116.0,3110.0,5490.0,6790.0
2021-05-23 14:30:00+01:00,2142.0,5356.0,0.0,0.0,0.0,106.0,4749.0,117.0,2850.0,5530.0,6607.0
2021-05-23 15:00:00+01:00,2334.0,5162.0,0.0,0.0,0.0,89.0,4840.0,117.0,2490.0,5510.0,6883.0
2021-05-23 15:30:00+01:00,2486.0,5082.0,0.0,0.0,0.0,89.0,4898.0,117.0,2230.0,5877.0,6750.0
2021-05-23 16:00:00+01:00,2893.0,5197.0,0.0,0.0,0.0,126.0,4899.0,118.0,1910.0,6195.0,6776.0
2021-05-23 16:30:00+01:00,2942.0,6050.0,0.0,0.0,90.0,172.0,4900.0,118.0,1610.0,6175.0,6770.0
2021-05-23 17:00:00+01:00,2962.0,6815.0,0.0,0.0,413.0,359.0,4819.0,117.0,1350.0,6631.0,6643.0
2021-05-23 17:30:00+01:00,2992.0,6990.0,0.0,0.0,300.0,381.0,4768.0,118.0,998.0,6593.0,6548.0
2021-05-23 18:00:00+01:00,3023.0,7309.0,0.0,0.0,766.0,409.0,4776.0,127.0,743.0,6089.0,6269.0
2021-05-23 18:30:00+01:00,2994.0,7952.0,0.0,0.0,834.0,419.0,4773.0,306.0,509.0,6015.0,5854.0
2021-05-23 19:00:00+01:00,3017.0,8153.0,0.0,0.0,804.0,587.0,4770.0,337.0,299.0,293.0,3113.0
2021-05-23 19:30:00+01:00,3025.0,8079.0,0.0,0.0,750.0,615.0,4767.0,336.0,153.0,6026.0,5142.0
2021-05-23 20:00:00+01:00,3044.0,8311.0,0.0,0.0,1058.0,563.0,4764.0,302.0,67.0,5922.0,4556.0
2021-05-23 20:30:00+01:00,3025.0,8248.0,0.0,0.0,1050.0,539.0,4768.0,323.0,28.0,5846.0,4258.0
2021-05-23 21:00:00+01:00,3050.0,8511.0,0.0,0.0,1054.0,457.0,4761.0,341.0,2.0,5959.0,3783.0
2021-05-23 21:30:00+01:00,3051.0,8091.0,0.0,0.0,623.0,408.0,4807.0,319.0,0.0,5945.0,3591.0
2021-05-23 22:00:00+01:00,3054.0,7867.0,0.0,0.0,175.0,268.0,4854.0,164.0,0.0,5978.0,3374.0
2021-05-23 22:30:00+01:00,2888.0,6877.0,0.0,0.0,118.0,330.0,4963.0,117.0,0.0,5884.0,3243.0
2021-05-23 23:00:00+01:00,2239.0,6647.0,0.0,0.0,134.0,218.0,5121.0,115.0,0.0,5880.0,2961.0
2021-05-23 23:30:00+01:00,1777.0,6218.0,0.0,0.0,0.0,213.0,5158.0,116.0,0.0,5864.0,2907.0
2021-05-24 00:00:00+01:00,1747.0,6013.0,0.0,0.0,0.0,158.0,5187.0,116.0,0.0,5891.0,2608.0
2021-05-24 00:30:00+01:00,1666.0,5775.0,0.0,0.0,0.0,158.0,5186.0,117.0,0.0,5851.0,2566.0
2021-05-24 01:00:00+01:00,1696.0,5462.0,0.0,0.0,0.0,112.0,5191.0,115.0,2.0,5813.0,2233.0
2021-05-24 01:30:00+01:00,1685.0,5625.0,0.0,0.0,0.0,90.0,5187.0,119.0,2.0,5926.0,2267.0
2021-05-24 02:00:00+01:00,1660.0,5936.0,0.0,0.0,0.0,73.0,5184.0,117.0,1.0,5608.0,2168.0
2021-05-24 02:30:00+01:00,1693.0,6247.0,0.0,0.0,0.0,73.0,5197.0,118.0,1.0,5448.0,2279.0
2021-05-24 03:00:00+01:00,1718.0,5883.0,0.0,0.0,0.0,73.0,5193.0,117.0,1.0,5271.0,2299.0
2021-05-24 03:30:00+01:00,1731.0,5776.0,0.0,0.0,0.0,73.0,5189.0,119.0,1.0,4686.0,2440.0
2021-05-24 04:00:00+01:00,1718.0,5804.0,0.0,0.0,0.0,73.0,5189.0,116.0,1.0,3994.0,2421.0
2021-05-24 04:30:00+01:00,1729.0,5988.0,0.0,0.0,0.0,73.0,5102.0,117.0,0.0,3797.0,2537.0
2021-05-24 05:00:00+01:00,1635.0,5958.0,0.0,0.0,0.0,73.0,5107.0,115.0,19.0,3564.0,2492.0
2021-05-24 05:30:00+01:00,1702.0,6340.0,0.0,0.0,0.0,73.0,5109.0,115.0,190.0,3407.0,2490.0
2021-05-24 06:00:00+01:00,2055.0,7379.0,0.0,0.0,90.0,72.0,5101.0,114.0,518.0,3243.0,2447.0
2021-05-24 06:30:00+01:00,2631.0,8818.0,0.0,0.0,0.0,72.0,5107.0,115.0,966.0,3125.0,2546.0
2021-05-24 07:00:00+01:00,2854.0,11368.0,0.0,0.0,0.0,108.0,5110.0,116.0,1400.0,2936.0,2630.0
2021-05-24 07:30:00+01:00,2861.0,13189.0,0.0,0.0,0.0,127.0,5104.0,118.0,1930.0,2754.0,2672.0
2021-05-24 08:00:00+01:00,2866.0,14009.0,0.0,0.0,48.0,160.0,5100.0,297.0,2390.0,2556.0,2920.0
2021-05-24 08:30:00+01:00,2880.0,14109.0,0.0,0.0,275.0,230.0,5102.0,322.0,3040.0,2248.0,3077.0
2021-05-24 09:00:00+01:00,2881.0,14216.0,0.0,0.0,296.0,244.0,5100.0,292.0,3730.0,2097.0,3235.0
2021-05-24 09:30:00+01:00,2878.0,13928.0,0.0,0.0,299.0,193.0,5108.0,272.0,4190.0,2215.0,3474.0
2021-05-24 10:00:00+01:00,2883.0,13905.0,0.0,0.0,58.0,178.0,5098.0,126.0,4460.0,2229.0,3749.0
2021-05-24 10:30:00+01:00,2879.0,13614.0,0.0,0.0,0.0,162.0,5004.0,122.0,4740.0,2303.0,3815.0
2021-05-24 11:00:00+01:00,2885.0,12900.0,0.0,0.0,298.0,128.0,4961.0,266.0,4620.0,2440.0,4009.0
2021-05-24 11:30:00+01:00,2875.0,12610.0,0.0,0.0,299.0,130.0,4967.0,330.0,5020.0,2630.0,4138.0
2021-05-24 12:00:00+01:00,2883.0,12831.0,0.0,0.0,0.0,109.0,4957.0,302.0,4990.0,2726.0,4394.0
2021-05-24 12:30:00+01:00,2885.0,12592.0,0.0,0.0,0.0,109.0,5048.0,302.0,4940.0,2779.0,4523.0
2021-05-24 13:00:00+01:00,2884.0,12686.0,0.0,0.0,0.0,110.0,5095.0,167.0,5080.0,2588.0,4825.0
2021-05-24 13:30:00+01:00,,,,,,,,,5020.0,2734.0,5007.0
2021-05-24 14:00:00+01:00,2781.0,10744.0,0.0,0.0,0.0,165.0,5097.0,116.0,4880.0,3118.0,5165.0
2021-05-24 14:30:00+01:00,2819.0,10470.0,0.0,0.0,0.0,168.0,5103.0,115.0,4820.0,2743.0,5084.0
2021-05-24 15:00:00+01:00,2877.0,10116.0,0.0,0.0,0.0,172.0,5028.0,116.0,4210.0,2722.0,5207.0
2021-05-24 15:30:00+01:00,2871.0,10652.0,0.0,0.0,0.0,200.0,4966.0,117.0,3870.0,2762.0,5357.0
2021-05-24 16:00:00+01:00,2870.0,11898.0,0.0,0.0,91.0,247.0,4975.0,156.0,3820.0,2361.0,5380.0
2021-05-24 16:30:00+01:00,2880.0,12710.0,0.0,0.0,0.0,258.0,5035.0,129.0,3480.0,2099.0,5336.0
2021-05-24 17:00:00+01:00,2890.0,13695.0,0.0,0.0,170.0,377.0,5189.0,131.0,3090.0,1852.0,5064.0
2021-05-24 17:30:00+01:00,2890.0,14075.0,0.0,0.0,299.0,379.0,5230.0,142.0,2510.0,1686.0,5090.0
2021-05-24 18:00:00+01:00,2949.0,13911.0,0.0,0.0,812.0,374.0,5227.0,143.0,2040.0,1692.0,4673.0
2021-05-24 18:30:00+01:00,2969.0,14267.0,0.0,0.0,900.0,373.0,5227.0,145.0,1650.0,1527.0,4512.0
2021-05-24 19:00:00+01:00,2985.0,14538.0,0.0,0.0,729.0,375.0,5233.0,278.0,1080.0,1555.0,4196.0
2021-05-24 19:30:00+01:00,2997.0,14121.0,0.0,0.0,1131.0,374.0,5231.0,266.0,690.0,1536.0,4041.0
2021-05-24 20:00:00+01:00,3006.0,14412.0,0.0,0.0,786.0,378.0,5225.0,128.0,316.0,1443.0,3753.0
2021-05-24 20:30:00+01:00,2991.0,14131.0,0.0,0.0,211.0,372.0,5231.0,124.0,62.0,1482.0,3824.0
2021-05-24 21:00:00+01:00,3002.0,13691.0,0.0,0.0,249.0,303.0,5225.0,119.0,2.0,1409.0,3703.0
2021-05-24 21:30:00+01:00,2986.0,13193.0,0.0,0.0,0.0,306.0,5229.0,116.0,2.0,1372.0,3693.0
2021-05-24 22:00:00+01:00,2873.0,11836.0,0.0,0.0,0.0,262.0,5223.0,115.0,1.0,1388.0,3647.0
2021-05-24 22:30:00+01:00,2778.0,10368.0,0.0,0.0,0.0,276.0,5239.0,115.0,0.0,1237.0,3450.0
2021-05-24 23:00:00+01:00,2088.0,9788.0,0.0,0.0,98.0,260.0,5123.0,117.0,1.0,1613.0,3272.0
2021-05-24 23:30:00+01:00,1694.0,8215.0,0.0,0.0,0.0,259.0,5051.0,119.0,1.0,1576.0,3286.0
2021-05-25 00:00:00+01:00,1709.0,7316.0,0.0,0.0,97.0,248.0,5048.0,119.0,1.0,1487.0,3378.0
2021-05-25 00:30:00+01:00,1703.0,6490.0,0.0,0.0,0.0,240.0,5046.0,106.0,0.0,1676.0,3385.0
2021-05-25 01:00:00+01:00,1709.0,5975.0,0.0,0.0,0.0,217.0,5056.0,114.0,2.0,1712.0,3350.0
2021-05-25 01:30:00+01:00,1699.0,5671.0,0.0,0.0,0.0,215.0,5056.0,113.0,1.0,2070.0,3332.0
2021-05-25 02:00:00+01:00,1692.0,5271.0,0.0,0.0,0.0,201.0,5122.0,114.0,2.0,138.0,1637.0
2021-05-25 02:30:00+01:00,1615.0,4659.0,0.0,0.0,0.0,190.0,5251.0,114.0,1.0,2970.0,3473.0
2021-05-25 03:00:00+01:00,1655.0,4521.0,0.0,0.0,0.0,190.0,5248.0,115.0,0.0,3131.0,3662.0
2021-05-25 03:30:00+01:00,1646.0,4285.0,0.0,0.0,0.0,189.0,5259.0,114.0,0.0,3526.0,3789.0
2021-05-25 04:00:00+01:00,1649.0,4371.0,0.0,0.0,0.0,179.0,5247.0,115.0,0.0,3651.0,3826.0
2021-05-25 04:30:00+01:00,1652.0,4410.0,0.0,0.0,0.0,178.0,5243.0,114.0,0.0,3701.0,3889.0
2021-05-25 05:00:00+01:00,1658.0,4510.0,0.0,0.0,0.0,223.0,5244.0,115.0,13.0,3669.0,3941.0
2021-05-25 05:30:00+01:00,1646.0,4847.0,0.0,0.0,0.0,226.0,5250.0,114.0,116.0,3586.0,3989.0
2021-05-25 06:00:00+01:00,1931.0,5186.0,0.0,0.0,0.0,269.0,5247.0,115.0,333.0,3765.0,3856.0
2021-05-25 06:30:00+01:00,2629.0,6431.0,0.0,0.0,150.0,292.0,5249.0,115.0,615.0,3667.0,3784.0
2021-05-25 07:00:00+01:00,2916.0,8543.0,0.0,0.0,0.0,357.0,5261.0,118.0,1010.0,3549.0,3851.0
2021-05-25 07:30:00+01:00,2944.0,10217.0,0.0,0.0,309.0,495.0,5252.0,122.0,1480.0,3398.0,3730.0
2021-05-25 08:00:00+01:00,2939.0,10670.0,0.0,0.0,671.0,581.0,5250.0,367.0,1910.0,3337.0,3718.0
2021-05-25 08:30:00+01:00,2948.0,11153.0,0.0,0.0,408.0,608.0,5250.0,385.0,2240.0,3336.0,3762.0
2021-05-25 09:00:00+01:00,2904.0,11483.0,0.0,0.0,825.0,620.0,5244.0,386.0,2530.0,3091.0,3762.0
2021-05-25 09:30:00+01:00,2883.0,11824.0,0.0,0.0,779.0,628.0,5103.0,396.0,2920.0,2855.0,3700.0
2021-05-25 10:00:00+01:00,2920.0,12296.0,0.0,0.0,332.0,615.0,5046.0,399.0,3270.0,2842.0,3946.0
2021-05-25 10:30:00+01:00,2923.0,12315.0,0.0,0.0,770.0,615.0,5033.0,328.0,3230.0,2831.0,3850.0
2021-05-25 11:00:00+01:00,2931.0,13045.0,0.0,0.0,0.0,554.0,5043.0,329.0,3500.0,2842.0,3816.0
2021-05-25 11:30:00+01:00,2917.0,13140.0,0.0,0.0,0.0,579.0,5040.0,362.0,3810.0,2871.0,3707.0
2021-05-25 12:00:00+01:00,2908.0,13147.0,0.0,0.0,0.0,499.0,5161.0,358.0,3960.0,3018.0,3737.0
2021-05-25 12:30:00+01:00,2917.0,13462.0,0.0,0.0,68.0,364.0,5244.0,326.0,3990.0,2724.0,3698.0
2021-05-25 13:00:00+01:00,2926.0,13244.0,0.0,0.0,0.0,356.0,5240.0,368.0,4020.0,2648.0,3502.0
2021-05-25 13:30:00+01:00,2929.0,12943.0,0.0,0.0,0.0,270.0,5247.0,343.0,3970.0,2654.0,3490.0
2021-05-25 14:00:00+01:00,2921.0,12822.0,0.0,0.0,0.0,167.0,5246.0,283.0,3760.0,2480.0,3391.0
2021-05-25 14:30:00+01:00,2927.0,12968.0,0.0,0.0,223.0,167.0,5244.0,202.0,3510.0,2160.0,3422.0
2021-05-25 15:00:00+01:00,2933.0,13028.0,0.0,0.0,0.0,234.0,5258.0,177.0,3600.0,2397.0,3239.0
2021-05-25 15:30:00+01:00,2928.0,13291.0,0.0,0.0,0.0,253.0,5248.0,191.0,3350.0,2114.0,3090.0
2021-05-25 16:00:00+01:00,2918.0,13976.0,0.0,0.0,25.0,308.0,5248.0,178.0,3050.0,2209.0,3018.0
2021-05-25 16:30:00+01:00,2931.0,15022.0,0.0,0.0,145.0,353.0,5238.0,229.0,2600.0,1758.0,3092.0
2021-05-25 17:00:00+01:00,2931.0,15466.0,0.0,0.0,754.0,660.0,5125.0,387.0,2230.0,1405.0,2775.0
2021-05-25 17:30:00+01:00,2928.0,16015.0,0.0,0.0,902.0,828.0,5039.0,401.0,1970.0,1197.0,2749.0
2021-05-25 18:00:00+01:00,2927.0,15849.0,0.0,0.0,1154.0,832.0,5032.0,402.0,1590.0,1172.0,2505.0
2021-05-25 18:30:00+01:00,2929.0,15560.0,0.0,0.0,1216.0,833.0,5026.0,366.0,1270.0,1314.0,2322.0
2021-05-25 19:00:00+01:00,2929.0,15733.0,0.0,0.0,1249.0,723.0,5028.0,257.0,925.0,1394.0,2256.0
2021-05-25 19:30:00+01:00,2937.0,15890.0,0.0,0.0,900.0,568.0,5032.0,252.0,536.0,1632.0,2251.0
2021-05-25 20:00:00+01:00,2944.0,16042.0,0.0,0.0,986.0,558.0,5033.0,219.0,270.0,1804.0,1993.0
2021-05-25 20:30:00+01:00,2931.0,16096.0,0.0,0.0,448.0,559.0,5035.0,207.0,61.0,1808.0,1961.0
2021-05-25 21:00:00+01:00,2932.0,15806.0,0.0,0.0,630.0,345.0,5110.0,180.0,2.0,1633.0,1850.0
2021-05-25 21:30:00+01:00,2935.0,15382.0,0.0,0.0,197.0,321.0,5245.0,170.0,1.0,1858.0,1892.0
2021-05-25 22:00:00+01:00,2866.0,15053.0,0.0,0.0,44.0,259.0,5244.0,117.0,0.0,2015.0,1852.0
2021-05-25 22:30:00+01:00,2605.0,13363.0,0.0,0.0,0.0,244.0,5250.0,115.0,0.0,2218.0,1937.0
2021-05-25 23:00:00+01:00,2116.0,12456.0,0.0,0.0,0.0,225.0,5246.0,118.0,0.0,1892.0,1929.0
2021-05-25 23:30:00+01:00,1681.0,11260.0,0.0,0.0,0.0,225.0,5247.0,110.0,0.0,1606.0,1766.0
2021-05-26 00:00:00+01:00,1690.0,10833.0,0.0,0.0,91.0,206.0,5241.0,115.0,0.0,1515.0,1733.0
2021-05-26 00:30:00+01:00,1693.0,10601.0,0.0,0.0,0.0,206.0,5063.0,122.0,0.0,1360.0,1775.0
2021-05-26 01:00:00+01:00,1688.0,10669.0,0.0,0.0,0.0,164.0,5044.0,120.0,1.0,1241.0,1631.0
2021-05-26 01:30:00+01:00,1691.0,10697.0,0.0,0.0,0.0,165.0,5052.0,121.0,1.0,1278.0,1655.0
2021-05-26 02:00:00+01:00,1699.0,10748.0,0.0,0.0,0.0,146.0,5054.0,115.0,0.0,1396.0,1728.0
2021-05-26 02:30:00+01:00,1696.0,10582.0,0.0,0.0,0.0,126.0,5061.0,121.0,0.0,1236.0,1775.0
2021-05-26 03:00:00+01:00,1688.0,10155.0,0.0,0.0,0.0,123.0,5202.0,115.0,0.0,1296.0,1826.0
2021-05-26 03:30:00+01:00,1689.0,10339.0,0.0,0.0,0.0,123.0,5250.0,116.0,1.0,1517.0,1842.0
2021-05-26 04:00:00+01:00,1667.0,10256.0,0.0,0.0,0.0,123.0,5254.0,117.0,0.0,1783.0,1822.0
2021-05-26 04:30:00+01:00,1663.0,9815.0,0.0,0.0,0.0,123.0,5261.0,114.0,0.0,2066.0,1876.0
2021-05-26 05:00:00+01:00,1678.0,9622.0,0.0,0.0,0.0,176.0,5248.0,117.0,13.0,2357.0,1874.0
2021-05-26 05:30:00+01:00,1668.0,10334.0,0.0,0.0,0.0,175.0,5257.0,114.0,144.0,2428.0,1927.0
2021-05-26 06:00:00+01:00,2037.0,10864.0,0.0,0.0,0.0,193.0,5248.0,114.0,410.0,2459.0,1864.0
2021-05-26 06:30:00+01:00,2501.0,12067.0,0.0,0.0,0.0,206.0,5248.0,115.0,772.0,2391.0,1816.0
2021-05-26 07:00:00+01:00,2006.0,14230.0,0.0,0.0,77.0,326.0,5256.0,118.0,1230.0,2786.0,1838.0
2021-05-26 07:30:00+01:00,2264.0,14913.0,0.0,0.0,299.0,395.0,5252.0,125.0,1750.0,3039.0,1667.0
2021-05-26 08:00:00+01:00,2266.0,14940.0,0.0,0.0,541.0,415.0,5248.0,153.0,2200.0,3136.0,1602.0
2021-05-26 08:30:00+01:00,2263.0,15044.0,0.0,0.0,73.0,439.0,5251.0,199.0,2660.0,3125.0,1612.0
2021-05-26 09:00:00+01:00,2274.0,15429.0,0.0,0.0,189.0,412.0,5245.0,196.0,3160.0,2874.0,1685.0
2021-05-26 09:30:00+01:00,2273.0,15378.0,0.0,0.0,195.0,419.0,5296.0,221.0,3610.0,2876.0,1689.0
2021-05-26 10:00:00+01:00,2364.0,15438.0,0.0,0.0,50.0,404.0,5293.0,147.0,3930.0,2768.0,1770.0
2021-05-26 10:30:00+01:00,2708.0,14803.0,0.0,0.0,1.0,370.0,5065.0,115.0,4010.0,2890.0,1792.0
2021-05-26 11:00:00+01:00,2835.0,14870.0,0.0,0.0,59.0,302.0,5298.0,117.0,4190.0,2991.0,1881.0
2021-05-26 11:30:00+01:00,2843.0,14821.0,0.0,0.0,27.0,273.0,5304.0,115.0,4660.0,3201.0,1853.0
2021-05-26 12:00:00+01:00,2843.0,14620.0,0.0,0.0,335.0,221.0,5285.0,116.0,4940.0,3126.0,1888.0
2021-05-26 12:30:00+01:00,2862.0,14955.0,0.0,0.0,270.0,184.0,5289.0,157.0,5050.0,3023.0,1846.0
2021-05-26 13:00:00+01:00,2826.0,15287.0,0.0,0.0,89.0,153.0,5296.0,184.0,5180.0,2885.0,1885.0
2021-05-26 13:30:00+01:00,2830.0,14996.0,0.0,0.0,0.0,159.0,5295.0,142.0,5230.0,2826.0,1813.0
2021-05-26 14:00:00+01:00,2832.0,14706.0,0.0,0.0,0.0,150.0,5348.0,142.0,5070.0,2615.0,1831.0
2021-05-26 14:30:00+01:00,2819.0,14405.0,0.0,0.0,27.0,152.0,5344.0,142.0,4780.0,2869.0,1824.0
2021-05-26 15:00:00+01:00,2855.0,13415.0,0.0,0.0,27.0,152.0,5345.0,143.0,4500.0,3243.0,1811.0
2021-05-26 15:30:00+01:00,2865.0,13770.0,0.0,0.0,175.0,153.0,5344.0,142.0,3990.0,3428.0,1771.0
2021-05-26 16:00:00+01:00,2869.0,14371.0,6.0,0.0,1.0,240.0,5346.0,155.0,3730.0,3529.0,1729.0
2021-05-26 16:30:00+01:00,2865.0,15156.0,29.0,0.0,0.0,302.0,5347.0,157.0,3430.0,3496.0,1741.0
2021-05-26 17:00:00+01:00,2872.0,16070.0,55.0,0.0,156.0,454.0,5342.0,163.0,3100.0,3507.0,1666.0
2021-05-26 17:30:00+01:00,2898.0,16069.0,188.0,0.0,455.0,470.0,5353.0,238.0,2570.0,3464.0,1699.0
2021-05-26 18:00:00+01:00,2862.0,15890.0,230.0,0.0,673.0,544.0,5349.0,362.0,1990.0,3481.0,1596.0
2021-05-26 18:30:00+01:00,2862.0,15709.0,236.0,0.0,1036.0,513.0,5355.0,435.0,1550.0,3431.0,1623.0
2021-05-26 19:00:00+01:00,2890.0,15916.0,236.0,0.0,900.0,569.0,5361.0,414.0,1070.0,3443.0,1346.0
2021-05-26 19:30:00+01:00,2862.0,16183.0,237.0,0.0,794.0,576.0,5352.0,299.0,639.0,3329.0,1302.0
2021-05-26 20:00:00+01:00,2882.0,16095.0,271.0,0.0,299.0,580.0,5359.0,271.0,290.0,3251.0,1006.0
2021-05-26 20:30:00+01:00,2906.0,16147.0,237.0,0.0,263.0,565.0,5355.0,199.0,76.0,3009.0,969.0
2021-05-26 21:00:00+01:00,2904.0,15899.0,236.0,0.0,387.0,384.0,5349.0,182.0,3.0,2877.0,786.0
2021-05-26 21:30:00+01:00,2823.0,15857.0,234.0,0.0,206.0,427.0,5351.0,144.0,0.0,2598.0,774.0
2021-05-26 22:00:00+01:00,2798.0,15521.0,3.0,0.0,77.0,319.0,5359.0,145.0,0.0,2477.0,692.0
2021-05-26 22:30:00+01:00,2576.0,14846.0,0.0,0.0,0.0,287.0,5346.0,143.0,0.0,2189.0,678.0
2021-05-26 23:00:00+01:00,1990.0,14056.0,0.0,0.0,0.0,274.0,5352.0,141.0,1.0,2073.0,611.0
2021-05-26 23:30:00+01:00,1539.0,12525.0,0.0,0.0,0.0,273.0,5343.0,143.0,1.0,2119.0,585.0
2021-05-27 00:00:00+01:00,1553.0,11306.0,0.0,0.0,0.0,171.0,5355.0,142.0,0.0,2308.0,520.0
2021-05-27 00:30:00+01:00,1572.0,11230.0,0.0,0.0,0.0,151.0,5344.0,141.0,0.0,2263.0,511.0
2021-05-27 01:00:00+01:00,1611.0,10955.0,0.0,0.0,0.0,130.0,5347.0,141.0,5.0,2348.0,474.0
2021-05-27 01:30:00+01:00,1646.0,11223.0,0.0,0.0,0.0,130.0,5344.0,144.0,0.0,2318.0,475.0
2021-05-27 02:00:00+01:00,1659.0,11458.0,0.0,0.0,0.0,130.0,5346.0,141.0,1.0,2256.0,430.0
2021-05-27 02:30:00+01:00,1667.0,11113.0,0.0,0.0,0.0,130.0,5357.0,142.0,0.0,2245.0,422.0
2021-05-27 03:00:00+01:00,1669.0,10851.0,0.0,0.0,0.0,130.0,5357.0,144.0,0.0,2285.0,377.0
2021-05-27 03:30:00+01:00,1674.0,10830.0,0.0,0.0,0.0,130.0,5359.0,144.0,0.0,2331.0,369.0
2021-05-27 04:00:00+01:00,1667.0,11267.0,0.0,0.0,0.0,130.0,5356.0,143.0,1.0,2107.0,337.0
2021-05-27 04:30:00+01:00,1657.0,11242.0,0.0,0.0,0.0,129.0,5378.0,141.0,0.0,2039.0,338.0
2021-05-27 05:00:00+01:00,1646.0,10987.0,0.0,0.0,0.0,187.0,5394.0,142.0,24.0,2139.0,315.0
2021-05-27 05:30:00+01:00,1645.0,11163.0,0.0,0.0,0.0,193.0,5396.0,142.0,211.0,2293.0,313.0
2021-05-27 06:00:00+01:00,1881.0,10996.0,0.0,0.0,0.0,239.0,5383.0,142.0,551.0,2372.0,309.0
2021-05-27 06:30:00+01:00,2300.0,12144.0,0.0,0.0,0.0,244.0,5385.0,141.0,1020.0,2367.0,314.0
2021-05-27 07:00:00+01:00,2108.0,14501.0,0.0,0.0,0.0,414.0,5386.0,189.0,1570.0,2291.0,302.0
2021-05-27 07:30:00+01:00,2107.0,15603.0,0.0,0.0,50.0,415.0,5387.0,231.0,2210.0,2099.0,299.0
2021-05-27 08:00:00+01:00,2268.0,16264.0,0.0,0.0,0.0,482.0,5389.0,199.0,2900.0,1961.0,284.0
2021-05-27 08:30:00+01:00,2260.0,16170.0,0.0,0.0,55.0,483.0,5394.0,184.0,3630.0,1883.0,275.0
2021-05-27 09:00:00+01:00,2273.0,16206.0,0.0,0.0,15.0,438.0,5395.0,173.0,4410.0,1789.0,286.0
2021-05-27 09:30:00+01:00,2276.0,15985.0,0.0,0.0,92.0,433.0,5403.0,150.0,5130.0,1660.0,289.0
2021-05-27 10:00:00+01:00,2634.0,15822.0,0.0,0.0,140.0,348.0,5400.0,150.0,5750.0,47.0,271.0
2021-05-27 10:30:00+01:00,2817.0,15619.0,0.0,0.0,24.0,309.0,5412.0,187.0,6250.0,1277.0,339.0
2021-05-27 11:00:00+01:00,2846.0,15265.0,0.0,0.0,32.0,293.0,5434.0,142.0,6730.0,1189.0,381.0
2021-05-27 11:30:00+01:00,2711.0,14933.0,0.0,0.0,20.0,292.0,5413.0,143.0,7080.0,1023.0,412.0
2021-05-27 12:00:00+01:00,2608.0,15134.0,0.0,0.0,0.0,257.0,5400.0,146.0,7320.0,897.0,454.0
2021-05-27 12:30:00+01:00,2797.0,14978.0,0.0,0.0,0.0,246.0,5407.0,196.0,7480.0,793.0,498.0
2021-05-27 13:00:00+01:00,2516.0,15224.0,0.0,0.0,4.0,218.0,5409.0,145.0,7380.0,620.0,609.0
2021-05-27 13:30:00+01:00,2480.0,14725.0,0.0,0.0,33.0,202.0,5410.0,143.0,7260.0,560.0,655.0
2021-05-27 14:00:00+01:00,2522.0,14259.0,0.0,0.0,9.0,203.0,5396.0,143.0,7010.0,417.0,753.0
2021-05-27 14:30:00+01:00,2473.0,13987.0,0.0,0.0,0.0,276.0,5403.0,144.0,6680.0,383.0,786.0
2021-05-27 15:00:00+01:00,2519.0,13887.0,0.0,0.0,0.0,282.0,5400.0,143.0,6120.0,373.0,854.0
2021-05-27 15:30:00+01:00,2750.0,14119.0,0.0,0.0,65.0,259.0,5394.0,143.0,5720.0,349.0,899.0
2021-05-27 16:00:00+01:00,2895.0,14708.0,0.0,0.0,130.0,296.0,5403.0,161.0,5260.0,370.0,1055.0
2021-05-27 16:30:00+01:00,2897.0,15600.0,0.0,0.0,83.0,339.0,5404.0,173.0,4660.0,307.0,1031.0
2021-05-27 17:00:00+01:00,2904.0,16123.0,0.0,0.0,234.0,466.0,5402.0,260.0,4030.0,326.0,968.0
2021-05-27 17:30:00+01:00,2930.0,16415.0,0.0,0.0,658.0,482.0,5408.0,305.0,3290.0,286.0,972.0
2021-05-27 18:00:00+01:00,2939.0,17013.0,0.0,0.0,404.0,485.0,5406.0,381.0,2690.0,307.0,995.0
2021-05-27 18:30:00+01:00,2938.0,17004.0,0.0,0.0,970.0,508.0,5411.0,379.0,2000.0,332.0,976.0
2021-05-27 19:00:00+01:00,2930.0,17049.0,0.0,0.0,897.0,531.0,5410.0,376.0,1300.0,376.0,896.0
2021-05-27 19:30:00+01:00,2933.0,16899.0,0.0,0.0,1235.0,529.0,5414.0,349.0,741.0,403.0,841.0
2021-05-27 20:00:00+01:00,2934.0,16953.0,0.0,0.0,882.0,512.0,5409.0,429.0,317.0,317.0,705.0
2021-05-27 20:30:00+01:00,2919.0,16862.0,0.0,0.0,652.0,494.0,5411.0,396.0,60.0,319.0,712.0
2021-05-27 21:00:00+01:00,2890.0,16917.0,0.0,0.0,615.0,458.0,5414.0,312.0,3.0,279.0,688.0
2021-05-27 21:30:00+01:00,2892.0,17067.0,0.0,0.0,157.0,421.0,5415.0,263.0,2.0,320.0,665.0
2021-05-27 22:00:00+01:00,2935.0,16493.0,0.0,0.0,0.0,329.0,5415.0,169.0,2.0,346.0,612.0
2021-05-27 22:30:00+01:00,2806.0,15517.0,0.0,0.0,0.0,332.0,5411.0,142.0,0.0,382.0,586.0
2021-05-27 23:00:00+01:00,2168.0,14401.0,0.0,0.0,149.0,319.0,5414.0,141.0,1.0,399.0,575.0
2021-05-27 23:30:00+01:00,1692.0,13289.0,0.0,0.0,0.0,312.0,5413.0,141.0,1.0,482.0,565.0
2021-05-28 00:00:00+01:00,1704.0,12296.0,0.0,0.0,0.0,210.0,5415.0,141.0,2.0,575.0,548.0
2021-05-28 00:30:00+01:00,1706.0,11798.0,0.0,0.0,0.0,207.0,5412.0,141.0,0.0,565.0,543.0
2021-05-28 01:00:00+01:00,1704.0,11651.0,0.0,0.0,0.0,160.0,5419.0,142.0,3.0,597.0,522.0
2021-05-28 01:30:00+01:00,1700.0,11617.0,0.0,0.0,0.0,156.0,5413.0,142.0,1.0,699.0,517.0
2021-05-28 02:00:00+01:00,1710.0,11901.0,0.0,0.0,0.0,156.0,5412.0,142.0,2.0,677.0,496.0
2021-05-28 02:30:00+01:00,1699.0,11496.0,0.0,0.0,0.0,155.0,5415.0,142.0,2.0,736.0,474.0
2021-05-28 03:00:00+01:00,1710.0,12053.0,0.0,0.0,0.0,156.0,5424.0,142.0,2.0,658.0,456.0
2021-05-28 03:30:00+01:00,1713.0,12183.0,0.0,0.0,0.0,156.0,5421.0,142.0,0.0,683.0,447.0
2021-05-28 04:00:00+01:00,1695.0,11982.0,0.0,0.0,0.0,156.0,5416.0,142.0,1.0,560.0,437.0
2021-05-28 04:30:00+01:00,1693.0,11973.0,0.0,0.0,0.0,156.0,5425.0,142.0,2.0,515.0,427.0
2021-05-28 05:00:00+01:00,1696.0,11967.0,0.0,0.0,0.0,155.0,5420.0,142.0,28.0,461.0,417.0
2021-05-28 05:30:00+01:00,1780.0,12250.0,0.0,0.0,0.0,153.0,5429.0,141.0,163.0,430.0,410.0
2021-05-28 06:00:00+01:00,2059.0,12640.0,0.0,0.0,0.0,260.0,5419.0,141.0,406.0,437.0,401.0
2021-05-28 06:30:00+01:00,2451.0,14155.0,5.0,0.0,0.0,270.0,5417.0,141.0,717.0,416.0,402.0
2021-05-28 07:00:00+01:00,2618.0,16141.0,174.0,0.0,0.0,392.0,5422.0,143.0,1110.0,365.0,420.0
2021-05-28 07:30:00+01:00,2932.0,17572.0,307.0,0.0,120.0,465.0,5409.0,171.0,1540.0,354.0,430.0
2021-05-28 08:00:00+01:00,2941.0,17658.0,472.0,0.0,420.0,521.0,5414.0,382.0,1990.0,333.0,445.0
2021-05-28 08:30:00+01:00,2931.0,17561.0,491.0,0.0,688.0,478.0,5412.0,424.0,2480.0,386.0,469.0
2021-05-28 09:00:00+01:00,2934.0,17821.0,487.0,0.0,404.0,462.0,5423.0,413.0,3010.0,395.0,507.0
2021-05-28 09:30:00+01:00,2928.0,17733.0,419.0,0.0,343.0,474.0,5412.0,281.0,3510.0,382.0,523.0
2021-05-28 10:00:00+01:00,2923.0,17717.0,427.0,0.0,148.0,409.0,5410.0,279.0,4030.0,377.0,612.0
2021-05-28 10:30:00+01:00,2914.0,17464.0,430.0,0.0,417.0,334.0,5426.0,277.0,4530.0,283.0,648.0
2021-05-28 11:00:00+01:00,2899.0,17406.0,485.0,0.0,0.0,343.0,5417.0,208.0,4920.0,306.0,651.0
2021-05-28 11:30:00+01:00,2850.0,17191.0,482.0,0.0,0.0,398.0,5425.0,258.0,5130.0,282.0,650.0
2021-05-28 12:00:00+01:00,2844.0,17121.0,487.0,0.0,0.0,387.0,5422.0,302.0,5080.0,284.0,664.0
2021-05-28 12:30:00+01:00,2842.0,17257.0,446.0,0.0,40.0,347.0,5423.0,272.0,4940.0,275.0,673.0
2021-05-28 13:00:00+01:00,2814.0,16717.0,476.0,0.0,0.0,255.0,5420.0,175.0,4920.0,288.0,719.0
2021-05-28 13:30:00+01:00,2699.0,16221.0,480.0,0.0,0.0,218.0,5424.0,149.0,4780.0,317.0,739.0
2021-05-28 14:00:00+01:00,2749.0,16056.0,426.0,0.0,0.0,234.0,5422.0,143.0,4430.0,312.0,765.0
2021-05-28 14:30:00+01:00,2795.0,15902.0,239.0,0.0,0.0,254.0,5411.0,142.0,4080.0,355.0,740.0
2021-05-28 15:00:00+01:00,2851.0,15739.0,248.0,0.0,0.0,250.0,5404.0,152.0,3930.0,426.0,747.0
2021-05-28 15:30:00+01:00,2737.0,15874.0,350.0,0.0,0.0,232.0,5416.0,157.0,3580.0,549.0,742.0
2021-05-28 16:00:00+01:00,2901.0,16324.0,345.0,0.0,0.0,274.0,5420.0,212.0,3180.0,572.0,773.0
2021-05-28 16:30:00+01:00,2914.0,16544.0,472.0,0.0,0.0,295.0,5422.0,180.0,2610.0,510.0,788.0
2021-05-28 17:00:00+01:00,2904.0,16543.0,487.0,0.0,323.0,450.0,5427.0,310.0,2160.0,515.0,814.0
2021-05-28 17:30:00+01:00,2927.0,16656.0,461.0,0.0,901.0,468.0,5427.0,412.0,1770.0,521.0,812.0
2021-05-28 18:00:00+01:00,2840.0,16720.0,451.0,0.0,1166.0,504.0,5435.0,410.0,1360.0,422.0,800.0
2021-05-28 18:30:00+01:00,2862.0,16760.0,468.0,0.0,1049.0,504.0,5429.0,417.0,980.0,417.0,797.0
2021-05-28 19:00:00+01:00,2863.0,16640.0,451.0,0.0,1047.0,489.0,5426.0,342.0,659.0,398.0,776.0
2021-05-28 19:30:00+01:00,2881.0,16810.0,286.0,0.0,1196.0,477.0,5429.0,343.0,381.0,373.0,772.0
2021-05-28 20:00:00+01:00,2882.0,16840.0,235.0,0.0,793.0,428.0,5427.0,319.0,162.0,324.0,691.0
2021-05-28 20:30:00+01:00,2890.0,16851.0,233.0,0.0,447.0,409.0,5428.0,271.0,36.0,329.0,641.0
2021-05-28 21:00:00+01:00,2894.0,16709.0,229.0,0.0,219.0,375.0,5427.0,156.0,3.0,350.0,610.0
2021-05-28 21:30:00+01:00,2904.0,16485.0,62.0,0.0,148.0,369.0,5427.0,150.0,0.0,279.0,632.0
2021-05-28 22:00:00+01:00,2892.0,15402.0,0.0,0.0,503.0,285.0,5432.0,146.0,0.0,266.0,642.0
2021-05-28 22:30:00+01:00,2252.0,14942.0,0.0,0.0,61.0,282.0,5425.0,246.0,0.0,298.0,663.0
2021-05-28 23:00:00+01:00,1664.0,14291.0,0.0,0.0,249.0,258.0,5431.0,141.0,0.0,361.0,685.0
2021-05-28 23:30:00+01:00,1529.0,13286.0,0.0,0.0,0.0,239.0,5426.0,141.0,0.0,448.0,653.0
2021-05-29 00:00:00+01:00,1514.0,12598.0,0.0,0.0,0.0,147.0,5428.0,141.0,0.0,548.0,641.0
2021-05-29 00:30:00+01:00,1491.0,11745.0,0.0,0.0,0.0,119.0,5430.0,141.0,0.0,654.0,634.0
2021-05-29 01:00:00+01:00,1500.0,11755.0,0.0,0.0,0.0,100.0,5417.0,141.0,1.0,676.0,631.0
2021-05-29 01:30:00+01:00,1517.0,11690.0,0.0,0.0,0.0,96.0,5417.0,141.0,1.0,648.0,638.0
2021-05-29 02:00:00+01:00,1489.0,11755.0,0.0,0.0,0.0,89.0,5412.0,142.0,0.0,527.0,598.0
2021-05-29 02:30:00+01:00,1493.0,11706.0,0.0,0.0,0.0,86.0,5414.0,141.0,2.0,455.0,585.0
2021-05-29 03:00:00+01:00,1505.0,11270.0,0.0,0.0,0.0,86.0,5419.0,144.0,0.0,439.0,534.0
2021-05-29 03:30:00+01:00,1504.0,11447.0,0.0,0.0,0.0,86.0,5415.0,142.0,1.0,418.0,538.0
2021-05-29 04:00:00+01:00,1502.0,11314.0,0.0,0.0,0.0,86.0,5422.0,142.0,0.0,448.0,452.0
2021-05-29 04:30:00+01:00,1479.0,11118.0,0.0,0.0,0.0,86.0,5433.0,142.0,1.0,489.0,413.0
2021-05-29 05:00:00+01:00,1497.0,10886.0,0.0,0.0,0.0,92.0,5428.0,142.0,23.0,492.0,359.0
2021-05-29 05:30:00+01:00,1474.0,11001.0,0.0,0.0,0.0,98.0,5435.0,142.0,109.0,526.0,352.0
2021-05-29 06:00:00+01:00,1491.0,10626.0,0.0,0.0,0.0,150.0,5432.0,142.0,297.0,571.0,342.0
2021-05-29 06:30:00+01:00,1581.0,11310.0,0.0,0.0,0.0,147.0,5433.0,143.0,626.0,521.0,339.0
2021-05-29 07:00:00+01:00,1940.0,11233.0,0.0,0.0,0.0,275.0,5431.0,143.0,1050.0,447.0,340.0
2021-05-29 07:30:00+01:00,2235.0,12220.0,0.0,0.0,0.0,276.0,5430.0,204.0,1510.0,412.0,320.0
2021-05-29 08:00:00+01:00,2371.0,12656.0,0.0,0.0,0.0,374.0,5432.0,323.0,2040.0,381.0,316.0
2021-05-29 08:30:00+01:00,2384.0,13264.0,0.0,0.0,0.0,451.0,5425.0,339.0,2620.0,321.0,316.0
2021-05-29 09:00:00+01:00,2384.0,13450.0,0.0,0.0,148.0,467.0,5421.0,397.0,3450.0,317.0,358.0
2021-05-29 09:30:00+01:00,2401.0,13151.0,0.0,0.0,401.0,461.0,5427.0,457.0,4130.0,347.0,342.0
2021-05-29 10:00:00+01:00,2417.0,13233.0,0.0,0.0,70.0,360.0,5429.0,451.0,4670.0,355.0,364.0
2021-05-29 10:30:00+01:00,2428.0,13235.0,0.0,0.0,0.0,336.0,5438.0,292.0,5010.0,370.0,377.0
2021-05-29 11:00:00+01:00,2405.0,12985.0,0.0,0.0,0.0,321.0,5443.0,149.0,5440.0,408.0,429.0
2021-05-29 11:30:00+01:00,2380.0,12506.0,0.0,0.0,0.0,305.0,5450.0,149.0,5980.0,469.0,452.0
2021-05-29 12:00:00+01:00,2295.0,12242.0,0.0,0.0,0.0,241.0,5444.0,149.0,6470.0,523.0,493.0
2021-05-29 12:30:00+01:00,2265.0,11720.0,0.0,0.0,0.0,237.0,5446.0,151.0,6740.0,542.0,502.0
2021-05-29 13:00:00+01:00,2297.0,11650.0,0.0,0.0,299.0,196.0,5434.0,147.0,6890.0,468.0,573.0
2021-05-29 13:30:00+01:00,2346.0,11200.0,0.0,0.0,0.0,197.0,5442.0,144.0,6870.0,454.0,557.0
2021-05-29 14:00:00+01:00,2392.0,10714.0,0.0,0.0,27.0,169.0,5436.0,143.0,6700.0,465.0,577.0
2021-05-29 14:30:00+01:00,2373.0,10574.0,0.0,0.0,0.0,168.0,5432.0,147.0,6410.0,472.0,583.0
2021-05-29 15:00:00+01:00,2267.0,10830.0,0.0,0.0,0.0,168.0,5431.0,147.0,5890.0,490.0,616.0
2021-05-29 15:30:00+01:00,2308.0,11026.0,0.0,0.0,0.0,168.0,5429.0,143.0,5380.0,519.0,602.0
2021-05-29 16:00:00+01:00,2362.0,11763.0,0.0,0.0,0.0,215.0,5433.0,139.0,4700.0,598.0,617.0
2021-05-29 16:30:00+01:00,2458.0,12608.0,0.0,0.0,0.0,239.0,5431.0,108.0,4220.0,655.0,609.0
2021-05-29 17:00:00+01:00,2391.0,13178.0,0.0,0.0,150.0,380.0,5428.0,207.0,3440.0,678.0,646.0
2021-05-29 17:30:00+01:00,2327.0,13976.0,0.0,0.0,297.0,411.0,5432.0,409.0,2780.0,663.0,635.0
2021-05-29 18:00:00+01:00,2330.0,14071.0,0.0,0.0,138.0,532.0,5444.0,340.0,2180.0,790.0,592.0
2021-05-29 18:30:00+01:00,2357.0,14048.0,0.0,0.0,900.0,427.0,5439.0,218.0,1620.0,857.0,594.0
2021-05-29 19:00:00+01:00,2396.0,14684.0,0.0,0.0,927.0,527.0,5448.0,290.0,1120.0,879.0,545.0
2021-05-29 19:30:00+01:00,2460.0,15027.0,0.0,0.0,775.0,493.0,5449.0,350.0,683.0,816.0,536.0
2021-05-29 20:00:00+01:00,2464.0,15057.0,0.0,0.0,912.0,367.0,5442.0,266.0,318.0,829.0,459.0
2021-05-29 20:30:00+01:00,2470.0,15126.0,0.0,0.0,601.0,340.0,5443.0,242.0,69.0,780.0,450.0
2021-05-29 21:00:00+01:00,2464.0,15027.0,0.0,0.0,632.0,279.0,5442.0,225.0,5.0,753.0,390.0
2021-05-29 21:30:00+01:00,2472.0,15132.0,0.0,0.0,54.0,276.0,5442.0,184.0,1.0,740.0,395.0
2021-05-29 22:00:00+01:00,2478.0,15042.0,0.0,0.0,93.0,202.0,5442.0,156.0,1.0,702.0,376.0
2021-05-29 22:30:00+01:00,2298.0,14693.0,0.0,0.0,109.0,210.0,5444.0,148.0,0.0,613.0,381.0
2021-05-29 23:00:00+01:00,1683.0,14118.0,0.0,0.0,167.0,199.0,5439.0,147.0,2.0,564.0,372.0
2021-05-29 23:30:00+01:00,1485.0,12427.0,0.0,0.0,137.0,192.0,5446.0,141.0,1.0,645.0,372.0
2021-05-30 00:00:00+01:00,1524.0,11818.0,0.0,0.0,150.0,133.0,5447.0,143.0,1.0,682.0,394.0
2021-05-30 00:30:00+01:00,1538.0,10962.0,0.0,0.0,0.0,134.0,5442.0,143.0,0.0,714.0,387.0
2021-05-30 01:00:00+01:00,1535.0,10617.0,0.0,0.0,0.0,111.0,5444.0,142.0,2.0,685.0,421.0
2021-05-30 01:30:00+01:00,1526.0,10337.0,0.0,0.0,0.0,111.0,5442.0,141.0,3.0,671.0,422.0
2021-05-30 02:00:00+01:00,1536.0,10378.0,0.0,0.0,178.0,111.0,5441.0,142.0,2.0,595.0,417.0
2021-05-30 02:30:00+01:00,1523.0,10081.0,0.0,0.0,0.0,111.0,5441.0,142.0,1.0,587.0,427.0
2021-05-30 03:00:00+01:00,1519.0,9996.0,0.0,0.0,0.0,112.0,5441.0,141.0,0.0,568.0,376.0
2021-05-30 03:30:00+01:00,1519.0,10085.0,0.0,0.0,0.0,111.0,5447.0,141.0,0.0,539.0,387.0
2021-05-30 04:00:00+01:00,1528.0,9686.0,0.0,0.0,0.0,111.0,5448.0,140.0,0.0,536.0,379.0
2021-05-30 04:30:00+01:00,1512.0,9388.0,0.0,0.0,0.0,111.0,5451.0,141.0,0.0,551.0,386.0
2021-05-30 05:00:00+01:00,1516.0,9300.0,0.0,0.0,0.0,111.0,5458.0,141.0,29.0,603.0,396.0
2021-05-30 05:30:00+01:00,1497.0,8979.0,0.0,0.0,0.0,111.0,5460.0,141.0,190.0,712.0,403.0
2021-05-30 06:00:00+01:00,1533.0,9161.0,0.0,0.0,0.0,174.0,5455.0,143.0,471.0,56.0,341.0
2021-05-30 06:30:00+01:00,1615.0,9267.0,0.0,0.0,0.0,194.0,5459.0,146.0,857.0,834.0,434.0
2021-05-30 07:00:00+01:00,2150.0,9039.0,0.0,0.0,0.0,225.0,5462.0,296.0,1360.0,794.0,432.0
2021-05-30 07:30:00+01:00,2323.0,8960.0,0.0,0.0,0.0,241.0,5457.0,378.0,1920.0,830.0,418.0
2021-05-30 08:00:00+01:00,2481.0,9224.0,0.0,0.0,0.0,353.0,5451.0,391.0,2490.0,799.0,472.0
2021-05-30 08:30:00+01:00,2483.0,9421.0,0.0,0.0,166.0,443.0,5451.0,394.0,3220.0,704.0,489.0
2021-05-30 09:00:00+01:00,2486.0,9504.0,0.0,0.0,353.0,486.0,5451.0,406.0,4000.0,647.0,620.0
2021-05-30 09:30:00+01:00,2517.0,9474.0,0.0,0.0,299.0,510.0,5456.0,415.0,4800.0,593.0,655.0
2021-05-30 10:00:00+01:00,2516.0,9518.0,0.0,0.0,4.0,524.0,5451.0,411.0,5640.0,604.0,836.0
2021-05-30 10:30:00+01:00,2517.0,9256.0,0.0,0.0,0.0,408.0,5458.0,391.0,6520.0,615.0,883.0
2021-05-30 11:00:00+01:00,2518.0,9028.0,0.0,0.0,0.0,369.0,5458.0,276.0,7350.0,543.0,984.0
2021-05-30 11:30:00+01:00,2513.0,8788.0,0.0,0.0,23.0,368.0,5451.0,171.0,8170.0,555.0,1031.0
2021-05-30 12:00:00+01:00,2488.0,8743.0,0.0,0.0,0.0,340.0,5450.0,143.0,8660.0,531.0,1132.0
2021-05-30 12:30:00+01:00,2483.0,8503.0,0.0,0.0,0.0,318.0,5456.0,143.0,8870.0,515.0,1138.0
2021-05-30 13:00:00+01:00,2483.0,8057.0,0.0,0.0,0.0,224.0,5452.0,143.0,8840.0,589.0,1162.0
2021-05-30 13:30:00+01:00,2475.0,7581.0,0.0,0.0,20.0,224.0,5451.0,142.0,8670.0,647.0,1200.0
2021-05-30 14:00:00+01:00,2479.0,7268.0,0.0,0.0,0.0,179.0,5446.0,143.0,8370.0,684.0,1265.0
2021-05-30 14:30:00+01:00,2475.0,6857.0,0.0,0.0,0.0,180.0,5438.0,143.0,7960.0,843.0,1309.0
2021-05-30 15:00:00+01:00,2477.0,6617.0,0.0,0.0,0.0,179.0,5443.0,143.0,7460.0,985.0,1386.0
2021-05-30 15:30:00+01:00,2412.0,6736.0,0.0,0.0,0.0,176.0,5435.0,143.0,6840.0,1065.0,1417.0
2021-05-30 16:00:00+01:00,2408.0,6928.0,0.0,0.0,0.0,226.0,5445.0,145.0,6160.0,1272.0,1531.0
2021-05-30 16:30:00+01:00,2416.0,7530.0,0.0,0.0,0.0,247.0,5443.0,149.0,5390.0,1389.0,1590.0
2021-05-30 17:00:00+01:00,2486.0,8198.0,0.0,0.0,149.0,391.0,5451.0,247.0,4660.0,1383.0,1694.0
2021-05-30 17:30:00+01:00,2484.0,9430.0,0.0,0.0,0.0,411.0,5452.0,247.0,3820.0,1392.0,1710.0
2021-05-30 18:00:00+01:00,2466.0,10287.0,0.0,0.0,0.0,453.0,5453.0,154.0,2990.0,1534.0,1681.0
2021-05-30 18:30:00+01:00,2460.0,10772.0,0.0,0.0,302.0,454.0,5451.0,156.0,2280.0,1596.0,1683.0
2021-05-30 19:00:00+01:00,2480.0,10713.0,0.0,0.0,601.0,454.0,5460.0,154.0,1590.0,1635.0,1584.0
2021-05-30 19:30:00+01:00,2436.0,10541.0,0.0,0.0,900.0,454.0,5451.0,165.0,980.0,1782.0,1617.0
2021-05-30 20:00:00+01:00,2425.0,10819.0,0.0,0.0,796.0,426.0,5460.0,171.0,500.0,1856.0,1428.0
2021-05-30 20:30:00+01:00,2439.0,10751.0,0.0,0.0,815.0,364.0,5470.0,210.0,158.0,1927.0,1330.0
2021-05-30 21:00:00+01:00,2433.0,10893.0,0.0,0.0,902.0,331.0,5462.0,153.0,14.0,1903.0,1269.0
2021-05-30 21:30:00+01:00,2438.0,11249.0,0.0,0.0,348.0,323.0,5459.0,213.0,1.0,1886.0,1195.0
2021-05-30 22:00:00+01:00,2323.0,11400.0,0.0,0.0,430.0,276.0,5462.0,208.0,2.0,1831.0,1133.0
2021-05-30 22:30:00+01:00,1978.0,11071.0,0.0,0.0,156.0,254.0,5453.0,143.0,0.0,1982.0,1106.0
2021-05-30 23:00:00+01:00,1530.0,10842.0,0.0,0.0,427.0,214.0,5460.0,147.0,3.0,1989.0,1055.0
2021-05-30 23:30:00+01:00,1505.0,9715.0,0.0,0.0,310.0,227.0,5460.0,143.0,1.0,1901.0,1054.0
2021-05-31 00:00:00+01:00,1515.0,9112.0,0.0,0.0,0.0,153.0,5451.0,142.0,2.0,1686.0,1119.0
2021-05-31 00:30:00+01:00,1531.0,8456.0,0.0,0.0,0.0,153.0,5454.0,142.0,0.0,1290.0,1161.0
2021-05-31 01:00:00+01:00,1549.0,8184.0,0.0,0.0,0.0,131.0,5449.0,146.0,7.0,1154.0,1288.0
2021-05-31 01:30:00+01:00,1532.0,8429.0,0.0,0.0,0.0,131.0,5455.0,141.0,6.0,1222.0,1336.0
2021-05-31 02:00:00+01:00,1539.0,8376.0,0.0,0.0,0.0,131.0,5457.0,142.0,3.0,1283.0,1345.0
2021-05-31 02:30:00+01:00,1529.0,8521.0,0.0,0.0,0.0,131.0,5450.0,144.0,1.0,1315.0,1405.0
2021-05-31 03:00:00+01:00,1549.0,8421.0,0.0,0.0,0.0,131.0,5444.0,145.0,0.0,1160.0,1314.0
2021-05-31 03:30:00+01:00,1558.0,8406.0,0.0,0.0,0.0,131.0,5442.0,144.0,0.0,1147.0,1304.0
2021-05-31 04:00:00+01:00,1556.0,8709.0,0.0,0.0,0.0,130.0,5446.0,145.0,0.0,1140.0,1244.0
2021-05-31 04:30:00+01:00,1555.0,8336.0,0.0,0.0,0.0,130.0,5451.0,146.0,1.0,1079.0,1292.0
2021-05-31 05:00:00+01:00,1553.0,8130.0,0.0,0.0,0.0,145.0,5460.0,142.0,28.0,1094.0,1241.0
2021-05-31 05:30:00+01:00,1558.0,7618.0,0.0,0.0,0.0,148.0,5458.0,142.0,180.0,1095.0,1216.0
2021-05-31 06:00:00+01:00,1550.0,7913.0,0.0,0.0,0.0,214.0,5456.0,137.0,444.0,61.0,757.0
2021-05-31 06:30:00+01:00,1552.0,8620.0,0.0,0.0,0.0,228.0,5455.0,142.0,767.0,1122.0,1138.0
2021-05-31 07:00:00+01:00,1629.0,9130.0,0.0,0.0,0.0,243.0,5458.0,149.0,1210.0,1086.0,1138.0
2021-05-31 07:30:00+01:00,1888.0,9261.0,0.0,0.0,149.0,342.0,5452.0,305.0,1730.0,1055.0,1158.0
2021-05-31 08:00:00+01:00,1890.0,9450.0,0.0,0.0,408.0,401.0,5451.0,366.0,2350.0,1074.0,1196.0
2021-05-31 08:30:00+01:00,1878.0,9599.0,0.0,0.0,447.0,475.0,5452.0,366.0,2980.0,1142.0,1287.0
2021-05-31 09:00:00+01:00,1878.0,9762.0,0.0,0.0,465.0,485.0,5450.0,388.0,3830.0,1193.0,1438.0
2021-05-31 09:30:00+01:00,1879.0,9657.0,0.0,0.0,388.0,457.0,5445.0,393.0,4890.0,1178.0,1536.0
2021-05-31 10:00:00+01:00,1881.0,9500.0,0.0,0.0,217.0,448.0,5446.0,385.0,5960.0,1135.0,1723.0
2021-05-31 10:30:00+01:00,1880.0,9037.0,0.0,0.0,98.0,497.0,5450.0,304.0,6930.0,979.0,1757.0
2021-05-31 11:00:00+01:00,1839.0,8556.0,0.0,0.0,0.0,314.0,5454.0,305.0,7740.0,1007.0,2093.0
2021-05-31 11:30:00+01:00,1669.0,7793.0,0.0,0.0,0.0,286.0,5462.0,142.0,8510.0,1048.0,2265.0
2021-05-31 12:00:00+01:00,1656.0,7420.0,0.0,0.0,0.0,239.0,5453.0,142.0,8850.0,1067.0,2568.0
2021-05-31 12:30:00+01:00,1667.0,7012.0,0.0,0.0,0.0,218.0,5454.0,143.0,9040.0,1069.0,2634.0
2021-05-31 13:00:00+01:00,1719.0,6967.0,0.0,0.0,0.0,191.0,5456.0,144.0,9080.0,1016.0,2845.0
2021-05-31 13:30:00+01:00,1630.0,6952.0,0.0,0.0,0.0,186.0,5461.0,142.0,8840.0,1252.0,2967.0
2021-05-31 14:00:00+01:00,1660.0,6694.0,0.0,0.0,0.0,175.0,5453.0,146.0,8540.0,1437.0,3035.0
2021-05-31 14:30:00+01:00,1640.0,6712.0,0.0,0.0,0.0,147.0,5460.0,142.0,8070.0,1493.0,3051.0
2021-05-31 15:00:00+01:00,1683.0,6387.0,0.0,0.0,0.0,147.0,5447.0,142.0,7470.0,1551.0,3188.0
2021-05-31 15:30:00+01:00,1725.0,6784.0,0.0,0.0,0.0,147.0,5445.0,142.0,6800.0,1533.0,3197.0
2021-05-31 16:00:00+01:00,1703.0,6943.0,0.0,0.0,0.0,148.0,5446.0,155.0,6120.0,1629.0,3311.0
2021-05-31 16:30:00+01:00,1679.0,7614.0,0.0,0.0,0.0,193.0,5451.0,159.0,5360.0,1873.0,3367.0
2021-05-31 17:00:00+01:00,1865.0,8378.0,0.0,0.0,0.0,286.0,5456.0,161.0,4580.0,1939.0,3401.0
2021-05-31 17:30:00+01:00,1865.0,9146.0,0.0,0.0,0.0,308.0,5454.0,192.0,3740.0,2081.0,3428.0
2021-05-31 18:00:00+01:00,1873.0,9482.0,0.0,0.0,217.0,338.0,5455.0,191.0,2950.0,2270.0,3405.0
2021-05-31 18:30:00+01:00,1892.0,9370.0,0.0,0.0,396.0,339.0,5458.0,193.0,2160.0,2417.0,3356.0
2021-05-31 19:00:00+01:00,1897.0,9373.0,0.0,0.0,664.0,344.0,5460.0,226.0,1530.0,2506.0,3125.0
2021-05-31 19:30:00+01:00,1898.0,9984.0,0.0,0.0,599.0,343.0,5459.0,214.0,957.0,2510.0,2912.0
2021-05-31 20:00:00+01:00,1890.0,9896.0,0.0,0.0,599.0,324.0,5456.0,215.0,452.0,2598.0,2519.0
2021-05-31 20:30:00+01:00,1846.0,9727.0,0.0,0.0,599.0,320.0,5461.0,168.0,126.0,2646.0,2513.0
2021-05-31 21:00:00+01:00,1882.0,10313.0,0.0,0.0,37.0,262.0,5454.0,148.0,11.0,2675.0,2556.0
2021-05-31 21:30:00+01:00,1891.0,10074.0,0.0,0.0,88.0,262.0,5464.0,150.0,0.0,2602.0,2526.0
2021-05-31 22:00:00+01:00,1888.0,10248.0,0.0,0.0,117.0,195.0,5461.0,150.0,1.0,2525.0,2605.0
2021-05-31 22:30:00+01:00,1891.0,9290.0,0.0,0.0,0.0,219.0,5468.0,143.0,0.0,2543.0,2629.0
2021-05-31 23:00:00+01:00,1716.0,8535.0,0.0,0.0,0.0,190.0,5456.0,146.0,1.0,2575.0,2666.0
2021-05-31 23:30:00+01:00,1716.0,7188.0,0.0,0.0,0.0,171.0,5450.0,144.0,1.0,2546.0,2671.0
2021-06-01 00:00:00+01:00,1700.0,6854.0,0.0,0.0,42.0,109.0,5457.0,144.0,1.0,2596.0,2739.0
2021-06-01 00:30:00+01:00,1557.0,6456.0,0.0,0.0,0.0,109.0,5463.0,143.0,0.0,2644.0,2743.0
2021-06-01 01:00:00+01:00,1544.0,6377.0,0.0,0.0,0.0,88.0,5458.0,137.0,5.0,2727.0,2886.0
2021-06-01 01:30:00+01:00,1532.0,5983.0,0.0,0.0,0.0,88.0,5460.0,133.0,6.0,2742.0,2955.0
2021-06-01 02:00:00+01:00,1519.0,5945.0,0.0,0.0,0.0,89.0,5464.0,132.0,7.0,2538.0,2938.0
2021-06-01 02:30:00+01:00,1535.0,5982.0,0.0,0.0,0.0,89.0,5453.0,132.0,3.0,2408.0,2912.0
2021-06-01 03:00:00+01:00,1554.0,5484.0,0.0,0.0,0.0,89.0,5456.0,137.0,0.0,2274.0,2851.0
2021-06-01 03:30:00+01:00,1558.0,6091.0,0.0,0.0,0.0,89.0,5452.0,135.0,0.0,2158.0,2876.0
2021-06-01 04:00:00+01:00,1564.0,5668.0,0.0,0.0,0.0,89.0,5455.0,136.0,0.0,2141.0,2857.0
2021-06-01 04:30:00+01:00,1556.0,5848.0,0.0,0.0,0.0,89.0,5451.0,138.0,2.0,2184.0,2759.0
2021-06-01 05:00:00+01:00,1559.0,5564.0,0.0,0.0,0.0,89.0,5452.0,137.0,61.0,2026.0,2577.0
2021-06-01 05:30:00+01:00,1583.0,6138.0,0.0,0.0,0.0,89.0,5461.0,138.0,297.0,1793.0,2472.0
2021-06-01 06:00:00+01:00,1651.0,7868.0,0.0,0.0,0.0,144.0,5464.0,140.0,675.0,76.0,1117.0
2021-06-01 06:30:00+01:00,1794.0,9643.0,0.0,0.0,0.0,215.0,5462.0,141.0,1200.0,1643.0,2245.0
2021-06-01 07:00:00+01:00,1991.0,11323.0,0.0,0.0,0.0,256.0,5468.0,149.0,1810.0,1490.0,2117.0
2021-06-01 07:30:00+01:00,2492.0,12515.0,0.0,0.0,0.0,288.0,5472.0,143.0,2480.0,1417.0,2065.0
2021-06-01 08:00:00+01:00,2439.0,13248.0,0.0,0.0,261.0,334.0,5465.0,252.0,3210.0,1287.0,1973.0
2021-06-01 08:30:00+01:00,2466.0,13383.0,0.0,0.0,600.0,337.0,5473.0,230.0,4030.0,1207.0,1998.0
2021-06-01 09:00:00+01:00,2525.0,13507.0,0.0,0.0,0.0,337.0,5462.0,194.0,4930.0,1214.0,2054.0
2021-06-01 09:30:00+01:00,2473.0,13074.0,0.0,0.0,323.0,337.0,5458.0,209.0,5790.0,1106.0,2030.0
2021-06-01 10:00:00+01:00,2279.0,13012.0,0.0,0.0,236.0,282.0,5464.0,162.0,6530.0,1123.0,2018.0
2021-06-01 10:30:00+01:00,2345.0,13047.0,0.0,0.0,0.0,249.0,5459.0,142.0,7220.0,1097.0,1943.0
2021-06-01 11:00:00+01:00,2517.0,12373.0,0.0,0.0,0.0,180.0,5466.0,142.0,7820.0,1156.0,2021.0
2021-06-01 11:30:00+01:00,2516.0,12120.0,0.0,0.0,0.0,177.0,5496.0,142.0,8390.0,1151.0,1963.0
2021-06-01 12:00:00+01:00,2519.0,12063.0,0.0,0.0,0.0,166.0,5457.0,143.0,8590.0,1202.0,2087.0
2021-06-01 12:30:00+01:00,2531.0,11846.0,0.0,0.0,0.0,166.0,5466.0,141.0,8861.0,1252.0,2096.0
2021-06-01 13:00:00+01:00,2507.0,11483.0,0.0,0.0,0.0,148.0,5442.0,141.0,8735.0,1275.0,2214.0
2021-06-01 13:30:00+01:00,2223.0,11245.0,0.0,0.0,0.0,104.0,5455.0,141.0,8590.0,1341.0,2213.0
2021-06-01 14:00:00+01:00,2239.0,10681.0,0.0,0.0,0.0,104.0,5444.0,143.0,8310.0,1455.0,2190.0
2021-06-01 14:30:00+01:00,2240.0,10801.0,0.0,0.0,0.0,104.0,5448.0,142.0,7850.0,1511.0,2172.0
2021-06-01 15:00:00+01:00,2400.0,10658.0,0.0,0.0,0.0,104.0,5460.0,141.0,7280.0,1758.0,2272.0
2021-06-01 15:30:00+01:00,2519.0,10708.0,0.0,0.0,0.0,114.0,5457.0,141.0,6720.0,1842.0,2271.0
2021-06-01 16:00:00+01:00,2515.0,11169.0,0.0,0.0,0.0,114.0,5449.0,157.0,6100.0,1945.0,2305.0
2021-06-01 16:30:00+01:00,2522.0,12035.0,0.0,0.0,0.0,114.0,5457.0,169.0,5290.0,2096.0,2293.0
2021-06-01 17:00:00+01:00,2529.0,12716.0,0.0,0.0,0.0,261.0,5452.0,169.0,4570.0,2414.0,2204.0
2021-06-01 17:30:00+01:00,2520.0,12866.0,0.0,0.0,271.0,352.0,5450.0,173.0,3700.0,2868.0,2199.0
2021-06-01 18:00:00+01:00,2516.0,13101.0,0.0,0.0,775.0,375.0,5451.0,177.0,2880.0,3201.0,2131.0
2021-06-01 18:30:00+01:00,2526.0,12771.0,0.0,0.0,72.0,436.0,5455.0,203.0,2110.0,3480.0,2098.0
2021-06-01 19:00:00+01:00,2530.0,12642.0,0.0,0.0,568.0,377.0,5454.0,173.0,1480.0,3604.0,1881.0
2021-06-01 19:30:00+01:00,2511.0,13040.0,0.0,0.0,298.0,358.0,5451.0,158.0,936.0,3672.0,1795.0
2021-06-01 20:00:00+01:00,2526.0,13034.0,0.0,0.0,65.0,424.0,5467.0,221.0,446.0,3776.0,1714.0
2021-06-01 20:30:00+01:00,2528.0,12598.0,0.0,0.0,0.0,353.0,5462.0,142.0,125.0,3863.0,1725.0
2021-06-01 21:00:00+01:00,2492.0,11708.0,0.0,0.0,0.0,272.0,5468.0,141.0,10.0,4088.0,1737.0
2021-06-01 21:30:00+01:00,2422.0,10824.0,0.0,0.0,0.0,255.0,5469.0,144.0,2.0,4324.0,1804.0
2021-06-01 22:00:00+01:00,2430.0,10755.0,0.0,0.0,26.0,173.0,5462.0,145.0,1.0,4317.0,1902.0
2021-06-01 22:30:00+01:00,2229.0,9544.0,0.0,0.0,0.0,147.0,5468.0,143.0,0.0,4320.0,1865.0
2021-06-01 23:00:00+01:00,1585.0,8992.0,0.0,0.0,45.0,149.0,5459.0,145.0,1.0,4132.0,1932.0
2021-06-01 23:30:00+01:00,1431.0,7609.0,0.0,0.0,0.0,140.0,5503.0,143.0,2.0,4056.0,1945.0
2021-06-02 00:00:00+01:00,1453.0,6337.0,0.0,0.0,0.0,98.0,5503.0,145.0,1.0,4064.0,2026.0
2021-06-02 00:30:00+01:00,1434.0,5844.0,0.0,0.0,0.0,93.0,5502.0,142.0,0.0,4019.0,2044.0
2021-06-02 01:00:00+01:00,1445.0,6055.0,0.0,0.0,0.0,71.0,5516.0,141.0,6.0,3777.0,2067.0
2021-06-02 01:30:00+01:00,1468.0,5932.0,0.0,0.0,0.0,73.0,5523.0,144.0,9.0,3660.0,2013.0
2021-06-02 02:00:00+01:00,1462.0,5729.0,0.0,0.0,0.0,64.0,5531.0,142.0,6.0,3640.0,1987.0
2021-06-02 02:30:00+01:00,1521.0,5740.0,0.0,0.0,0.0,62.0,5536.0,142.0,1.0,3720.0,1970.0
2021-06-02 03:00:00+01:00,1547.0,5389.0,0.0,0.0,0.0,63.0,5534.0,145.0,0.0,3614.0,1854.0
2021-06-02 03:30:00+01:00,1535.0,5561.0,0.0,0.0,0.0,63.0,5540.0,141.0,0.0,3560.0,1924.0
2021-06-02 04:00:00+01:00,1607.0,5132.0,0.0,0.0,0.0,63.0,5539.0,142.0,1.0,3554.0,1939.0
2021-06-02 04:30:00+01:00,1638.0,5121.0,0.0,0.0,0.0,63.0,5537.0,141.0,2.0,3468.0,1952.0
2021-06-02 05:00:00+01:00,1628.0,5076.0,0.0,0.0,0.0,89.0,5535.0,142.0,56.0,3411.0,2022.0
2021-06-02 05:30:00+01:00,1587.0,5067.0,0.0,0.0,0.0,102.0,5541.0,143.0,290.0,3319.0,2093.0
2021-06-02 06:00:00+01:00,1571.0,6318.0,0.0,0.0,0.0,107.0,5539.0,141.0,660.0,3148.0,2105.0
2021-06-02 06:30:00+01:00,1549.0,7760.0,0.0,0.0,0.0,146.0,5538.0,141.0,1110.0,3091.0,2082.0
2021-06-02 07:00:00+01:00,1588.0,8996.0,0.0,0.0,0.0,181.0,5541.0,136.0,1670.0,3122.0,2068.0
2021-06-02 07:30:00+01:00,1748.0,10226.0,0.0,0.0,0.0,203.0,5550.0,148.0,2320.0,3097.0,2091.0
2021-06-02 08:00:00+01:00,1765.0,11145.0,0.0,0.0,381.0,284.0,5547.0,185.0,3060.0,3040.0,2085.0
2021-06-02 08:30:00+01:00,1737.0,11781.0,0.0,0.0,471.0,286.0,5550.0,358.0,3790.0,2803.0,2130.0
2021-06-02 09:00:00+01:00,1743.0,11801.0,0.0,0.0,689.0,285.0,5544.0,302.0,4490.0,2562.0,2322.0
2021-06-02 09:30:00+01:00,1730.0,11565.0,0.0,0.0,334.0,378.0,5548.0,234.0,5130.0,2530.0,2512.0
2021-06-02 10:00:00+01:00,1742.0,11618.0,0.0,0.0,34.0,295.0,5549.0,208.0,5780.0,2570.0,2866.0
2021-06-02 10:30:00+01:00,1740.0,11318.0,0.0,0.0,0.0,179.0,5554.0,199.0,6290.0,2573.0,3053.0
2021-06-02 11:00:00+01:00,1723.0,11006.0,0.0,0.0,0.0,109.0,5536.0,167.0,6670.0,2709.0,3252.0
2021-06-02 11:30:00+01:00,1706.0,10747.0,0.0,0.0,0.0,186.0,5543.0,228.0,6970.0,2550.0,3444.0
2021-06-02 12:00:00+01:00,1733.0,10836.0,0.0,0.0,0.0,206.0,5539.0,220.0,6900.0,2653.0,3849.0
2021-06-02 12:30:00+01:00,1657.0,10811.0,0.0,0.0,0.0,133.0,5538.0,114.0,6670.0,2758.0,3947.0
2021-06-02 13:00:00+01:00,1723.0,10622.0,0.0,0.0,0.0,82.0,5537.0,133.0,6470.0,2995.0,4059.0
2021-06-02 13:30:00+01:00,1733.0,10481.0,0.0,0.0,0.0,76.0,5537.0,145.0,6060.0,3066.0,4190.0
2021-06-02 14:00:00+01:00,1731.0,10283.0,0.0,0.0,0.0,76.0,5531.0,140.0,5550.0,2923.0,4349.0
2021-06-02 14:30:00+01:00,1730.0,10318.0,0.0,0.0,0.0,80.0,5535.0,141.0,5090.0,3030.0,4283.0
2021-06-02 15:00:00+01:00,1735.0,10241.0,0.0,0.0,0.0,82.0,5535.0,141.0,4730.0,3079.0,4216.0
2021-06-02 15:30:00+01:00,1734.0,10587.0,0.0,0.0,0.0,93.0,5531.0,148.0,4410.0,3006.0,4217.0
2021-06-02 16:00:00+01:00,1728.0,10839.0,0.0,0.0,0.0,192.0,5534.0,150.0,3840.0,3192.0,4078.0
2021-06-02 16:30:00+01:00,1733.0,11279.0,0.0,0.0,426.0,286.0,5535.0,171.0,3380.0,3285.0,3870.0
2021-06-02 17:00:00+01:00,1717.0,11033.0,0.0,0.0,1025.0,423.0,5530.0,265.0,2790.0,3512.0,3816.0
2021-06-02 17:30:00+01:00,1738.0,11561.0,0.0,0.0,1100.0,460.0,5535.0,296.0,2150.0,3790.0,3721.0
2021-06-02 18:00:00+01:00,1734.0,11716.0,0.0,0.0,1377.0,474.0,5532.0,378.0,1570.0,3738.0,3651.0
2021-06-02 18:30:00+01:00,1736.0,12414.0,0.0,0.0,872.0,501.0,5535.0,395.0,1140.0,3757.0,3508.0
2021-06-02 19:00:00+01:00,1725.0,12679.0,0.0,0.0,954.0,400.0,5538.0,405.0,772.0,3798.0,3398.0
2021-06-02 19:30:00+01:00,1737.0,12881.0,0.0,0.0,755.0,493.0,5536.0,292.0,408.0,3590.0,3383.0
2021-06-02 20:00:00+01:00,1714.0,12529.0,0.0,0.0,535.0,446.0,5545.0,358.0,169.0,3695.0,3270.0
2021-06-02 20:30:00+01:00,1737.0,12634.0,0.0,0.0,170.0,443.0,5538.0,363.0,40.0,3633.0,3206.0
2021-06-02 21:00:00+01:00,1746.0,12718.0,0.0,0.0,605.0,416.0,5545.0,360.0,3.0,3194.0,2991.0
2021-06-02 21:30:00+01:00,1676.0,12802.0,0.0,0.0,181.0,408.0,5551.0,350.0,0.0,3045.0,3010.0
2021-06-02 22:00:00+01:00,1676.0,12394.0,0.0,0.0,310.0,370.0,5554.0,268.0,1.0,2589.0,2929.0
2021-06-02 22:30:00+01:00,1677.0,11811.0,0.0,0.0,0.0,216.0,5548.0,130.0,0.0,2359.0,2976.0
2021-06-02 23:00:00+01:00,1679.0,10216.0,0.0,0.0,0.0,198.0,5548.0,139.0,1.0,2544.0,3061.0
2021-06-02 23:30:00+01:00,1679.0,8557.0,0.0,0.0,0.0,193.0,5545.0,141.0,0.0,2392.0,3101.0
2021-06-03 00:00:00+01:00,1673.0,7613.0,0.0,0.0,0.0,118.0,5546.0,144.0,0.0,2318.0,3133.0
2021-06-03 00:30:00+01:00,1599.0,6875.0,0.0,0.0,0.0,98.0,5548.0,141.0,0.0,2590.0,3125.0
2021-06-03 01:00:00+01:00,1671.0,6465.0,0.0,0.0,0.0,78.0,5543.0,141.0,2.0,2480.0,3101.0
2021-06-03 01:30:00+01:00,1670.0,6452.0,0.0,0.0,0.0,76.0,5553.0,140.0,1.0,2305.0,3142.0
2021-06-03 02:00:00+01:00,1647.0,6512.0,0.0,0.0,0.0,76.0,5547.0,162.0,0.0,2198.0,3080.0
2021-06-03 02:30:00+01:00,1577.0,6332.0,0.0,0.0,0.0,76.0,5544.0,142.0,0.0,2203.0,3097.0
2021-06-03 03:00:00+01:00,1586.0,6232.0,0.0,0.0,0.0,77.0,5546.0,141.0,0.0,2158.0,3042.0
2021-06-03 03:30:00+01:00,1562.0,6206.0,0.0,0.0,0.0,77.0,5548.0,141.0,0.0,2159.0,3036.0
2021-06-03 04:00:00+01:00,1540.0,6371.0,0.0,0.0,0.0,77.0,5544.0,142.0,0.0,2038.0,2934.0
2021-06-03 04:30:00+01:00,1538.0,6496.0,0.0,0.0,0.0,77.0,5543.0,141.0,1.0,1965.0,2837.0
2021-06-03 05:00:00+01:00,1743.0,6803.0,0.0,0.0,0.0,107.0,5550.0,141.0,16.0,1886.0,2818.0
2021-06-03 05:30:00+01:00,1610.0,7630.0,0.0,0.0,0.0,111.0,5544.0,141.0,93.0,1809.0,2704.0
2021-06-03 06:00:00+01:00,1552.0,8468.0,0.0,0.0,0.0,194.0,5542.0,142.0,301.0,1906.0,2756.0
2021-06-03 06:30:00+01:00,1762.0,10783.0,0.0,0.0,0.0,250.0,5545.0,141.0,585.0,1820.0,2776.0
2021-06-03 07:00:00+01:00,1772.0,11641.0,0.0,0.0,9.0,267.0,5540.0,143.0,936.0,1864.0,2736.0
2021-06-03 07:30:00+01:00,1808.0,12862.0,0.0,0.0,0.0,269.0,5543.0,143.0,1360.0,2011.0,2789.0
2021-06-03 08:00:00+01:00,2077.0,13268.0,0.0,0.0,88.0,290.0,5548.0,146.0,1770.0,1940.0,2750.0
2021-06-03 08:30:00+01:00,2221.0,13947.0,0.0,0.0,0.0,302.0,5551.0,144.0,2230.0,1802.0,2780.0
2021-06-03 09:00:00+01:00,2371.0,14157.0,0.0,0.0,45.0,299.0,5548.0,144.0,2710.0,1545.0,2750.0
2021-06-03 09:30:00+01:00,2380.0,14241.0,0.0,0.0,0.0,300.0,5550.0,146.0,3150.0,1290.0,2771.0
2021-06-03 10:00:00+01:00,2378.0,13794.0,0.0,0.0,0.0,205.0,5551.0,145.0,3780.0,1376.0,2827.0
2021-06-03 10:30:00+01:00,2377.0,13661.0,0.0,0.0,0.0,174.0,5552.0,142.0,4380.0,1308.0,2920.0
2021-06-03 11:00:00+01:00,2377.0,13506.0,0.0,0.0,0.0,158.0,5548.0,142.0,4800.0,1240.0,3046.0
2021-06-03 11:30:00+01:00,2365.0,13312.0,0.0,0.0,0.0,158.0,5553.0,142.0,5310.0,1109.0,3083.0
2021-06-03 12:00:00+01:00,2368.0,13396.0,0.0,0.0,0.0,158.0,5534.0,142.0,5690.0,1044.0,3152.0
2021-06-03 12:30:00+01:00,2377.0,13251.0,0.0,0.0,0.0,158.0,5531.0,141.0,5970.0,1009.0,3246.0
2021-06-03 13:00:00+01:00,2246.0,12507.0,0.0,0.0,0.0,138.0,5533.0,142.0,6040.0,1039.0,3341.0
2021-06-03 13:30:00+01:00,2123.0,11954.0,0.0,0.0,0.0,130.0,5529.0,142.0,6280.0,1056.0,3358.0
2021-06-03 14:00:00+01:00,2350.0,12161.0,0.0,0.0,23.0,130.0,5528.0,141.0,6090.0,1115.0,3241.0
2021-06-03 14:30:00+01:00,2359.0,11944.0,0.0,0.0,0.0,130.0,5530.0,142.0,5860.0,1183.0,3245.0
2021-06-03 15:00:00+01:00,2362.0,11648.0,0.0,0.0,0.0,130.0,5514.0,142.0,5400.0,1212.0,3299.0
2021-06-03 15:30:00+01:00,2359.0,11674.0,0.0,0.0,0.0,128.0,5535.0,142.0,4850.0,1251.0,3356.0
2021-06-03 16:00:00+01:00,2367.0,12060.0,0.0,0.0,88.0,173.0,5523.0,146.0,4380.0,1229.0,3226.0
2021-06-03 16:30:00+01:00,2369.0,12830.0,0.0,0.0,0.0,177.0,5541.0,146.0,3810.0,1251.0,3191.0
2021-06-03 17:00:00+01:00,2306.0,13207.0,0.0,0.0,323.0,402.0,5517.0,302.0,3060.0,1230.0,3397.0
2021-06-03 17:30:00+01:00,2364.0,13249.0,0.0,0.0,318.0,460.0,5522.0,338.0,2410.0,1122.0,3322.0
2021-06-03 18:00:00+01:00,2304.0,13429.0,0.0,0.0,237.0,320.0,5518.0,288.0,1920.0,1058.0,3273.0
2021-06-03 18:30:00+01:00,2305.0,13556.0,0.0,0.0,718.0,318.0,5522.0,166.0,1410.0,1118.0,3265.0
2021-06-03 19:00:00+01:00,2323.0,13643.0,0.0,0.0,759.0,309.0,5519.0,195.0,1010.0,1037.0,3231.0
2021-06-03 19:30:00+01:00,2342.0,13628.0,0.0,0.0,299.0,447.0,5521.0,193.0,655.0,1064.0,3169.0
2021-06-03 20:00:00+01:00,2343.0,13768.0,0.0,0.0,0.0,253.0,5521.0,169.0,332.0,1044.0,3036.0
2021-06-03 20:30:00+01:00,2252.0,13210.0,0.0,0.0,299.0,232.0,5526.0,142.0,115.0,1097.0,2981.0
2021-06-03 21:00:00+01:00,2252.0,13459.0,0.0,0.0,0.0,234.0,5536.0,141.0,14.0,1199.0,2872.0
2021-06-03 21:30:00+01:00,2319.0,13083.0,0.0,0.0,0.0,229.0,5536.0,140.0,0.0,1358.0,2802.0
2021-06-03 22:00:00+01:00,2318.0,12833.0,0.0,0.0,425.0,149.0,5544.0,141.0,0.0,1419.0,2583.0
2021-06-03 22:30:00+01:00,2347.0,12225.0,0.0,0.0,0.0,185.0,5540.0,140.0,0.0,1454.0,2617.0
2021-06-03 23:00:00+01:00,2180.0,10477.0,0.0,0.0,0.0,164.0,5544.0,141.0,0.0,1574.0,2655.0
2021-06-03 23:30:00+01:00,2300.0,8776.0,0.0,0.0,0.0,163.0,5544.0,141.0,0.0,1533.0,2610.0
2021-06-04 00:00:00+01:00,2332.0,8045.0,0.0,0.0,0.0,113.0,5549.0,141.0,0.0,1338.0,2464.0
2021-06-04 00:30:00+01:00,2382.0,7579.0,0.0,0.0,0.0,113.0,5547.0,141.0,0.0,1121.0,2378.0
2021-06-04 01:00:00+01:00,2379.0,7359.0,0.0,0.0,0.0,117.0,5545.0,141.0,1.0,1184.0,2270.0
2021-06-04 01:30:00+01:00,2364.0,7308.0,0.0,0.0,0.0,118.0,5551.0,142.0,0.0,1157.0,2342.0
2021-06-04 02:00:00+01:00,2361.0,7170.0,0.0,0.0,0.0,118.0,5545.0,141.0,0.0,1254.0,2359.0
2021-06-04 02:30:00+01:00,2372.0,7105.0,0.0,0.0,0.0,118.0,5536.0,142.0,0.0,1205.0,2300.0
2021-06-04 03:00:00+01:00,2292.0,6933.0,0.0,0.0,0.0,118.0,5535.0,138.0,0.0,1089.0,2189.0
2021-06-04 03:30:00+01:00,2285.0,6934.0,0.0,0.0,0.0,118.0,5533.0,99.0,0.0,1126.0,2115.0
2021-06-04 04:00:00+01:00,2344.0,6858.0,0.0,0.0,0.0,114.0,5534.0,100.0,0.0,1213.0,2083.0
2021-06-04 04:30:00+01:00,2317.0,6740.0,0.0,0.0,0.0,114.0,5533.0,100.0,1.0,1092.0,2031.0
2021-06-04 05:00:00+01:00,2325.0,7138.0,0.0,0.0,0.0,112.0,5537.0,99.0,53.0,1000.0,2033.0
2021-06-04 05:30:00+01:00,2375.0,7683.0,0.0,0.0,0.0,111.0,5535.0,100.0,224.0,971.0,2017.0
2021-06-04 06:00:00+01:00,2382.0,8937.0,0.0,0.0,0.0,215.0,5542.0,100.0,510.0,56.0,906.0
2021-06-04 06:30:00+01:00,2378.0,10514.0,0.0,0.0,0.0,226.0,5538.0,100.0,890.0,943.0,1912.0
2021-06-04 07:00:00+01:00,2382.0,11452.0,0.0,0.0,0.0,226.0,5534.0,101.0,1280.0,1016.0,1854.0
2021-06-04 07:30:00+01:00,2377.0,12554.0,0.0,0.0,127.0,242.0,5538.0,112.0,1750.0,1033.0,1871.0
2021-06-04 08:00:00+01:00,2379.0,12872.0,0.0,0.0,301.0,308.0,5539.0,130.0,2160.0,1028.0,1997.0
2021-06-04 08:30:00+01:00,2376.0,13357.0,0.0,0.0,598.0,308.0,5537.0,105.0,2600.0,992.0,2053.0
2021-06-04 09:00:00+01:00,2385.0,13544.0,0.0,0.0,299.0,307.0,5544.0,105.0,3180.0,1054.0,2208.0
2021-06-04 09:30:00+01:00,2326.0,13356.0,0.0,0.0,380.0,285.0,5541.0,106.0,3650.0,1136.0,2234.0
2021-06-04 10:00:00+01:00,2118.0,13833.0,0.0,0.0,63.0,193.0,5546.0,105.0,4120.0,1236.0,2253.0
2021-06-04 10:30:00+01:00,2138.0,13885.0,0.0,0.0,0.0,169.0,5542.0,103.0,4600.0,1124.0,2303.0
2021-06-04 11:00:00+01:00,2016.0,13962.0,0.0,0.0,0.0,130.0,5562.0,101.0,5090.0,982.0,2402.0
2021-06-04 11:30:00+01:00,2035.0,13990.0,0.0,0.0,0.0,131.0,5540.0,102.0,5450.0,890.0,2330.0
2021-06-04 12:00:00+01:00,2181.0,13885.0,0.0,0.0,0.0,131.0,5544.0,101.0,5780.0,912.0,2216.0
2021-06-04 12:30:00+01:00,2281.0,13607.0,0.0,0.0,0.0,132.0,5538.0,102.0,5810.0,1049.0,2167.0
2021-06-04 13:00:00+01:00,2417.0,13256.0,0.0,0.0,202.0,105.0,5532.0,101.0,5870.0,1105.0,2144.0
2021-06-04 13:30:00+01:00,2433.0,13185.0,0.0,0.0,128.0,106.0,5533.0,101.0,5820.0,1158.0,2160.0
2021-06-04 14:00:00+01:00,2466.0,12890.0,0.0,0.0,70.0,102.0,5531.0,101.0,5750.0,1038.0,2123.0
2021-06-04 14:30:00+01:00,2462.0,12785.0,0.0,0.0,0.0,106.0,5521.0,101.0,5510.0,853.0,2063.0
2021-06-04 15:00:00+01:00,2435.0,12693.0,0.0,0.0,0.0,104.0,5525.0,101.0,5260.0,824.0,2015.0
2021-06-04 15:30:00+01:00,2346.0,12559.0,0.0,0.0,0.0,104.0,5522.0,101.0,4910.0,837.0,2017.0
2021-06-04 16:00:00+01:00,2415.0,12799.0,0.0,0.0,0.0,146.0,5508.0,113.0,4560.0,879.0,1985.0
2021-06-04 16:30:00+01:00,2436.0,13095.0,0.0,0.0,0.0,151.0,5520.0,114.0,4040.0,1132.0,1838.0
2021-06-04 17:00:00+01:00,2475.0,13861.0,0.0,0.0,0.0,290.0,5512.0,115.0,3560.0,1272.0,1777.0
2021-06-04 17:30:00+01:00,2482.0,13910.0,0.0,0.0,296.0,323.0,5514.0,119.0,2930.0,1378.0,1784.0
2021-06-04 18:00:00+01:00,2486.0,14134.0,0.0,0.0,408.0,355.0,5514.0,116.0,2340.0,1575.0,1660.0
2021-06-04 18:30:00+01:00,2495.0,14019.0,0.0,0.0,900.0,363.0,5516.0,118.0,1800.0,1729.0,1604.0
2021-06-04 19:00:00+01:00,2452.0,14298.0,0.0,0.0,956.0,377.0,5519.0,112.0,1250.0,1707.0,1427.0
2021-06-04 19:30:00+01:00,2425.0,14155.0,0.0,0.0,843.0,362.0,5513.0,105.0,851.0,1703.0,1362.0
2021-06-04 20:00:00+01:00,2427.0,13936.0,0.0,0.0,1037.0,307.0,5510.0,104.0,459.0,1663.0,1086.0
2021-06-04 20:30:00+01:00,2419.0,14001.0,0.0,0.0,595.0,248.0,5510.0,104.0,165.0,1402.0,1036.0
2021-06-04 21:00:00+01:00,2411.0,13915.0,0.0,0.0,475.0,206.0,5514.0,104.0,19.0,1245.0,955.0
2021-06-04 21:30:00+01:00,2399.0,14079.0,0.0,0.0,131.0,185.0,5513.0,103.0,2.0,1248.0,902.0
2021-06-04 22:00:00+01:00,2389.0,13859.0,0.0,0.0,237.0,146.0,5515.0,101.0,0.0,1159.0,853.0
2021-06-04 22:30:00+01:00,2392.0,13910.0,0.0,0.0,14.0,145.0,5517.0,100.0,0.0,992.0,868.0
2021-06-04 23:00:00+01:00,2357.0,12932.0,0.0,0.0,64.0,130.0,5532.0,100.0,1.0,6072.0,1852.0
2021-06-04 23:30:00+01:00,2338.0,11598.0,0.0,0.0,0.0,113.0,5531.0,99.0,0.0,926.0,776.0
2021-06-05 00:00:00+01:00,2255.0,10591.0,0.0,0.0,0.0,74.0,5533.0,99.0,1.0,937.0,793.0
2021-06-05 00:30:00+01:00,2342.0,9671.0,0.0,0.0,0.0,74.0,5528.0,99.0,0.0,895.0,809.0
2021-06-05 01:00:00+01:00,2253.0,9387.0,0.0,0.0,0.0,74.0,5530.0,99.0,5.0,821.0,814.0
2021-06-05 01:30:00+01:00,2437.0,9148.0,0.0,0.0,0.0,74.0,5536.0,99.0,2.0,849.0,845.0
2021-06-05 02:00:00+01:00,2446.0,9085.0,0.0,0.0,0.0,74.0,5536.0,100.0,2.0,840.0,839.0
2021-06-05 02:30:00+01:00,2440.0,8714.0,0.0,0.0,0.0,74.0,5539.0,99.0,0.0,856.0,830.0
2021-06-05 03:00:00+01:00,2447.0,8512.0,0.0,0.0,0.0,74.0,5535.0,99.0,0.0,898.0,764.0
2021-06-05 03:30:00+01:00,2443.0,8650.0,0.0,0.0,0.0,74.0,5525.0,100.0,0.0,947.0,730.0
2021-06-05 04:00:00+01:00,2446.0,8463.0,0.0,0.0,0.0,70.0,5526.0,99.0,0.0,901.0,700.0
2021-06-05 04:30:00+01:00,2364.0,8426.0,0.0,0.0,0.0,68.0,5528.0,100.0,2.0,938.0,732.0
2021-06-05 05:00:00+01:00,2233.0,8362.0,0.0,0.0,0.0,68.0,5528.0,100.0,51.0,1187.0,704.0
2021-06-05 05:30:00+01:00,2286.0,8416.0,0.0,0.0,0.0,66.0,5529.0,104.0,251.0,1150.0,735.0
2021-06-05 06:00:00+01:00,2538.0,8447.0,0.0,0.0,0.0,119.0,5527.0,100.0,578.0,1222.0,821.0
2021-06-05 06:30:00+01:00,2759.0,8387.0,0.0,0.0,0.0,131.0,5534.0,99.0,1010.0,1199.0,860.0
2021-06-05 07:00:00+01:00,2728.0,8299.0,0.0,0.0,0.0,148.0,5528.0,100.0,1550.0,1247.0,854.0
2021-06-05 07:30:00+01:00,2819.0,9032.0,0.0,0.0,0.0,148.0,5533.0,101.0,2240.0,1151.0,836.0
2021-06-05 08:00:00+01:00,3039.0,9842.0,0.0,0.0,32.0,156.0,5527.0,105.0,2970.0,1041.0,867.0
2021-06-05 08:30:00+01:00,3035.0,10305.0,0.0,0.0,57.0,166.0,5525.0,113.0,3660.0,1012.0,888.0
2021-06-05 09:00:00+01:00,3092.0,10229.0,0.0,0.0,574.0,239.0,5520.0,132.0,4500.0,913.0,938.0
2021-06-05 09:30:00+01:00,3079.0,10023.0,0.0,0.0,385.0,244.0,5551.0,159.0,5280.0,823.0,972.0
2021-06-05 10:00:00+01:00,3091.0,9849.0,0.0,0.0,129.0,240.0,5536.0,160.0,6030.0,796.0,1122.0
2021-06-05 10:30:00+01:00,3085.0,9821.0,0.0,0.0,331.0,226.0,5530.0,159.0,6630.0,827.0,1229.0
2021-06-05 11:00:00+01:00,3079.0,9651.0,0.0,0.0,99.0,204.0,5533.0,108.0,7120.0,798.0,1383.0
2021-06-05 11:30:00+01:00,3079.0,9563.0,0.0,0.0,10.0,191.0,5525.0,101.0,7500.0,710.0,1414.0
2021-06-05 12:00:00+01:00,3077.0,9361.0,0.0,0.0,147.0,165.0,5531.0,101.0,7790.0,549.0,1536.0
2021-06-05 12:30:00+01:00,3077.0,9080.0,0.0,0.0,379.0,167.0,5529.0,101.0,7810.0,531.0,1499.0
2021-06-05 13:00:00+01:00,3075.0,9158.0,0.0,0.0,63.0,119.0,5529.0,101.0,7680.0,515.0,1594.0
2021-06-05 13:30:00+01:00,3056.0,8882.0,0.0,0.0,0.0,103.0,5534.0,100.0,7490.0,536.0,1620.0
2021-06-05 14:00:00+01:00,3056.0,8575.0,0.0,0.0,157.0,102.0,5532.0,99.0,7130.0,486.0,1689.0
2021-06-05 14:30:00+01:00,3054.0,8403.0,0.0,0.0,0.0,102.0,5527.0,100.0,6710.0,486.0,1676.0
2021-06-05 15:00:00+01:00,3055.0,8504.0,0.0,0.0,97.0,117.0,5522.0,99.0,6180.0,494.0,1753.0
2021-06-05 15:30:00+01:00,3051.0,8670.0,0.0,0.0,0.0,117.0,5515.0,101.0,5460.0,580.0,1748.0
2021-06-05 16:00:00+01:00,3030.0,9260.0,0.0,0.0,0.0,117.0,5514.0,107.0,4850.0,578.0,1746.0
2021-06-05 16:30:00+01:00,3007.0,10127.0,0.0,0.0,138.0,122.0,5507.0,115.0,4210.0,558.0,1725.0
2021-06-05 17:00:00+01:00,2945.0,10937.0,0.0,0.0,251.0,214.0,5508.0,160.0,3380.0,554.0,1712.0
2021-06-05 17:30:00+01:00,2798.0,11638.0,0.0,0.0,530.0,231.0,5514.0,162.0,2680.0,614.0,1746.0
2021-06-05 18:00:00+01:00,2795.0,12029.0,0.0,0.0,929.0,325.0,5506.0,166.0,2010.0,694.0,1611.0
2021-06-05 18:30:00+01:00,2802.0,12288.0,0.0,0.0,1094.0,359.0,5498.0,189.0,1410.0,788.0,1593.0
2021-06-05 19:00:00+01:00,2719.0,12187.0,0.0,0.0,1278.0,358.0,5506.0,172.0,964.0,779.0,1519.0
2021-06-05 19:30:00+01:00,2689.0,12278.0,0.0,0.0,852.0,354.0,5508.0,173.0,596.0,650.0,1440.0
2021-06-05 20:00:00+01:00,2672.0,12219.0,0.0,0.0,1051.0,315.0,5509.0,176.0,279.0,455.0,1247.0
2021-06-05 20:30:00+01:00,2776.0,12232.0,0.0,0.0,597.0,304.0,5507.0,166.0,69.0,476.0,1198.0
2021-06-05 21:00:00+01:00,2764.0,12203.0,0.0,0.0,526.0,253.0,5513.0,127.0,9.0,497.0,1025.0
2021-06-05 21:30:00+01:00,2767.0,12261.0,0.0,0.0,299.0,237.0,5508.0,120.0,2.0,609.0,1089.0
2021-06-05 22:00:00+01:00,2895.0,12340.0,0.0,0.0,71.0,172.0,5510.0,111.0,1.0,557.0,987.0
2021-06-05 22:30:00+01:00,2892.0,12168.0,0.0,0.0,0.0,164.0,5511.0,100.0,0.0,721.0,951.0
2021-06-05 23:00:00+01:00,2775.0,11258.0,0.0,0.0,0.0,164.0,5528.0,99.0,1.0,737.0,956.0
2021-06-05 23:30:00+01:00,2726.0,10223.0,0.0,0.0,0.0,155.0,5558.0,100.0,0.0,683.0,990.0
2021-06-06 00:00:00+01:00,2716.0,9427.0,0.0,0.0,72.0,132.0,5622.0,99.0,1.0,724.0,904.0
2021-06-06 00:30:00+01:00,2718.0,8678.0,0.0,0.0,0.0,129.0,5625.0,100.0,0.0,616.0,844.0
2021-06-06 01:00:00+01:00,2706.0,8373.0,0.0,0.0,0.0,95.0,5633.0,100.0,0.0,566.0,882.0
2021-06-06 01:30:00+01:00,2710.0,8143.0,0.0,0.0,0.0,87.0,5606.0,99.0,0.0,569.0,917.0
2021-06-06 02:00:00+01:00,2712.0,8267.0,0.0,0.0,0.0,78.0,5640.0,99.0,1.0,570.0,911.0
2021-06-06 02:30:00+01:00,2710.0,8007.0,0.0,0.0,0.0,67.0,5640.0,99.0,0.0,519.0,1010.0
2021-06-06 03:00:00+01:00,2713.0,8058.0,0.0,0.0,0.0,67.0,5648.0,99.0,0.0,552.0,966.0
2021-06-06 03:30:00+01:00,2715.0,7821.0,0.0,0.0,0.0,67.0,5635.0,99.0,0.0,545.0,948.0
2021-06-06 04:00:00+01:00,2650.0,7962.0,0.0,0.0,0.0,67.0,5636.0,100.0,0.0,520.0,933.0
2021-06-06 04:30:00+01:00,2540.0,7816.0,0.0,0.0,0.0,66.0,5642.0,99.0,1.0,439.0,907.0
2021-06-06 05:00:00+01:00,2428.0,7770.0,0.0,0.0,0.0,66.0,5637.0,100.0,40.0,436.0,924.0
2021-06-06 05:30:00+01:00,2451.0,7805.0,0.0,0.0,0.0,66.0,5637.0,100.0,187.0,404.0,926.0
2021-06-06 06:00:00+01:00,2688.0,7692.0,0.0,0.0,0.0,101.0,5634.0,100.0,406.0,33.0,477.0
2021-06-06 06:30:00+01:00,2716.0,7691.0,0.0,0.0,0.0,102.0,5630.0,99.0,700.0,259.0,996.0
2021-06-06 07:00:00+01:00,2622.0,7926.0,0.0,0.0,0.0,102.0,5634.0,101.0,991.0,241.0,922.0
2021-06-06 07:30:00+01:00,2611.0,8572.0,0.0,0.0,0.0,96.0,5628.0,101.0,1430.0,153.0,875.0
2021-06-06 08:00:00+01:00,2518.0,9507.0,0.0,0.0,0.0,174.0,5630.0,101.0,1940.0,142.0,852.0
2021-06-06 08:30:00+01:00,2476.0,10703.0,0.0,0.0,0.0,186.0,5630.0,101.0,2370.0,149.0,824.0
2021-06-06 09:00:00+01:00,2256.0,11342.0,0.0,0.0,149.0,206.0,5620.0,101.0,2790.0,118.0,769.0
2021-06-06 09:30:00+01:00,2271.0,12031.0,0.0,0.0,0.0,205.0,5624.0,101.0,3240.0,129.0,763.0
2021-06-06 10:00:00+01:00,2340.0,12331.0,0.0,0.0,162.0,238.0,5646.0,101.0,3620.0,151.0,724.0
2021-06-06 10:30:00+01:00,2298.0,12658.0,0.0,0.0,0.0,238.0,5688.0,101.0,3950.0,157.0,715.0
2021-06-06 11:00:00+01:00,2262.0,12402.0,0.0,0.0,107.0,199.0,5684.0,101.0,4280.0,153.0,691.0
2021-06-06 11:30:00+01:00,2106.0,12707.0,0.0,0.0,0.0,197.0,5688.0,101.0,4760.0,170.0,703.0
2021-06-06 12:00:00+01:00,2288.0,12574.0,0.0,0.0,120.0,197.0,5683.0,101.0,5030.0,22.0,421.0
2021-06-06 12:30:00+01:00,2298.0,12687.0,0.0,0.0,0.0,197.0,5683.0,101.0,5410.0,149.0,683.0
2021-06-06 13:00:00+01:00,2467.0,12235.0,0.0,0.0,0.0,136.0,5705.0,101.0,5610.0,204.0,670.0
2021-06-06 13:30:00+01:00,1900.0,12097.0,0.0,0.0,0.0,130.0,5760.0,101.0,5690.0,241.0,663.0
2021-06-06 14:00:00+01:00,1986.0,12083.0,0.0,0.0,0.0,112.0,5771.0,101.0,5660.0,282.0,674.0
2021-06-06 14:30:00+01:00,1952.0,11957.0,0.0,0.0,0.0,102.0,5768.0,100.0,5580.0,306.0,675.0
2021-06-06 15:00:00+01:00,1860.0,11873.0,0.0,0.0,0.0,102.0,5760.0,101.0,5280.0,338.0,715.0
2021-06-06 15:30:00+01:00,2084.0,11793.0,0.0,0.0,0.0,102.0,5799.0,101.0,5020.0,353.0,683.0
2021-06-06 16:00:00+01:00,2120.0,12329.0,0.0,0.0,39.0,119.0,5794.0,102.0,4610.0,364.0,645.0
2021-06-06 16:30:00+01:00,2294.0,12856.0,0.0,0.0,0.0,119.0,5791.0,102.0,4190.0,370.0,626.0
2021-06-06 17:00:00+01:00,2268.0,13522.0,0.0,0.0,0.0,156.0,5793.0,101.0,3690.0,387.0,635.0
2021-06-06 17:30:00+01:00,2206.0,13683.0,0.0,0.0,329.0,201.0,5784.0,164.0,3200.0,54.0,496.0
2021-06-06 18:00:00+01:00,2171.0,13765.0,0.0,0.0,991.0,362.0,5789.0,226.0,2590.0,159.0,603.0
2021-06-06 18:30:00+01:00,2213.0,14121.0,0.0,0.0,804.0,374.0,5787.0,216.0,2010.0,158.0,602.0
2021-06-06 19:00:00+01:00,2314.0,14129.0,0.0,0.0,689.0,375.0,5782.0,228.0,1430.0,143.0,575.0
2021-06-06 19:30:00+01:00,2313.0,14401.0,0.0,0.0,751.0,373.0,5780.0,242.0,875.0,108.0,560.0
2021-06-06 20:00:00+01:00,2309.0,14424.0,0.0,0.0,746.0,359.0,5791.0,237.0,442.0,116.0,502.0
2021-06-06 20:30:00+01:00,2309.0,14373.0,0.0,0.0,748.0,321.0,5787.0,232.0,156.0,124.0,488.0
2021-06-06 21:00:00+01:00,2314.0,14283.0,0.0,0.0,728.0,240.0,5777.0,208.0,20.0,133.0,404.0
2021-06-06 21:30:00+01:00,2317.0,14063.0,0.0,0.0,448.0,202.0,5783.0,208.0,1.0,161.0,402.0
2021-06-06 22:00:00+01:00,2313.0,14247.0,0.0,0.0,157.0,162.0,5786.0,197.0,1.0,184.0,374.0
2021-06-06 22:30:00+01:00,2315.0,13705.0,0.0,0.0,0.0,173.0,5781.0,125.0,0.0,204.0,373.0
2021-06-06 23:00:00+01:00,2310.0,12403.0,0.0,0.0,122.0,165.0,5787.0,111.0,1.0,31.0,269.0
2021-06-06 23:30:00+01:00,2314.0,10623.0,0.0,0.0,150.0,161.0,5781.0,115.0,1.0,179.0,367.0
2021-06-07 00:00:00+01:00,2321.0,9833.0,0.0,0.0,0.0,77.0,5800.0,99.0,0.0,153.0,356.0
2021-06-07 00:30:00+01:00,2312.0,9080.0,0.0,0.0,0.0,77.0,5839.0,99.0,0.0,174.0,361.0
2021-06-07 01:00:00+01:00,2069.0,8873.0,0.0,0.0,0.0,77.0,5874.0,99.0,0.0,194.0,378.0
2021-06-07 01:30:00+01:00,2233.0,8855.0,0.0,0.0,0.0,76.0,5872.0,99.0,0.0,203.0,373.0
2021-06-07 02:00:00+01:00,2288.0,8830.0,0.0,0.0,72.0,75.0,5883.0,99.0,0.0,222.0,371.0
2021-06-07 02:30:00+01:00,2319.0,8980.0,0.0,0.0,0.0,75.0,5875.0,99.0,0.0,235.0,371.0
2021-06-07 03:00:00+01:00,2226.0,8952.0,0.0,0.0,0.0,73.0,5883.0,99.0,0.0,292.0,354.0
2021-06-07 03:30:00+01:00,2255.0,8961.0,0.0,0.0,0.0,73.0,5888.0,99.0,1.0,367.0,391.0
2021-06-07 04:00:00+01:00,2062.0,9101.0,0.0,0.0,0.0,72.0,5886.0,99.0,0.0,424.0,417.0
2021-06-07 04:30:00+01:00,2061.0,9213.0,0.0,0.0,0.0,72.0,5884.0,99.0,2.0,438.0,433.0
2021-06-07 05:00:00+01:00,2004.0,9286.0,0.0,0.0,24.0,71.0,5886.0,99.0,47.0,394.0,474.0
2021-06-07 05:30:00+01:00,2148.0,9993.0,0.0,0.0,0.0,70.0,5888.0,99.0,231.0,401.0,503.0
2021-06-07 06:00:00+01:00,2080.0,11315.0,0.0,0.0,0.0,193.0,5882.0,99.0,529.0,28.0,335.0
2021-06-07 06:30:00+01:00,2092.0,12916.0,0.0,0.0,0.0,200.0,5885.0,99.0,888.0,373.0,559.0
2021-06-07 07:00:00+01:00,2117.0,13671.0,0.0,0.0,239.0,218.0,5878.0,108.0,1330.0,358.0,598.0
2021-06-07 07:30:00+01:00,2146.0,14218.0,0.0,0.0,428.0,219.0,5878.0,108.0,1830.0,393.0,582.0
2021-06-07 08:00:00+01:00,2166.0,15153.0,0.0,0.0,266.0,258.0,5878.0,108.0,2350.0,474.0,583.0
2021-06-07 08:30:00+01:00,2168.0,15676.0,0.0,0.0,238.0,259.0,5877.0,107.0,2870.0,472.0,545.0
2021-06-07 09:00:00+01:00,2170.0,15698.0,0.0,0.0,183.0,259.0,5872.0,108.0,3440.0,482.0,601.0
2021-06-07 09:30:00+01:00,2175.0,15636.0,0.0,0.0,0.0,253.0,5867.0,109.0,3900.0,473.0,598.0
2021-06-07 10:00:00+01:00,2175.0,15429.0,0.0,0.0,0.0,240.0,5856.0,112.0,4450.0,534.0,672.0
2021-06-07 10:30:00+01:00,2173.0,15173.0,0.0,0.0,0.0,202.0,5857.0,113.0,4910.0,558.0,702.0
2021-06-07 11:00:00+01:00,2170.0,14898.0,0.0,0.0,0.0,166.0,5863.0,109.0,5370.0,674.0,805.0
2021-06-07 11:30:00+01:00,2171.0,14559.0,0.0,0.0,0.0,147.0,5860.0,103.0,5890.0,701.0,844.0
2021-06-07 12:00:00+01:00,2149.0,14566.0,0.0,0.0,0.0,146.0,5885.0,127.0,6320.0,792.0,983.0
2021-06-07 12:30:00+01:00,2141.0,14253.0,0.0,0.0,0.0,146.0,5881.0,159.0,6530.0,846.0,1004.0
2021-06-07 13:00:00+01:00,2154.0,13674.0,0.0,0.0,0.0,119.0,5883.0,131.0,6650.0,789.0,1163.0
2021-06-07 13:30:00+01:00,2222.0,13989.0,0.0,0.0,26.0,104.0,5870.0,103.0,6440.0,789.0,1257.0
2021-06-07 14:00:00+01:00,2252.0,13494.0,0.0,0.0,0.0,104.0,5878.0,103.0,6390.0,938.0,1462.0
2021-06-07 14:30:00+01:00,2278.0,13200.0,0.0,0.0,0.0,105.0,5877.0,103.0,6220.0,73.0,797.0
2021-06-07 15:00:00+01:00,2286.0,12796.0,0.0,0.0,0.0,105.0,5885.0,103.0,5750.0,1304.0,1747.0
2021-06-07 15:30:00+01:00,2266.0,12797.0,0.0,0.0,0.0,110.0,5877.0,103.0,5260.0,1396.0,1892.0
2021-06-07 16:00:00+01:00,2271.0,13686.0,0.0,0.0,0.0,153.0,5876.0,109.0,4820.0,1458.0,1949.0
2021-06-07 16:30:00+01:00,2257.0,14529.0,0.0,0.0,0.0,183.0,5873.0,121.0,4360.0,1537.0,2014.0
2021-06-07 17:00:00+01:00,2259.0,14523.0,0.0,0.0,150.0,301.0,5878.0,129.0,3750.0,1564.0,2087.0
2021-06-07 17:30:00+01:00,2283.0,14824.0,0.0,0.0,230.0,304.0,5872.0,142.0,3180.0,1683.0,2108.0
2021-06-07 18:00:00+01:00,2267.0,14944.0,0.0,0.0,496.0,328.0,5877.0,178.0,2530.0,1848.0,2106.0
2021-06-07 18:30:00+01:00,2276.0,14901.0,0.0,0.0,665.0,327.0,5876.0,130.0,1910.0,2025.0,2142.0
2021-06-07 19:00:00+01:00,2291.0,14320.0,0.0,0.0,590.0,309.0,5873.0,110.0,1460.0,2186.0,2116.0
2021-06-07 19:30:00+01:00,2292.0,14621.0,0.0,0.0,299.0,309.0,5868.0,106.0,967.0,2035.0,2121.0
2021-06-07 20:00:00+01:00,2287.0,14687.0,0.0,0.0,765.0,261.0,5866.0,102.0,546.0,1859.0,1932.0
2021-06-07 20:30:00+01:00,2298.0,14608.0,0.0,0.0,482.0,222.0,5879.0,99.0,215.0,1754.0,1838.0
2021-06-07 21:00:00+01:00,2307.0,14372.0,0.0,0.0,186.0,196.0,5871.0,99.0,28.0,1863.0,1696.0
2021-06-07 21:30:00+01:00,2319.0,13580.0,0.0,0.0,0.0,183.0,5871.0,99.0,1.0,2026.0,1641.0
2021-06-07 22:00:00+01:00,2315.0,13079.0,0.0,0.0,227.0,150.0,5866.0,99.0,2.0,2004.0,1530.0
2021-06-07 22:30:00+01:00,2313.0,12091.0,0.0,0.0,0.0,184.0,5870.0,99.0,0.0,2195.0,1600.0
2021-06-07 23:00:00+01:00,2302.0,9447.0,0.0,0.0,62.0,183.0,5871.0,99.0,1.0,2267.0,1573.0
2021-06-07 23:30:00+01:00,2316.0,7212.0,0.0,0.0,0.0,171.0,5860.0,99.0,1.0,2260.0,1573.0
2021-06-08 00:00:00+01:00,2313.0,6653.0,0.0,0.0,150.0,85.0,5872.0,100.0,0.0,2156.0,1536.0
2021-06-08 00:30:00+01:00,2309.0,6428.0,0.0,0.0,0.0,85.0,5875.0,99.0,0.0,2044.0,1477.0
2021-06-08 01:00:00+01:00,2319.0,6467.0,0.0,0.0,0.0,84.0,5879.0,99.0,2.0,1899.0,1502.0
2021-06-08 01:30:00+01:00,2321.0,6743.0,0.0,0.0,0.0,84.0,5903.0,99.0,3.0,1721.0,1422.0
2021-06-08 02:00:00+01:00,2296.0,6515.0,0.0,0.0,0.0,84.0,5912.0,99.0,0.0,1740.0,1362.0
2021-06-08 02:30:00+01:00,2316.0,6612.0,0.0,0.0,0.0,84.0,5911.0,100.0,0.0,1718.0,1343.0
2021-06-08 03:00:00+01:00,2325.0,6825.0,0.0,0.0,0.0,84.0,5908.0,99.0,0.0,1664.0,1302.0
2021-06-08 03:30:00+01:00,2319.0,6922.0,0.0,0.0,0.0,84.0,5904.0,99.0,0.0,1455.0,1311.0
2021-06-08 04:00:00+01:00,2291.0,6728.0,0.0,0.0,0.0,84.0,5909.0,99.0,20.0,1301.0,1338.0
2021-06-08 04:30:00+01:00,2310.0,6569.0,0.0,0.0,0.0,84.0,5913.0,99.0,4.0,1231.0,1393.0
2021-06-08 05:00:00+01:00,2319.0,6436.0,0.0,0.0,51.0,84.0,5901.0,99.0,70.0,1040.0,1473.0
2021-06-08 05:30:00+01:00,2291.0,6962.0,0.0,0.0,0.0,84.0,5909.0,99.0,308.0,911.0,1516.0
2021-06-08 06:00:00+01:00,2321.0,8956.0,0.0,0.0,174.0,151.0,5905.0,99.0,692.0,720.0,1662.0
2021-06-08 06:30:00+01:00,2319.0,10944.0,0.0,0.0,118.0,179.0,5902.0,100.0,1170.0,522.0,1626.0
2021-06-08 07:00:00+01:00,2269.0,12040.0,0.0,0.0,52.0,234.0,5910.0,100.0,1740.0,397.0,1478.0
2021-06-08 07:30:00+01:00,2273.0,12595.0,0.0,0.0,237.0,308.0,5905.0,179.0,2340.0,326.0,1488.0
2021-06-08 08:00:00+01:00,2278.0,12637.0,0.0,0.0,406.0,362.0,5901.0,264.0,2950.0,277.0,1521.0
2021-06-08 08:30:00+01:00,2274.0,12283.0,0.0,0.0,492.0,352.0,5906.0,205.0,3850.0,226.0,1605.0
2021-06-08 09:00:00+01:00,2256.0,12058.0,0.0,0.0,605.0,261.0,5903.0,207.0,4600.0,103.0,1756.0
2021-06-08 09:30:00+01:00,2265.0,12110.0,0.0,0.0,711.0,232.0,5894.0,179.0,5250.0,153.0,1834.0
2021-06-08 10:00:00+01:00,2193.0,12081.0,0.0,0.0,395.0,212.0,5888.0,164.0,5980.0,135.0,1947.0
2021-06-08 10:30:00+01:00,2226.0,11795.0,0.0,0.0,0.0,209.0,5889.0,101.0,6630.0,169.0,2125.0
2021-06-08 11:00:00+01:00,2243.0,11621.0,0.0,0.0,73.0,164.0,5884.0,101.0,7180.0,111.0,2299.0
2021-06-08 11:30:00+01:00,2252.0,11262.0,0.0,0.0,0.0,128.0,5881.0,101.0,7810.0,57.0,1001.0
2021-06-08 12:00:00+01:00,2251.0,10981.0,0.0,0.0,0.0,128.0,5881.0,101.0,8160.0,34.0,2599.0
2021-06-08 12:30:00+01:00,2226.0,10858.0,0.0,0.0,0.0,129.0,5895.0,100.0,8310.0,159.0,2717.0
2021-06-08 13:00:00+01:00,2241.0,10464.0,0.0,0.0,0.0,119.0,5894.0,101.0,8460.0,217.0,2863.0
2021-06-08 13:30:00+01:00,2246.0,9868.0,0.0,0.0,0.0,103.0,5890.0,100.0,8410.0,209.0,2896.0
2021-06-08 14:00:00+01:00,2248.0,9869.0,0.0,0.0,0.0,103.0,5908.0,99.0,8310.0,299.0,3095.0
2021-06-08 14:30:00+01:00,2185.0,10104.0,0.0,0.0,0.0,103.0,5917.0,124.0,7980.0,338.0,3046.0
2021-06-08 15:00:00+01:00,2198.0,9978.0,0.0,0.0,0.0,88.0,5901.0,101.0,7460.0,403.0,3124.0
2021-06-08 15:30:00+01:00,2235.0,10308.0,0.0,0.0,0.0,89.0,5899.0,121.0,6870.0,317.0,3228.0
2021-06-08 16:00:00+01:00,2272.0,10605.0,0.0,0.0,0.0,115.0,5902.0,108.0,6150.0,226.0,3121.0
2021-06-08 16:30:00+01:00,2270.0,11744.0,0.0,0.0,0.0,180.0,5910.0,123.0,5390.0,194.0,3094.0
2021-06-08 17:00:00+01:00,2276.0,12068.0,0.0,0.0,369.0,300.0,5894.0,162.0,4620.0,234.0,3086.0
2021-06-08 17:30:00+01:00,2287.0,12754.0,0.0,0.0,254.0,397.0,5891.0,218.0,3790.0,377.0,2888.0
2021-06-08 18:00:00+01:00,2303.0,12851.0,0.0,0.0,954.0,311.0,5902.0,170.0,3060.0,253.0,2793.0
2021-06-08 18:30:00+01:00,2314.0,12804.0,0.0,0.0,1109.0,311.0,5930.0,185.0,2340.0,301.0,2788.0
2021-06-08 19:00:00+01:00,2301.0,12914.0,0.0,0.0,1163.0,323.0,5948.0,198.0,1610.0,443.0,2701.0
2021-06-08 19:30:00+01:00,2309.0,12899.0,0.0,0.0,1136.0,325.0,5939.0,222.0,1040.0,501.0,2646.0
2021-06-08 20:00:00+01:00,2311.0,12901.0,0.0,0.0,1034.0,289.0,5934.0,177.0,569.0,590.0,2438.0
2021-06-08 20:30:00+01:00,2298.0,12813.0,0.0,0.0,1011.0,282.0,5936.0,164.0,193.0,673.0,2476.0
2021-06-08 21:00:00+01:00,2306.0,12805.0,0.0,0.0,325.0,216.0,5929.0,154.0,24.0,661.0,2351.0
2021-06-08 21:30:00+01:00,2310.0,12689.0,0.0,0.0,0.0,176.0,5935.0,123.0,2.0,699.0,2346.0
2021-06-08 22:00:00+01:00,2316.0,12885.0,0.0,0.0,232.0,155.0,5944.0,115.0,1.0,720.0,2396.0
2021-06-08 22:30:00+01:00,2311.0,11844.0,0.0,0.0,0.0,153.0,5931.0,100.0,0.0,717.0,2491.0
2021-06-08 23:00:00+01:00,2308.0,10066.0,0.0,0.0,0.0,153.0,5937.0,105.0,1.0,732.0,2679.0
2021-06-08 23:30:00+01:00,2309.0,8167.0,0.0,0.0,0.0,147.0,5926.0,106.0,0.0,843.0,2764.0
2021-06-09 00:00:00+01:00,2289.0,7291.0,0.0,0.0,45.0,85.0,5926.0,99.0,1.0,923.0,2912.0
2021-06-09 00:30:00+01:00,2286.0,6663.0,0.0,0.0,0.0,71.0,5933.0,99.0,0.0,978.0,3041.0
2021-06-09 01:00:00+01:00,2276.0,6718.0,0.0,0.0,0.0,72.0,5934.0,101.0,3.0,869.0,3143.0
2021-06-09 01:30:00+01:00,2276.0,6597.0,0.0,0.0,0.0,72.0,5923.0,100.0,3.0,939.0,3128.0
2021-06-09 02:00:00+01:00,2267.0,7069.0,0.0,0.0,0.0,72.0,5936.0,99.0,2.0,875.0,3078.0
2021-06-09 02:30:00+01:00,2251.0,6729.0,0.0,0.0,0.0,71.0,5937.0,104.0,0.0,761.0,3232.0
2021-06-09 03:00:00+01:00,2181.0,6176.0,0.0,0.0,0.0,71.0,5948.0,105.0,2.0,781.0,3397.0
2021-06-09 03:30:00+01:00,2096.0,6150.0,0.0,0.0,0.0,70.0,5939.0,99.0,0.0,74.0,1247.0
2021-06-09 04:00:00+01:00,2242.0,6305.0,0.0,0.0,0.0,68.0,5943.0,99.0,1.0,759.0,3446.0
2021-06-09 04:30:00+01:00,2029.0,6011.0,0.0,0.0,0.0,67.0,5945.0,100.0,3.0,777.0,3588.0
2021-06-09 05:00:00+01:00,1900.0,5960.0,0.0,0.0,0.0,67.0,5942.0,99.0,60.0,712.0,3473.0
2021-06-09 05:30:00+01:00,1834.0,6451.0,0.0,0.0,0.0,94.0,5940.0,99.0,302.0,722.0,3579.0
2021-06-09 06:00:00+01:00,2135.0,7502.0,0.0,0.0,0.0,177.0,5947.0,99.0,664.0,70.0,1378.0
2021-06-09 06:30:00+01:00,2563.0,8849.0,0.0,0.0,0.0,179.0,5944.0,99.0,1110.0,668.0,3788.0
2021-06-09 07:00:00+01:00,2656.0,9465.0,0.0,0.0,0.0,225.0,5936.0,154.0,1660.0,628.0,3687.0
2021-06-09 07:30:00+01:00,2513.0,10537.0,0.0,0.0,86.0,230.0,5946.0,106.0,2290.0,633.0,3612.0
2021-06-09 08:00:00+01:00,2644.0,10484.0,0.0,0.0,447.0,276.0,5952.0,111.0,2980.0,546.0,3658.0
2021-06-09 08:30:00+01:00,2669.0,10545.0,0.0,0.0,299.0,265.0,5944.0,105.0,3650.0,708.0,3590.0
2021-06-09 09:00:00+01:00,2718.0,10512.0,0.0,0.0,299.0,256.0,5948.0,105.0,4370.0,658.0,3861.0
2021-06-09 09:30:00+01:00,2657.0,10203.0,0.0,0.0,149.0,210.0,5947.0,104.0,5080.0,647.0,4007.0
2021-06-09 10:00:00+01:00,2675.0,10243.0,0.0,0.0,43.0,182.0,5948.0,103.0,5760.0,668.0,4010.0
2021-06-09 10:30:00+01:00,2621.0,9956.0,0.0,0.0,0.0,178.0,5939.0,100.0,6170.0,626.0,4207.0
2021-06-09 11:00:00+01:00,2649.0,9092.0,0.0,0.0,0.0,112.0,5931.0,100.0,6590.0,776.0,4357.0
2021-06-09 11:30:00+01:00,2663.0,8712.0,0.0,0.0,0.0,123.0,5932.0,100.0,6950.0,975.0,4284.0
2021-06-09 12:00:00+01:00,2675.0,8783.0,0.0,0.0,0.0,123.0,5928.0,100.0,7240.0,959.0,4517.0
2021-06-09 12:30:00+01:00,2673.0,8716.0,0.0,0.0,0.0,110.0,5941.0,100.0,7190.0,968.0,4488.0
2021-06-09 13:00:00+01:00,2655.0,8494.0,0.0,0.0,0.0,87.0,5945.0,152.0,6920.0,1120.0,4659.0
2021-06-09 13:30:00+01:00,2639.0,8364.0,0.0,0.0,0.0,80.0,5889.0,153.0,6500.0,1152.0,4757.0
2021-06-09 14:00:00+01:00,2585.0,8349.0,0.0,0.0,0.0,80.0,5876.0,152.0,6100.0,122.0,2047.0
2021-06-09 14:30:00+01:00,2634.0,8299.0,0.0,0.0,62.0,82.0,5881.0,153.0,5560.0,1137.0,4985.0
2021-06-09 15:00:00+01:00,2628.0,8699.0,0.0,0.0,0.0,81.0,5883.0,146.0,5050.0,1013.0,5034.0
2021-06-09 15:30:00+01:00,2588.0,9329.0,0.0,0.0,0.0,81.0,5883.0,140.0,4670.0,969.0,4969.0
2021-06-09 16:00:00+01:00,2568.0,9541.0,0.0,0.0,270.0,140.0,5887.0,436.0,4050.0,967.0,4865.0
2021-06-09 16:30:00+01:00,2601.0,9834.0,0.0,0.0,120.0,199.0,5884.0,611.0,3350.0,1525.0,4958.0
2021-06-09 17:00:00+01:00,2614.0,9985.0,0.0,0.0,804.0,328.0,5880.0,606.0,2840.0,1515.0,4881.0
2021-06-09 17:30:00+01:00,2645.0,9952.0,0.0,0.0,1032.0,346.0,5886.0,629.0,2220.0,1765.0,4871.0
2021-06-09 18:00:00+01:00,2673.0,10419.0,0.0,0.0,1000.0,350.0,5878.0,607.0,1730.0,1780.0,4587.0
2021-06-09 18:30:00+01:00,2688.0,10662.0,0.0,0.0,1290.0,350.0,5856.0,579.0,1280.0,1780.0,4241.0
2021-06-09 19:00:00+01:00,2685.0,10824.0,0.0,0.0,1223.0,347.0,5817.0,550.0,941.0,1776.0,3894.0
2021-06-09 19:30:00+01:00,2681.0,10603.0,0.0,0.0,1225.0,350.0,5818.0,528.0,594.0,1791.0,3613.0
2021-06-09 20:00:00+01:00,2688.0,10730.0,0.0,0.0,888.0,353.0,5818.0,248.0,303.0,1970.0,3315.0
2021-06-09 20:30:00+01:00,2677.0,10603.0,0.0,0.0,547.0,334.0,5819.0,214.0,88.0,2179.0,3267.0
2021-06-09 21:00:00+01:00,2686.0,10711.0,0.0,0.0,500.0,255.0,5810.0,173.0,8.0,2213.0,3092.0
2021-06-09 21:30:00+01:00,2669.0,10807.0,0.0,0.0,185.0,160.0,5774.0,140.0,1.0,2026.0,3323.0
2021-06-09 22:00:00+01:00,2662.0,10693.0,0.0,0.0,611.0,139.0,5773.0,140.0,1.0,2081.0,3173.0
2021-06-09 22:30:00+01:00,2628.0,10476.0,0.0,0.0,0.0,132.0,5783.0,140.0,0.0,1997.0,3163.0
2021-06-09 23:00:00+01:00,2685.0,8764.0,0.0,0.0,268.0,132.0,5769.0,140.0,0.0,1982.0,3126.0
2021-06-09 23:30:00+01:00,2682.0,7346.0,0.0,0.0,284.0,132.0,5772.0,140.0,2.0,1797.0,3256.0
2021-06-10 00:00:00+01:00,2675.0,6416.0,0.0,0.0,80.0,65.0,5767.0,142.0,0.0,1763.0,3195.0
2021-06-10 00:30:00+01:00,2699.0,5949.0,0.0,0.0,0.0,49.0,5764.0,140.0,0.0,1377.0,3271.0
2021-06-10 01:00:00+01:00,2632.0,5546.0,0.0,0.0,0.0,48.0,5777.0,140.0,1.0,1548.0,3204.0
2021-06-10 01:30:00+01:00,2527.0,4935.0,0.0,0.0,0.0,47.0,5795.0,141.0,2.0,1776.0,3463.0
2021-06-10 02:00:00+01:00,2522.0,4799.0,0.0,0.0,0.0,46.0,5788.0,140.0,2.0,1609.0,3380.0
2021-06-10 02:30:00+01:00,2210.0,4984.0,0.0,0.0,0.0,36.0,5784.0,140.0,2.0,1626.0,3390.0
2021-06-10 03:00:00+01:00,2181.0,4846.0,0.0,0.0,0.0,36.0,5794.0,140.0,0.0,1922.0,3301.0
2021-06-10 03:30:00+01:00,2042.0,4875.0,0.0,0.0,0.0,35.0,5794.0,140.0,0.0,1845.0,3216.0
2021-06-10 04:00:00+01:00,2257.0,5056.0,0.0,0.0,0.0,35.0,5791.0,140.0,0.0,1775.0,3049.0
2021-06-10 04:30:00+01:00,2772.0,4823.0,0.0,0.0,0.0,35.0,5798.0,140.0,2.0,1771.0,3117.0
2021-06-10 05:00:00+01:00,2691.0,4934.0,0.0,0.0,0.0,35.0,5798.0,141.0,26.0,1918.0,3184.0
2021-06-10 05:30:00+01:00,2502.0,5109.0,0.0,0.0,0.0,35.0,5790.0,142.0,123.0,1946.0,3314.0
2021-06-10 06:00:00+01:00,2613.0,5944.0,0.0,0.0,0.0,166.0,5791.0,142.0,299.0,1811.0,3307.0
2021-06-10 06:30:00+01:00,2794.0,7697.0,0.0,0.0,0.0,177.0,5790.0,152.0,546.0,1275.0,3527.0
2021-06-10 07:00:00+01:00,2791.0,8848.0,0.0,0.0,83.0,192.0,5797.0,158.0,872.0,1175.0,3912.0
2021-06-10 07:30:00+01:00,2720.0,10104.0,0.0,0.0,0.0,209.0,5797.0,147.0,1270.0,1023.0,3974.0
2021-06-10 08:00:00+01:00,2733.0,10480.0,0.0,0.0,299.0,227.0,5796.0,154.0,1620.0,954.0,4177.0
2021-06-10 08:30:00+01:00,2646.0,10664.0,0.0,0.0,843.0,216.0,5805.0,179.0,1990.0,839.0,4172.0
2021-06-10 09:00:00+01:00,2654.0,10916.0,0.0,0.0,301.0,346.0,5795.0,248.0,2440.0,897.0,4529.0
2021-06-10 09:30:00+01:00,2609.0,10662.0,0.0,0.0,217.0,264.0,5802.0,302.0,2830.0,1215.0,4625.0
2021-06-10 10:00:00+01:00,2640.0,10631.0,0.0,0.0,269.0,139.0,5803.0,189.0,3110.0,1315.0,4773.0
2021-06-10 10:30:00+01:00,2692.0,10615.0,0.0,0.0,0.0,138.0,5795.0,145.0,3140.0,1311.0,4662.0
2021-06-10 11:00:00+01:00,2644.0,10415.0,0.0,0.0,813.0,105.0,5788.0,145.0,3260.0,110.0,2079.0
2021-06-10 11:30:00+01:00,2594.0,10365.0,0.0,0.0,0.0,103.0,5797.0,196.0,3800.0,1331.0,4928.0
2021-06-10 12:00:00+01:00,2562.0,10157.0,0.0,0.0,0.0,103.0,5792.0,190.0,4380.0,1384.0,5192.0
2021-06-10 12:30:00+01:00,2499.0,9634.0,0.0,0.0,185.0,103.0,5801.0,150.0,4310.0,1512.0,5129.0
2021-06-10 13:00:00+01:00,2603.0,9301.0,0.0,0.0,218.0,103.0,5811.0,152.0,4250.0,1772.0,5168.0
2021-06-10 13:30:00+01:00,2738.0,9261.0,0.0,0.0,0.0,124.0,5813.0,141.0,4120.0,1580.0,5299.0
2021-06-10 14:00:00+01:00,2722.0,9016.0,0.0,0.0,4.0,103.0,5796.0,141.0,3870.0,1720.0,5263.0
2021-06-10 14:30:00+01:00,2647.0,8799.0,0.0,0.0,0.0,115.0,5802.0,153.0,3980.0,1996.0,5184.0
2021-06-10 15:00:00+01:00,2565.0,8822.0,0.0,0.0,0.0,115.0,5803.0,141.0,3820.0,2317.0,5074.0
2021-06-10 15:30:00+01:00,2695.0,8972.0,0.0,0.0,0.0,115.0,5804.0,141.0,3610.0,2580.0,4843.0
2021-06-10 16:00:00+01:00,2815.0,9763.0,0.0,0.0,0.0,123.0,5794.0,152.0,3270.0,2448.0,4660.0
2021-06-10 16:30:00+01:00,2757.0,9936.0,0.0,0.0,0.0,135.0,5806.0,163.0,3130.0,2409.0,4817.0
2021-06-10 17:00:00+01:00,2753.0,9914.0,0.0,0.0,0.0,238.0,5803.0,164.0,2710.0,2395.0,4799.0
2021-06-10 17:30:00+01:00,2764.0,9782.0,0.0,0.0,150.0,240.0,5801.0,165.0,2230.0,2538.0,4912.0
2021-06-10 18:00:00+01:00,2773.0,9695.0,0.0,0.0,601.0,297.0,5807.0,158.0,1880.0,2574.0,4783.0
2021-06-10 18:30:00+01:00,2752.0,9818.0,0.0,0.0,600.0,295.0,5797.0,155.0,1490.0,2552.0,4574.0
2021-06-10 19:00:00+01:00,2777.0,10107.0,0.0,0.0,599.0,233.0,5800.0,169.0,1040.0,2576.0,4367.0
2021-06-10 19:30:00+01:00,2735.0,9724.0,0.0,0.0,595.0,234.0,5797.0,162.0,636.0,2746.0,4453.0
2021-06-10 20:00:00+01:00,2750.0,10142.0,0.0,0.0,363.0,157.0,5794.0,151.0,339.0,3002.0,4170.0
2021-06-10 20:30:00+01:00,2742.0,10098.0,0.0,0.0,0.0,111.0,5795.0,156.0,90.0,3008.0,4162.0
2021-06-10 21:00:00+01:00,2745.0,10285.0,0.0,0.0,45.0,112.0,5798.0,256.0,13.0,3077.0,3876.0
2021-06-10 21:30:00+01:00,2705.0,10197.0,0.0,0.0,293.0,110.0,5791.0,165.0,1.0,162.0,2110.0
2021-06-10 22:00:00+01:00,2719.0,10006.0,0.0,0.0,0.0,98.0,5799.0,140.0,1.0,2901.0,3937.0
2021-06-10 22:30:00+01:00,2613.0,8867.0,0.0,0.0,0.0,96.0,5805.0,141.0,0.0,156.0,2060.0
2021-06-10 23:00:00+01:00,1982.0,6769.0,0.0,0.0,0.0,96.0,5788.0,141.0,0.0,3357.0,3662.0
2021-06-10 23:30:00+01:00,1503.0,5454.0,0.0,0.0,0.0,94.0,5791.0,142.0,0.0,3845.0,3457.0
2021-06-11 00:00:00+01:00,1527.0,4537.0,0.0,0.0,0.0,67.0,5789.0,152.0,0.0,3973.0,3373.0
2021-06-11 00:30:00+01:00,1523.0,4382.0,0.0,0.0,0.0,46.0,5793.0,141.0,0.0,3917.0,3441.0
2021-06-11 01:00:00+01:00,1522.0,4846.0,0.0,0.0,0.0,47.0,5789.0,143.0,1.0,3860.0,3541.0
2021-06-11 01:30:00+01:00,1520.0,4762.0,0.0,0.0,0.0,43.0,5712.0,141.0,2.0,3835.0,3250.0
2021-06-11 02:00:00+01:00,1525.0,5042.0,0.0,0.0,0.0,43.0,5578.0,145.0,0.0,3979.0,3045.0
2021-06-11 02:30:00+01:00,1527.0,5328.0,0.0,0.0,0.0,43.0,5570.0,142.0,0.0,3807.0,2901.0
2021-06-11 03:00:00+01:00,1523.0,4669.0,0.0,0.0,0.0,43.0,5575.0,141.0,0.0,4004.0,3560.0
2021-06-11 03:30:00+01:00,1529.0,4949.0,0.0,0.0,0.0,43.0,5564.0,152.0,0.0,4063.0,3190.0
2021-06-11 04:00:00+01:00,1511.0,4509.0,0.0,0.0,0.0,43.0,5570.0,143.0,0.0,3874.0,3145.0
2021-06-11 04:30:00+01:00,1511.0,4437.0,0.0,0.0,0.0,43.0,5647.0,144.0,1.0,3975.0,3013.0
2021-06-11 05:00:00+01:00,1518.0,4534.0,0.0,0.0,0.0,42.0,5776.0,141.0,21.0,4106.0,2975.0
2021-06-11 05:30:00+01:00,1509.0,4663.0,0.0,0.0,0.0,42.0,5800.0,142.0,113.0,4009.0,2951.0
2021-06-11 06:00:00+01:00,1820.0,4975.0,0.0,0.0,0.0,94.0,5795.0,141.0,275.0,3879.0,2889.0
2021-06-11 06:30:00+01:00,2062.0,5847.0,0.0,0.0,0.0,124.0,5785.0,142.0,492.0,3922.0,3238.0
2021-06-11 07:00:00+01:00,2367.0,6548.0,0.0,0.0,27.0,183.0,5792.0,141.0,784.0,3782.0,3745.0
2021-06-11 07:30:00+01:00,2500.0,7421.0,0.0,0.0,0.0,191.0,5783.0,143.0,1060.0,3775.0,4299.0
2021-06-11 08:00:00+01:00,2655.0,7704.0,0.0,0.0,304.0,191.0,5788.0,150.0,1430.0,127.0,2504.0
2021-06-11 08:30:00+01:00,2714.0,7511.0,0.0,0.0,0.0,137.0,5795.0,149.0,1880.0,4133.0,4785.0
2021-06-11 09:00:00+01:00,2652.0,7111.0,0.0,0.0,88.0,137.0,5798.0,150.0,2410.0,4257.0,5402.0
2021-06-11 09:30:00+01:00,2714.0,7086.0,0.0,0.0,0.0,121.0,5791.0,150.0,2890.0,4171.0,5271.0
2021-06-11 10:00:00+01:00,2727.0,6870.0,0.0,0.0,0.0,121.0,5802.0,149.0,3280.0,4156.0,5413.0
2021-06-11 10:30:00+01:00,2627.0,6643.0,0.0,0.0,0.0,140.0,5806.0,148.0,3590.0,4060.0,5477.0
2021-06-11 11:00:00+01:00,2715.0,6562.0,0.0,0.0,0.0,109.0,5795.0,145.0,3970.0,4185.0,5662.0
2021-06-11 11:30:00+01:00,2630.0,6385.0,0.0,0.0,0.0,108.0,5628.0,145.0,4440.0,4037.0,5963.0
2021-06-11 12:00:00+01:00,2563.0,6529.0,0.0,0.0,90.0,121.0,5563.0,146.0,4850.0,3819.0,5698.0
2021-06-11 12:30:00+01:00,2586.0,6447.0,0.0,0.0,0.0,126.0,5589.0,146.0,5340.0,3599.0,6021.0
2021-06-11 13:00:00+01:00,2539.0,6178.0,0.0,0.0,0.0,120.0,5584.0,143.0,5370.0,3665.0,6044.0
2021-06-11 13:30:00+01:00,2483.0,6318.0,0.0,0.0,0.0,107.0,5584.0,155.0,5290.0,3636.0,5942.0
2021-06-11 14:00:00+01:00,2500.0,6192.0,0.0,0.0,0.0,107.0,5573.0,157.0,5070.0,3396.0,6196.0
2021-06-11 14:30:00+01:00,2526.0,6324.0,0.0,0.0,0.0,94.0,5570.0,140.0,5090.0,3023.0,6244.0
2021-06-11 15:00:00+01:00,2704.0,6350.0,0.0,0.0,0.0,107.0,5576.0,140.0,4530.0,2877.0,5968.0
2021-06-11 15:30:00+01:00,2783.0,6832.0,0.0,0.0,0.0,107.0,5663.0,112.0,3950.0,2832.0,5890.0
2021-06-11 16:00:00+01:00,2806.0,7718.0,0.0,0.0,81.0,148.0,5700.0,163.0,3390.0,2727.0,5525.0
2021-06-11 16:30:00+01:00,2800.0,7887.0,0.0,0.0,536.0,310.0,5698.0,247.0,3000.0,2601.0,5460.0
2021-06-11 17:00:00+01:00,2789.0,8619.0,0.0,0.0,441.0,364.0,5708.0,287.0,2550.0,2636.0,5219.0
2021-06-11 17:30:00+01:00,2789.0,8841.0,0.0,0.0,746.0,398.0,5711.0,336.0,2170.0,2653.0,5236.0
2021-06-11 18:00:00+01:00,2791.0,8759.0,0.0,0.0,1030.0,373.0,5699.0,335.0,1730.0,2804.0,4898.0
2021-06-11 18:30:00+01:00,2723.0,8898.0,0.0,0.0,1066.0,298.0,5697.0,283.0,1420.0,2806.0,4861.0
2021-06-11 19:00:00+01:00,2548.0,8843.0,0.0,0.0,1258.0,277.0,5700.0,251.0,1080.0,2963.0,4670.0
2021-06-11 19:30:00+01:00,2672.0,9247.0,0.0,0.0,718.0,273.0,5695.0,232.0,664.0,2865.0,4506.0
2021-06-11 20:00:00+01:00,2750.0,9362.0,0.0,0.0,600.0,244.0,5700.0,204.0,308.0,2690.0,4010.0
2021-06-11 20:30:00+01:00,2614.0,9520.0,0.0,0.0,730.0,224.0,5694.0,146.0,118.0,2787.0,3963.0
2021-06-11 21:00:00+01:00,2777.0,9993.0,0.0,0.0,697.0,208.0,5561.0,144.0,18.0,2444.0,3433.0
2021-06-11 21:30:00+01:00,2421.0,10140.0,0.0,0.0,621.0,213.0,5545.0,147.0,2.0,2070.0,3384.0
2021-06-11 22:00:00+01:00,2390.0,9851.0,0.0,0.0,387.0,270.0,5540.0,214.0,0.0,2005.0,3102.0
2021-06-11 22:30:00+01:00,2357.0,9153.0,0.0,0.0,542.0,125.0,5545.0,264.0,0.0,2097.0,3113.0
2021-06-11 23:00:00+01:00,2365.0,9212.0,0.0,0.0,182.0,265.0,5552.0,249.0,0.0,1957.0,3101.0
2021-06-11 23:30:00+01:00,2352.0,8213.0,0.0,0.0,0.0,264.0,5548.0,150.0,1.0,86.0,1189.0
2021-06-12 00:00:00+01:00,2292.0,7141.0,0.0,0.0,0.0,70.0,5669.0,149.0,1.0,2179.0,3150.0
2021-06-12 00:30:00+01:00,2198.0,5942.0,0.0,0.0,0.0,51.0,5850.0,162.0,0.0,2247.0,3154.0
2021-06-12 01:00:00+01:00,2189.0,5256.0,0.0,0.0,0.0,51.0,5853.0,158.0,0.0,2509.0,3200.0
2021-06-12 01:30:00+01:00,2225.0,5293.0,0.0,0.0,0.0,51.0,5860.0,140.0,0.0,2497.0,3147.0
2021-06-12 02:00:00+01:00,2085.0,4911.0,0.0,0.0,0.0,51.0,5854.0,140.0,0.0,2555.0,3073.0
2021-06-12 02:30:00+01:00,2147.0,5000.0,0.0,0.0,0.0,51.0,5790.0,140.0,3.0,2375.0,3114.0
2021-06-12 03:00:00+01:00,2094.0,5306.0,0.0,0.0,0.0,51.0,5785.0,136.0,3.0,2161.0,2932.0
2021-06-12 03:30:00+01:00,2142.0,5526.0,0.0,0.0,0.0,51.0,5792.0,100.0,0.0,1992.0,2971.0
2021-06-12 04:00:00+01:00,2121.0,5151.0,0.0,0.0,0.0,50.0,5798.0,99.0,0.0,2175.0,2915.0
2021-06-12 04:30:00+01:00,2200.0,4608.0,0.0,0.0,0.0,50.0,5783.0,101.0,2.0,2116.0,2871.0
2021-06-12 05:00:00+01:00,2140.0,4414.0,0.0,0.0,0.0,50.0,5788.0,99.0,48.0,2164.0,2988.0
2021-06-12 05:30:00+01:00,2165.0,4490.0,0.0,0.0,0.0,50.0,5788.0,100.0,231.0,2056.0,3200.0
2021-06-12 06:00:00+01:00,2122.0,4695.0,0.0,0.0,0.0,71.0,5787.0,100.0,548.0,74.0,1080.0
2021-06-12 06:30:00+01:00,2234.0,4966.0,0.0,0.0,0.0,97.0,5785.0,100.0,964.0,2158.0,3098.0
2021-06-12 07:00:00+01:00,2230.0,5585.0,0.0,0.0,0.0,111.0,5788.0,101.0,1480.0,2115.0,3209.0
2021-06-12 07:30:00+01:00,2338.0,6226.0,0.0,0.0,0.0,114.0,5789.0,102.0,2040.0,2219.0,3373.0
2021-06-12 08:00:00+01:00,2343.0,6197.0,0.0,0.0,0.0,151.0,5787.0,108.0,2680.0,2141.0,3815.0
2021-06-12 08:30:00+01:00,2311.0,6207.0,0.0,0.0,0.0,212.0,5794.0,120.0,3390.0,2359.0,4120.0
2021-06-12 09:00:00+01:00,2222.0,6125.0,0.0,0.0,0.0,215.0,5682.0,102.0,4140.0,2619.0,4360.0
2021-06-12 09:30:00+01:00,2290.0,6307.0,0.0,0.0,0.0,199.0,5556.0,105.0,4640.0,2525.0,4420.0
2021-06-12 10:00:00+01:00,2262.0,6433.0,0.0,0.0,0.0,199.0,5551.0,114.0,5190.0,2482.0,4464.0
2021-06-12 10:30:00+01:00,2305.0,6753.0,0.0,0.0,0.0,199.0,5549.0,156.0,5760.0,2296.0,4408.0
2021-06-12 11:00:00+01:00,2329.0,6411.0,0.0,0.0,0.0,174.0,5558.0,153.0,6290.0,2351.0,4558.0
2021-06-12 11:30:00+01:00,2294.0,6130.0,0.0,0.0,137.0,164.0,5621.0,103.0,6860.0,2081.0,4575.0
2021-06-12 12:00:00+01:00,2282.0,5702.0,0.0,0.0,150.0,152.0,5698.0,101.0,7410.0,2065.0,4635.0
2021-06-12 12:30:00+01:00,2277.0,5500.0,0.0,0.0,150.0,148.0,5695.0,101.0,7760.0,2072.0,4668.0
2021-06-12 13:00:00+01:00,2188.0,5124.0,0.0,0.0,0.0,132.0,5692.0,99.0,8100.0,1973.0,4813.0
2021-06-12 13:30:00+01:00,2082.0,5185.0,0.0,0.0,0.0,132.0,5577.0,99.0,8190.0,1874.0,4703.0
2021-06-12 14:00:00+01:00,2145.0,5067.0,0.0,0.0,0.0,132.0,5554.0,154.0,8190.0,1779.0,4584.0
2021-06-12 14:30:00+01:00,1965.0,5160.0,0.0,0.0,0.0,139.0,5553.0,153.0,8000.0,1498.0,4453.0
2021-06-12 15:00:00+01:00,2185.0,5124.0,0.0,0.0,0.0,153.0,5556.0,105.0,7560.0,1287.0,4368.0
2021-06-12 15:30:00+01:00,2233.0,5241.0,0.0,0.0,0.0,165.0,5559.0,101.0,7020.0,71.0,1665.0
2021-06-12 16:00:00+01:00,2170.0,5524.0,0.0,0.0,0.0,164.0,5557.0,101.0,6440.0,1029.0,4099.0
2021-06-12 16:30:00+01:00,2297.0,6576.0,0.0,0.0,0.0,165.0,5548.0,104.0,5630.0,822.0,3904.0
2021-06-12 17:00:00+01:00,2418.0,8252.0,0.0,0.0,217.0,295.0,5557.0,104.0,4800.0,742.0,3768.0
2021-06-12 17:30:00+01:00,2368.0,9720.0,0.0,0.0,0.0,245.0,5561.0,327.0,3960.0,815.0,3548.0
2021-06-12 18:00:00+01:00,2389.0,10181.0,0.0,0.0,279.0,295.0,5563.0,380.0,3180.0,765.0,3330.0
2021-06-12 18:30:00+01:00,2387.0,10435.0,0.0,0.0,840.0,303.0,5578.0,401.0,2450.0,811.0,3089.0
2021-06-12 19:00:00+01:00,2390.0,10484.0,0.0,0.0,1149.0,411.0,5697.0,431.0,1740.0,802.0,2703.0
2021-06-12 19:30:00+01:00,2397.0,10644.0,0.0,0.0,1359.0,445.0,5695.0,416.0,1130.0,767.0,2497.0
2021-06-12 20:00:00+01:00,2396.0,11009.0,0.0,0.0,1404.0,419.0,5697.0,474.0,613.0,625.0,2126.0
2021-06-12 20:30:00+01:00,2400.0,11164.0,0.0,0.0,1048.0,404.0,5695.0,540.0,218.0,523.0,2007.0
2021-06-12 21:00:00+01:00,2402.0,11062.0,0.0,0.0,811.0,379.0,5694.0,411.0,23.0,516.0,1800.0
2021-06-12 21:30:00+01:00,2404.0,11138.0,0.0,0.0,595.0,351.0,5733.0,338.0,2.0,646.0,1739.0
2021-06-12 22:00:00+01:00,2406.0,11167.0,0.0,0.0,678.0,347.0,5686.0,248.0,2.0,657.0,1756.0
2021-06-12 22:30:00+01:00,2401.0,10845.0,0.0,0.0,150.0,353.0,5692.0,191.0,0.0,744.0,2009.0
2021-06-12 23:00:00+01:00,2340.0,9943.0,0.0,0.0,0.0,210.0,5688.0,123.0,0.0,776.0,2047.0
2021-06-12 23:30:00+01:00,2223.0,8559.0,0.0,0.0,0.0,213.0,5694.0,105.0,3.0,872.0,2113.0
2021-06-13 00:00:00+01:00,2220.0,8068.0,0.0,0.0,0.0,124.0,5693.0,102.0,1.0,973.0,2132.0
2021-06-13 00:30:00+01:00,2205.0,7413.0,0.0,0.0,0.0,114.0,5685.0,100.0,0.0,961.0,2244.0
2021-06-13 01:00:00+01:00,2251.0,7343.0,0.0,0.0,0.0,91.0,5684.0,99.0,5.0,1042.0,2308.0
2021-06-13 01:30:00+01:00,2281.0,6774.0,0.0,0.0,0.0,91.0,5686.0,99.0,1.0,1020.0,2370.0
2021-06-13 02:00:00+01:00,2223.0,6515.0,0.0,0.0,0.0,72.0,5785.0,100.0,0.0,42.0,833.0
2021-06-13 02:30:00+01:00,2324.0,5839.0,0.0,0.0,0.0,71.0,5783.0,99.0,0.0,1040.0,2384.0
2021-06-13 03:00:00+01:00,2322.0,5489.0,0.0,0.0,0.0,71.0,5783.0,99.0,0.0,1081.0,2444.0
2021-06-13 03:30:00+01:00,2335.0,5236.0,0.0,0.0,0.0,70.0,5780.0,99.0,0.0,1163.0,2547.0
2021-06-13 04:00:00+01:00,2322.0,5445.0,0.0,0.0,0.0,70.0,5785.0,99.0,0.0,1225.0,2658.0
2021-06-13 04:30:00+01:00,2244.0,5248.0,0.0,0.0,0.0,69.0,5787.0,99.0,3.0,1204.0,2532.0
2021-06-13 05:00:00+01:00,2310.0,5443.0,0.0,0.0,0.0,69.0,5792.0,99.0,58.0,1104.0,2486.0
2021-06-13 05:30:00+01:00,2276.0,5405.0,0.0,0.0,0.0,69.0,5784.0,99.0,279.0,1076.0,2445.0
2021-06-13 06:00:00+01:00,2275.0,5568.0,0.0,0.0,0.0,108.0,5792.0,99.0,617.0,47.0,854.0
2021-06-13 06:30:00+01:00,2291.0,5702.0,0.0,0.0,0.0,115.0,5790.0,99.0,1070.0,977.0,2492.0
2021-06-13 07:00:00+01:00,2281.0,5696.0,0.0,0.0,0.0,132.0,5795.0,236.0,1640.0,998.0,2545.0
2021-06-13 07:30:00+01:00,2379.0,5715.0,0.0,0.0,0.0,130.0,5792.0,225.0,2270.0,50.0,859.0
2021-06-13 08:00:00+01:00,2249.0,6280.0,0.0,0.0,0.0,157.0,5792.0,156.0,2910.0,973.0,2702.0
2021-06-13 08:30:00+01:00,2227.0,6639.0,0.0,0.0,0.0,179.0,5792.0,153.0,3630.0,930.0,2878.0
2021-06-13 09:00:00+01:00,2169.0,6741.0,0.0,0.0,0.0,192.0,5790.0,153.0,4330.0,919.0,3367.0
2021-06-13 09:30:00+01:00,2265.0,6750.0,0.0,0.0,0.0,184.0,5797.0,151.0,5070.0,889.0,3530.0
2021-06-13 10:00:00+01:00,2208.0,6716.0,0.0,0.0,0.0,184.0,5801.0,153.0,5830.0,857.0,3705.0
2021-06-13 10:30:00+01:00,2222.0,6140.0,0.0,0.0,0.0,184.0,5798.0,153.0,6430.0,882.0,4048.0
2021-06-13 11:00:00+01:00,2270.0,5829.0,0.0,0.0,0.0,135.0,5797.0,153.0,7000.0,989.0,4442.0
2021-06-13 11:30:00+01:00,2243.0,5955.0,0.0,0.0,0.0,132.0,5790.0,151.0,7460.0,972.0,4652.0
2021-06-13 12:00:00+01:00,2240.0,5720.0,0.0,0.0,0.0,128.0,5793.0,153.0,7750.0,950.0,5050.0
2021-06-13 12:30:00+01:00,2273.0,5656.0,0.0,0.0,0.0,114.0,5791.0,152.0,7850.0,945.0,5146.0
2021-06-13 13:00:00+01:00,2314.0,5162.0,0.0,0.0,0.0,103.0,5785.0,189.0,7750.0,1007.0,5265.0
2021-06-13 13:30:00+01:00,2321.0,4760.0,0.0,0.0,75.0,98.0,5777.0,188.0,7510.0,1079.0,5316.0
2021-06-13 14:00:00+01:00,2322.0,4686.0,0.0,0.0,0.0,98.0,5783.0,155.0,7240.0,1189.0,5428.0
2021-06-13 14:30:00+01:00,2228.0,4636.0,0.0,0.0,0.0,98.0,5844.0,149.0,7000.0,1169.0,5306.0
2021-06-13 15:00:00+01:00,2228.0,4742.0,0.0,0.0,62.0,98.0,5876.0,140.0,6590.0,1162.0,5338.0
2021-06-13 15:30:00+01:00,2258.0,4989.0,0.0,0.0,0.0,98.0,5866.0,187.0,6100.0,1130.0,5254.0
2021-06-13 16:00:00+01:00,2256.0,5351.0,0.0,0.0,0.0,98.0,5886.0,189.0,5550.0,1166.0,5219.0
2021-06-13 16:30:00+01:00,2219.0,6315.0,0.0,0.0,0.0,98.0,5885.0,190.0,4900.0,1335.0,5237.0
2021-06-13 17:00:00+01:00,2201.0,7236.0,0.0,0.0,0.0,128.0,5889.0,152.0,4140.0,1456.0,5019.0
2021-06-13 17:30:00+01:00,2390.0,8016.0,0.0,0.0,148.0,133.0,5890.0,152.0,3380.0,1354.0,4804.0
2021-06-13 18:00:00+01:00,2400.0,8464.0,0.0,0.0,298.0,204.0,5896.0,281.0,2750.0,138.0,1756.0
2021-06-13 18:30:00+01:00,2419.0,8730.0,0.0,0.0,720.0,330.0,5900.0,327.0,2050.0,1573.0,4508.0
2021-06-13 19:00:00+01:00,2416.0,9004.0,0.0,0.0,1017.0,338.0,5890.0,295.0,1450.0,1494.0,4226.0
2021-06-13 19:30:00+01:00,2413.0,9153.0,0.0,0.0,1195.0,321.0,5897.0,247.0,918.0,1609.0,4050.0
2021-06-13 20:00:00+01:00,2418.0,9374.0,0.0,0.0,1280.0,351.0,5898.0,271.0,504.0,1709.0,3695.0
2021-06-13 20:30:00+01:00,2419.0,9334.0,0.0,0.0,1182.0,350.0,5902.0,245.0,172.0,1957.0,3545.0
2021-06-13 21:00:00+01:00,2410.0,9477.0,0.0,0.0,1333.0,325.0,5902.0,238.0,20.0,1965.0,3358.0
2021-06-13 21:30:00+01:00,2419.0,9531.0,0.0,0.0,1067.0,304.0,5893.0,220.0,2.0,1733.0,3372.0
2021-06-13 22:00:00+01:00,2414.0,9524.0,0.0,0.0,751.0,238.0,5902.0,238.0,2.0,1968.0,3161.0
2021-06-13 22:30:00+01:00,2346.0,9281.0,0.0,0.0,126.0,361.0,5903.0,222.0,0.0,2022.0,3108.0
2021-06-13 23:00:00+01:00,2303.0,8905.0,0.0,0.0,0.0,188.0,5897.0,151.0,0.0,2040.0,3086.0
2021-06-13 23:30:00+01:00,2247.0,7032.0,0.0,0.0,0.0,190.0,5903.0,151.0,1.0,2042.0,2846.0
2021-06-14 00:00:00+01:00,2266.0,6006.0,0.0,0.0,0.0,126.0,5902.0,140.0,0.0,2017.0,2751.0
2021-06-14 00:30:00+01:00,2257.0,5559.0,0.0,0.0,0.0,125.0,5909.0,101.0,0.0,2244.0,2706.0
2021-06-14 01:00:00+01:00,2217.0,4730.0,0.0,0.0,0.0,109.0,5904.0,99.0,0.0,2593.0,2716.0
2021-06-14 01:30:00+01:00,2260.0,4199.0,0.0,0.0,0.0,109.0,5899.0,99.0,6.0,2898.0,2696.0
2021-06-14 02:00:00+01:00,2204.0,3969.0,0.0,0.0,0.0,109.0,5897.0,99.0,0.0,3263.0,2963.0
2021-06-14 02:30:00+01:00,1873.0,3710.0,0.0,0.0,0.0,108.0,5898.0,99.0,0.0,3533.0,3009.0
2021-06-14 03:00:00+01:00,1788.0,3916.0,0.0,0.0,0.0,108.0,5896.0,100.0,1.0,3620.0,2968.0
2021-06-14 03:30:00+01:00,1948.0,3671.0,0.0,0.0,0.0,106.0,5899.0,100.0,0.0,3680.0,3077.0
2021-06-14 04:00:00+01:00,1940.0,3533.0,0.0,0.0,0.0,104.0,5899.0,99.0,0.0,3638.0,3374.0
2021-06-14 04:30:00+01:00,2056.0,3592.0,0.0,0.0,0.0,104.0,5902.0,101.0,1.0,67.0,1517.0
2021-06-14 05:00:00+01:00,2284.0,4110.0,0.0,0.0,0.0,102.0,5900.0,99.0,47.0,3629.0,3482.0
2021-06-14 05:30:00+01:00,2236.0,4508.0,0.0,0.0,0.0,102.0,5908.0,97.0,0.0,3897.0,3619.0
2021-06-14 06:00:00+01:00,2220.0,4773.0,0.0,0.0,0.0,137.0,5912.0,97.0,569.0,3711.0,4295.0
2021-06-14 06:30:00+01:00,2305.0,5944.0,0.0,0.0,0.0,154.0,5895.0,100.0,973.0,3598.0,4600.0
2021-06-14 07:00:00+01:00,2410.0,6538.0,0.0,0.0,0.0,179.0,5904.0,99.0,1470.0,3372.0,4957.0
2021-06-14 07:30:00+01:00,2391.0,7062.0,0.0,0.0,0.0,197.0,5907.0,99.0,2010.0,3521.0,5197.0
2021-06-14 08:00:00+01:00,2388.0,7528.0,0.0,0.0,89.0,198.0,5903.0,99.0,2620.0,3189.0,5669.0
2021-06-14 08:30:00+01:00,2407.0,7764.0,0.0,0.0,319.0,196.0,5900.0,105.0,3320.0,2822.0,5671.0
2021-06-14 09:00:00+01:00,2424.0,7915.0,0.0,0.0,7.0,194.0,5907.0,104.0,4030.0,2781.0,6021.0
2021-06-14 09:30:00+01:00,2428.0,7821.0,0.0,0.0,0.0,171.0,5901.0,102.0,4710.0,2679.0,5910.0
