,Biomass,Fossil Brown coal/Lignite,Hydro Pumped Storage,Hydro Water Reservoir,Nuclear,Solar,Wind Onshore
2015-03-01 01:00:00+02:00,20.0,2196.0,10.0,432.0,2070.0,0.0,10.0
2015-03-01 02:00:00+02:00,19.0,2229.0,0.0,374.0,2071.0,0.0,10.0
2015-03-01 03:00:00+02:00,19.0,2270.0,0.0,373.0,2072.0,0.0,28.0
2015-03-01 04:00:00+02:00,19.0,2207.0,0.0,372.0,2074.0,0.0,42.0
2015-03-01 05:00:00+02:00,19.0,2183.0,0.0,375.0,2070.0,0.0,50.0
2015-03-01 06:00:00+02:00,18.0,2298.0,0.0,409.0,2070.0,0.0,15.0
2015-03-01 07:00:00+02:00,19.0,2147.0,28.0,604.0,2071.0,7.0,5.0
2015-03-01 08:00:00+02:00,19.0,2169.0,41.0,829.0,2072.0,56.0,13.0
2015-03-01 09:00:00+02:00,20.0,2187.0,41.0,1043.0,2070.0,145.0,17.0
2015-03-01 10:00:00+02:00,18.0,2143.0,40.0,1014.0,2071.0,246.0,8.0
2015-03-01 11:00:00+02:00,19.0,2094.0,31.0,958.0,2073.0,323.0,5.0
2015-03-01 12:00:00+02:00,19.0,2086.0,0.0,804.0,2073.0,348.0,5.0
2015-03-01 13:00:00+02:00,20.0,2093.0,0.0,612.0,2071.0,375.0,6.0
2015-03-01 14:00:00+02:00,20.0,2087.0,0.0,474.0,2070.0,378.0,11.0
2015-03-01 15:00:00+02:00,22.0,2088.0,0.0,469.0,2071.0,301.0,14.0
2015-03-01 16:00:00+02:00,20.0,2097.0,3.0,664.0,2074.0,172.0,20.0
2015-03-01 17:00:00+02:00,19.0,2293.0,188.0,837.0,2073.0,32.0,33.0
2015-03-01 18:00:00+02:00,20.0,2352.0,483.0,1052.0,2072.0,0.0,51.0
2015-03-01 19:00:00+02:00,19.0,2331.0,610.0,1100.0,2072.0,0.0,74.0
2015-03-01 20:00:00+02:00,21.0,2240.0,575.0,968.0,2073.0,0.0,86.0
2015-03-01 21:00:00+02:00,21.0,2247.0,433.0,842.0,2075.0,0.0,105.0
2015-03-01 22:00:00+02:00,21.0,2251.0,244.0,769.0,2075.0,0.0,123.0
2015-03-01 23:00:00+02:00,19.0,2136.0,122.0,683.0,2072.0,0.0,131.0
2015-03-02 00:00:00+02:00,20.0,2134.0,59.0,500.0,2071.0,0.0,166.0
2015-03-02 01:00:00+02:00,22.0,2207.0,0.0,417.0,2073.0,0.0,187.0
2015-03-02 02:00:00+02:00,21.0,2205.0,0.0,368.0,2071.0,0.0,242.0
2015-03-02 03:00:00+02:00,20.0,2220.0,0.0,368.0,2070.0,0.0,287.0
2015-03-02 04:00:00+02:00,20.0,2222.0,0.0,368.0,2071.0,0.0,276.0
2015-03-02 05:00:00+02:00,21.0,2310.0,0.0,367.0,2072.0,0.0,271.0
2015-03-02 06:00:00+02:00,21.0,2361.0,0.0,381.0,2073.0,0.0,254.0
2015-03-02 07:00:00+02:00,21.0,2544.0,0.0,657.0,2071.0,32.0,269.0
2015-03-02 08:00:00+02:00,21.0,2491.0,46.0,833.0,2070.0,140.0,306.0
2015-03-02 09:00:00+02:00,20.0,2289.0,81.0,999.0,2071.0,315.0,256.0
2015-03-02 10:00:00+02:00,21.0,2247.0,46.0,904.0,2072.0,477.0,187.0
2015-03-02 11:00:00+02:00,19.0,2170.0,41.0,821.0,2070.0,673.0,195.0
2015-03-02 12:00:00+02:00,19.0,2145.0,40.0,727.0,2069.0,729.0,189.0
2015-03-02 13:00:00+02:00,21.0,2101.0,41.0,718.0,2070.0,701.0,181.0
2015-03-02 14:00:00+02:00,20.0,2109.0,41.0,685.0,2072.0,587.0,151.0
2015-03-02 15:00:00+02:00,21.0,2130.0,41.0,638.0,2071.0,444.0,138.0
2015-03-02 16:00:00+02:00,18.0,2367.0,41.0,662.0,2071.0,233.0,174.0
2015-03-02 17:00:00+02:00,20.0,2435.0,196.0,809.0,2071.0,47.0,209.0
2015-03-02 18:00:00+02:00,20.0,2510.0,559.0,959.0,2073.0,1.0,249.0
2015-03-02 19:00:00+02:00,19.0,2453.0,734.0,1036.0,2072.0,0.0,261.0
2015-03-02 20:00:00+02:00,21.0,2330.0,569.0,1029.0,2072.0,0.0,237.0
2015-03-02 21:00:00+02:00,21.0,2134.0,430.0,1017.0,2073.0,0.0,231.0
2015-03-02 22:00:00+02:00,20.0,2118.0,329.0,991.0,2074.0,0.0,210.0
2015-03-02 23:00:00+02:00,20.0,2084.0,44.0,784.0,2076.0,0.0,164.0
2015-03-03 00:00:00+02:00,20.0,2188.0,40.0,613.0,2074.0,0.0,177.0
2015-03-03 01:00:00+02:00,21.0,2307.0,0.0,464.0,2072.0,0.0,237.0
2015-03-03 02:00:00+02:00,19.0,2303.0,0.0,368.0,2072.0,0.0,259.0
2015-03-03 03:00:00+02:00,19.0,2134.0,0.0,368.0,2074.0,0.0,313.0
2015-03-03 04:00:00+02:00,18.0,2122.0,0.0,373.0,2074.0,0.0,302.0
2015-03-03 05:00:00+02:00,18.0,2147.0,0.0,365.0,2072.0,0.0,264.0
2015-03-03 06:00:00+02:00,18.0,2231.0,1.0,377.0,2072.0,0.0,176.0
2015-03-03 07:00:00+02:00,18.0,2332.0,41.0,773.0,2071.0,13.0,163.0
2015-03-03 08:00:00+02:00,17.0,2363.0,70.0,1016.0,2071.0,73.0,156.0
2015-03-03 09:00:00+02:00,19.0,2348.0,99.0,1189.0,2070.0,179.0,122.0
2015-03-03 10:00:00+02:00,19.0,2348.0,172.0,1117.0,2073.0,309.0,108.0
2015-03-03 11:00:00+02:00,19.0,2307.0,114.0,988.0,2075.0,460.0,148.0
2015-03-03 12:00:00+02:00,19.0,2397.0,43.0,789.0,2075.0,492.0,196.0
2015-03-03 13:00:00+02:00,20.0,2349.0,4.0,535.0,2072.0,498.0,508.0
2015-03-03 14:00:00+02:00,20.0,2341.0,0.0,345.0,2069.0,500.0,451.0
2015-03-03 15:00:00+02:00,20.0,2418.0,0.0,404.0,2068.0,448.0,332.0
2015-03-03 16:00:00+02:00,18.0,2393.0,32.0,746.0,2070.0,301.0,173.0
2015-03-03 17:00:00+02:00,18.0,2488.0,178.0,1036.0,2070.0,83.0,123.0
2015-03-03 18:00:00+02:00,18.0,2563.0,614.0,1195.0,2068.0,0.0,87.0
2015-03-03 19:00:00+02:00,20.0,2647.0,713.0,1297.0,2071.0,0.0,94.0
2015-03-03 20:00:00+02:00,20.0,2590.0,387.0,1258.0,2073.0,0.0,231.0
2015-03-03 21:00:00+02:00,19.0,2565.0,188.0,1213.0,2072.0,0.0,159.0
2015-03-03 22:00:00+02:00,19.0,2546.0,91.0,1062.0,2069.0,0.0,375.0
2015-03-03 23:00:00+02:00,19.0,2282.0,40.0,624.0,2070.0,0.0,378.0
2015-03-04 00:00:00+02:00,18.0,2224.0,14.0,442.0,2074.0,0.0,287.0
2015-03-04 01:00:00+02:00,19.0,2122.0,0.0,415.0,2072.0,0.0,306.0
2015-03-04 02:00:00+02:00,19.0,2095.0,0.0,367.0,2070.0,0.0,302.0
2015-03-04 03:00:00+02:00,17.0,2108.0,0.0,334.0,2070.0,0.0,395.0
2015-03-04 04:00:00+02:00,21.0,2049.0,0.0,335.0,2073.0,0.0,472.0
2015-03-04 05:00:00+02:00,20.0,2141.0,0.0,358.0,2072.0,0.0,378.0
2015-03-04 06:00:00+02:00,19.0,2172.0,10.0,704.0,2070.0,0.0,380.0
2015-03-04 07:00:00+02:00,20.0,2367.0,97.0,982.0,2069.0,106.0,230.0
2015-03-04 08:00:00+02:00,20.0,2432.0,122.0,1075.0,2069.0,376.0,105.0
2015-03-04 09:00:00+02:00,20.0,2434.0,81.0,960.0,2071.0,602.0,76.0
2015-03-04 10:00:00+02:00,19.0,2323.0,49.0,740.0,2073.0,748.0,83.0
2015-03-04 11:00:00+02:00,21.0,2329.0,7.0,546.0,2074.0,833.0,84.0
2015-03-04 12:00:00+02:00,19.0,2315.0,0.0,391.0,2072.0,856.0,95.0
2015-03-04 13:00:00+02:00,20.0,2266.0,0.0,436.0,2070.0,827.0,80.0
2015-03-04 14:00:00+02:00,20.0,2221.0,0.0,496.0,2074.0,733.0,56.0
2015-03-04 15:00:00+02:00,21.0,2228.0,35.0,600.0,2075.0,587.0,67.0
2015-03-04 16:00:00+02:00,19.0,2233.0,55.0,840.0,2073.0,352.0,102.0
2015-03-04 17:00:00+02:00,19.0,2418.0,235.0,947.0,2072.0,84.0,130.0
2015-03-04 18:00:00+02:00,20.0,2600.0,680.0,1073.0,2075.0,0.0,170.0
2015-03-04 19:00:00+02:00,20.0,2581.0,848.0,1272.0,2076.0,0.0,193.0
2015-03-04 20:00:00+02:00,20.0,2504.0,606.0,1241.0,2076.0,0.0,279.0
2015-03-04 21:00:00+02:00,20.0,2480.0,410.0,1196.0,2075.0,0.0,288.0
2015-03-04 22:00:00+02:00,20.0,2417.0,234.0,1197.0,2074.0,0.0,235.0
2015-03-04 23:00:00+02:00,21.0,2343.0,168.0,854.0,2075.0,0.0,191.0
2015-03-05 00:00:00+02:00,20.0,2356.0,3.0,490.0,2076.0,0.0,226.0
2015-03-05 01:00:00+02:00,22.0,2368.0,0.0,423.0,2076.0,0.0,193.0
2015-03-05 02:00:00+02:00,22.0,2437.0,0.0,397.0,2074.0,0.0,176.0
2015-03-05 03:00:00+02:00,22.0,2449.0,0.0,366.0,2073.0,0.0,154.0
2015-03-05 04:00:00+02:00,21.0,2442.0,0.0,355.0,2074.0,0.0,125.0
2015-03-05 05:00:00+02:00,21.0,2446.0,0.0,352.0,2074.0,0.0,125.0
2015-03-05 06:00:00+02:00,21.0,2522.0,0.0,552.0,2072.0,0.0,132.0
2015-03-05 07:00:00+02:00,20.0,2743.0,102.0,973.0,2071.0,20.0,133.0
2015-03-05 08:00:00+02:00,21.0,2767.0,202.0,1203.0,2072.0,80.0,114.0
2015-03-05 09:00:00+02:00,20.0,2848.0,171.0,1179.0,2072.0,138.0,117.0
2015-03-05 10:00:00+02:00,19.0,3006.0,108.0,988.0,2072.0,170.0,152.0
2015-03-05 11:00:00+02:00,20.0,2913.0,82.0,1025.0,2072.0,183.0,161.0
2015-03-05 12:00:00+02:00,18.0,2900.0,82.0,1034.0,2071.0,163.0,191.0
2015-03-05 13:00:00+02:00,19.0,2939.0,82.0,1039.0,2073.0,123.0,203.0
2015-03-05 14:00:00+02:00,17.0,2968.0,82.0,1047.0,2073.0,87.0,248.0
2015-03-05 15:00:00+02:00,20.0,3013.0,81.0,1073.0,2071.0,51.0,276.0
2015-03-05 16:00:00+02:00,20.0,2994.0,143.0,1181.0,2072.0,20.0,255.0
2015-03-05 17:00:00+02:00,19.0,3063.0,237.0,1178.0,2073.0,3.0,241.0
2015-03-05 18:00:00+02:00,20.0,3013.0,626.0,1260.0,2072.0,0.0,253.0
2015-03-05 19:00:00+02:00,20.0,3042.0,751.0,1264.0,2072.0,0.0,222.0
2015-03-05 20:00:00+02:00,19.0,3005.0,463.0,1258.0,2072.0,0.0,279.0
2015-03-05 21:00:00+02:00,19.0,2990.0,167.0,1242.0,2072.0,0.0,344.0
2015-03-05 22:00:00+02:00,19.0,2899.0,85.0,1124.0,2073.0,0.0,365.0
2015-03-05 23:00:00+02:00,19.0,2735.0,2.0,785.0,2074.0,0.0,374.0
2015-03-06 00:00:00+02:00,18.0,2564.0,0.0,693.0,2072.0,0.0,317.0
2015-03-06 01:00:00+02:00,18.0,2453.0,0.0,373.0,2073.0,0.0,328.0
2015-03-06 02:00:00+02:00,18.0,2485.0,0.0,346.0,2073.0,0.0,387.0
2015-03-06 03:00:00+02:00,17.0,2469.0,0.0,353.0,2074.0,0.0,372.0
2015-03-06 04:00:00+02:00,18.0,2486.0,0.0,349.0,2074.0,0.0,312.0
2015-03-06 05:00:00+02:00,18.0,2513.0,0.0,394.0,2073.0,0.0,335.0
2015-03-06 06:00:00+02:00,19.0,2516.0,2.0,577.0,2072.0,0.0,338.0
2015-03-06 07:00:00+02:00,19.0,2732.0,44.0,929.0,2072.0,1.0,338.0
2015-03-06 08:00:00+02:00,19.0,2800.0,170.0,1148.0,2072.0,10.0,339.0
2015-03-06 09:00:00+02:00,18.0,2790.0,214.0,1192.0,2072.0,18.0,319.0
2015-03-06 10:00:00+02:00,18.0,2784.0,216.0,1176.0,2057.0,34.0,265.0
2015-03-06 11:00:00+02:00,19.0,2705.0,213.0,1206.0,2071.0,44.0,267.0
2015-03-06 12:00:00+02:00,21.0,2709.0,150.0,1167.0,2072.0,48.0,271.0
2015-03-06 13:00:00+02:00,21.0,2725.0,191.0,1048.0,2073.0,49.0,271.0
2015-03-06 14:00:00+02:00,20.0,2822.0,80.0,952.0,2072.0,42.0,403.0
2015-03-06 15:00:00+02:00,19.0,2860.0,56.0,961.0,2071.0,28.0,428.0
2015-03-06 16:00:00+02:00,19.0,2819.0,120.0,987.0,2072.0,11.0,435.0
2015-03-06 17:00:00+02:00,18.0,2900.0,140.0,1040.0,2072.0,1.0,456.0
2015-03-06 18:00:00+02:00,20.0,3004.0,367.0,1107.0,2070.0,0.0,483.0
2015-03-06 19:00:00+02:00,20.0,2926.0,498.0,1164.0,2071.0,0.0,509.0
2015-03-06 20:00:00+02:00,20.0,2672.0,470.0,1108.0,2072.0,0.0,540.0
2015-03-06 21:00:00+02:00,20.0,2344.0,499.0,1153.0,2071.0,0.0,544.0
2015-03-06 22:00:00+02:00,20.0,2296.0,497.0,958.0,2070.0,0.0,532.0
2015-03-06 23:00:00+02:00,20.0,2227.0,89.0,852.0,2072.0,0.0,533.0
2015-03-07 00:00:00+02:00,19.0,2118.0,30.0,735.0,2072.0,0.0,511.0
2015-03-07 01:00:00+02:00,16.0,2177.0,0.0,689.0,2073.0,0.0,524.0
2015-03-07 02:00:00+02:00,17.0,2200.0,0.0,637.0,2069.0,0.0,526.0
2015-03-07 03:00:00+02:00,12.0,2124.0,0.0,605.0,2071.0,0.0,525.0
2015-03-07 04:00:00+02:00,8.0,2057.0,0.0,533.0,2072.0,0.0,531.0
2015-03-07 05:00:00+02:00,7.0,2117.0,0.0,509.0,2071.0,0.0,529.0
2015-03-07 06:00:00+02:00,7.0,2220.0,0.0,526.0,2070.0,0.0,530.0
2015-03-07 07:00:00+02:00,6.0,2170.0,0.0,560.0,2071.0,1.0,532.0
2015-03-07 08:00:00+02:00,6.0,2159.0,30.0,753.0,2073.0,6.0,523.0
2015-03-07 09:00:00+02:00,5.0,2180.0,192.0,865.0,2071.0,19.0,517.0
2015-03-07 10:00:00+02:00,5.0,2190.0,258.0,854.0,2071.0,42.0,514.0
2015-03-07 11:00:00+02:00,6.0,2275.0,233.0,876.0,2074.0,57.0,521.0
2015-03-07 12:00:00+02:00,6.0,2314.0,216.0,776.0,2074.0,62.0,513.0
2015-03-07 13:00:00+02:00,7.0,2254.0,73.0,825.0,2074.0,69.0,515.0
2015-03-07 14:00:00+02:00,7.0,2205.0,47.0,862.0,2074.0,56.0,516.0
2015-03-07 15:00:00+02:00,5.0,2290.0,0.0,836.0,2075.0,38.0,527.0
2015-03-07 16:00:00+02:00,6.0,2349.0,70.0,818.0,2073.0,21.0,531.0
2015-03-07 17:00:00+02:00,7.0,2303.0,362.0,754.0,2074.0,4.0,529.0
2015-03-07 18:00:00+02:00,7.0,2490.0,672.0,746.0,2075.0,0.0,520.0
2015-03-07 19:00:00+02:00,7.0,2441.0,826.0,777.0,2075.0,0.0,523.0
2015-03-07 20:00:00+02:00,7.0,2258.0,758.0,773.0,2073.0,0.0,475.0
2015-03-07 21:00:00+02:00,7.0,2150.0,595.0,772.0,2071.0,0.0,452.0
2015-03-07 22:00:00+02:00,8.0,2256.0,328.0,752.0,2073.0,0.0,459.0
2015-03-07 23:00:00+02:00,8.0,2267.0,85.0,662.0,2076.0,0.0,463.0
2015-03-08 00:00:00+02:00,7.0,2090.0,37.0,646.0,2076.0,0.0,477.0
2015-03-08 01:00:00+02:00,7.0,2093.0,0.0,662.0,2074.0,0.0,493.0
2015-03-08 02:00:00+02:00,6.0,2213.0,0.0,634.0,2073.0,0.0,461.0
2015-03-08 03:00:00+02:00,7.0,2288.0,0.0,590.0,2073.0,0.0,428.0
2015-03-08 04:00:00+02:00,8.0,2251.0,0.0,582.0,2073.0,0.0,412.0
2015-03-08 05:00:00+02:00,8.0,2227.0,0.0,582.0,2073.0,0.0,453.0
2015-03-08 06:00:00+02:00,7.0,2238.0,0.0,630.0,2073.0,0.0,454.0
2015-03-08 07:00:00+02:00,7.0,2225.0,0.0,715.0,2075.0,9.0,428.0
2015-03-08 08:00:00+02:00,8.0,2213.0,24.0,724.0,2075.0,40.0,422.0
2015-03-08 09:00:00+02:00,7.0,2174.0,275.0,723.0,2074.0,75.0,455.0
2015-03-08 10:00:00+02:00,8.0,2126.0,339.0,798.0,2073.0,97.0,490.0
2015-03-08 11:00:00+02:00,8.0,2085.0,274.0,895.0,2074.0,123.0,489.0
2015-03-08 12:00:00+02:00,7.0,2109.0,166.0,856.0,2074.0,157.0,468.0
2015-03-08 13:00:00+02:00,7.0,2086.0,112.0,804.0,2071.0,178.0,481.0
2015-03-08 14:00:00+02:00,15.0,2053.0,77.0,726.0,2070.0,169.0,501.0
2015-03-08 15:00:00+02:00,18.0,2092.0,93.0,747.0,2071.0,115.0,492.0
2015-03-08 16:00:00+02:00,19.0,2125.0,139.0,846.0,2076.0,59.0,470.0
2015-03-08 17:00:00+02:00,19.0,2194.0,340.0,949.0,2073.0,13.0,424.0
2015-03-08 18:00:00+02:00,20.0,2363.0,688.0,948.0,2071.0,0.0,366.0
2015-03-08 19:00:00+02:00,20.0,2585.0,665.0,961.0,2072.0,0.0,281.0
2015-03-08 20:00:00+02:00,20.0,2503.0,566.0,964.0,2074.0,0.0,224.0
2015-03-08 21:00:00+02:00,20.0,2395.0,404.0,913.0,2073.0,0.0,248.0
2015-03-08 22:00:00+02:00,20.0,2212.0,353.0,903.0,2071.0,0.0,291.0
2015-03-08 23:00:00+02:00,19.0,2129.0,143.0,835.0,2072.0,0.0,313.0
2015-03-09 00:00:00+02:00,21.0,2338.0,81.0,693.0,2073.0,0.0,308.0
2015-03-09 01:00:00+02:00,21.0,2488.0,82.0,710.0,2073.0,0.0,309.0
2015-03-09 02:00:00+02:00,19.0,2458.0,14.0,708.0,2072.0,0.0,307.0
2015-03-09 03:00:00+02:00,19.0,2403.0,0.0,705.0,2072.0,0.0,334.0
2015-03-09 04:00:00+02:00,20.0,2376.0,0.0,716.0,2072.0,0.0,348.0
2015-03-09 05:00:00+02:00,19.0,2416.0,65.0,767.0,2073.0,0.0,320.0
2015-03-09 06:00:00+02:00,19.0,2602.0,208.0,896.0,2072.0,0.0,296.0
2015-03-09 07:00:00+02:00,19.0,2768.0,277.0,946.0,2071.0,23.0,248.0
2015-03-09 08:00:00+02:00,19.0,2938.0,336.0,991.0,2070.0,83.0,207.0
2015-03-09 09:00:00+02:00,19.0,3051.0,331.0,991.0,2070.0,143.0,198.0
2015-03-09 10:00:00+02:00,18.0,3079.0,292.0,1000.0,2074.0,185.0,206.0
2015-03-09 11:00:00+02:00,18.0,3120.0,199.0,1000.0,2072.0,212.0,225.0
2015-03-09 12:00:00+02:00,19.0,3100.0,100.0,995.0,2072.0,244.0,245.0
2015-03-09 13:00:00+02:00,20.0,2930.0,55.0,996.0,2073.0,287.0,280.0
2015-03-09 14:00:00+02:00,20.0,2867.0,61.0,985.0,2073.0,254.0,293.0
2015-03-09 15:00:00+02:00,20.0,2879.0,109.0,979.0,2072.0,202.0,304.0
2015-03-09 16:00:00+02:00,19.0,2925.0,152.0,1037.0,2071.0,97.0,207.0
2015-03-09 17:00:00+02:00,21.0,2926.0,328.0,1135.0,2070.0,24.0,161.0
2015-03-09 18:00:00+02:00,20.0,3143.0,670.0,1142.0,2071.0,0.0,147.0
2015-03-09 19:00:00+02:00,20.0,3315.0,770.0,1133.0,2073.0,0.0,133.0
2015-03-09 20:00:00+02:00,20.0,3283.0,547.0,1145.0,2074.0,0.0,151.0
2015-03-09 21:00:00+02:00,21.0,3034.0,450.0,1142.0,2072.0,0.0,147.0
2015-03-09 22:00:00+02:00,21.0,2933.0,407.0,1115.0,2071.0,0.0,153.0
2015-03-09 23:00:00+02:00,19.0,2832.0,103.0,995.0,2072.0,0.0,153.0
2015-03-10 00:00:00+02:00,19.0,2643.0,59.0,797.0,2073.0,0.0,318.0
2015-03-10 01:00:00+02:00,19.0,2769.0,0.0,617.0,2074.0,0.0,255.0
2015-03-10 02:00:00+02:00,20.0,2699.0,0.0,600.0,2073.0,0.0,197.0
2015-03-10 03:00:00+02:00,21.0,2734.0,0.0,598.0,2072.0,0.0,177.0
2015-03-10 04:00:00+02:00,19.0,2631.0,0.0,598.0,2072.0,0.0,279.0
2015-03-10 05:00:00+02:00,20.0,2734.0,0.0,606.0,2073.0,0.0,234.0
2015-03-10 06:00:00+02:00,18.0,2802.0,10.0,806.0,2075.0,0.0,229.0
2015-03-10 07:00:00+02:00,20.0,2999.0,215.0,1082.0,2073.0,12.0,159.0
2015-03-10 08:00:00+02:00,19.0,3080.0,350.0,1143.0,2073.0,47.0,116.0
2015-03-10 09:00:00+02:00,18.0,3156.0,453.0,1178.0,2072.0,74.0,121.0
2015-03-10 10:00:00+02:00,18.0,3178.0,367.0,1159.0,2072.0,117.0,110.0
2015-03-10 11:00:00+02:00,18.0,3342.0,145.0,1142.0,2072.0,177.0,105.0
2015-03-10 12:00:00+02:00,18.0,3364.0,81.0,1049.0,2071.0,214.0,91.0
2015-03-10 13:00:00+02:00,17.0,3360.0,57.0,981.0,2071.0,213.0,103.0
2015-03-10 14:00:00+02:00,18.0,3356.0,10.0,944.0,2071.0,176.0,112.0
2015-03-10 15:00:00+02:00,19.0,3368.0,73.0,1014.0,2073.0,110.0,87.0
2015-03-10 16:00:00+02:00,20.0,3384.0,126.0,1115.0,2072.0,60.0,62.0
2015-03-10 17:00:00+02:00,20.0,3426.0,258.0,1128.0,2069.0,14.0,50.0
2015-03-10 18:00:00+02:00,19.0,3401.0,724.0,1147.0,2070.0,0.0,47.0
2015-03-10 19:00:00+02:00,19.0,3339.0,947.0,1208.0,2072.0,0.0,61.0
2015-03-10 20:00:00+02:00,20.0,3301.0,713.0,1211.0,2072.0,0.0,55.0
2015-03-10 21:00:00+02:00,20.0,3294.0,471.0,1220.0,2071.0,0.0,43.0
2015-03-10 22:00:00+02:00,19.0,3264.0,343.0,1183.0,2071.0,0.0,57.0
2015-03-10 23:00:00+02:00,19.0,3034.0,50.0,1018.0,2071.0,0.0,41.0
2015-03-11 00:00:00+02:00,19.0,2919.0,41.0,767.0,2072.0,0.0,59.0
2015-03-11 01:00:00+02:00,19.0,3061.0,24.0,707.0,2073.0,0.0,75.0
2015-03-11 02:00:00+02:00,19.0,2960.0,0.0,663.0,2073.0,0.0,103.0
2015-03-11 03:00:00+02:00,20.0,2909.0,0.0,661.0,2073.0,0.0,92.0
2015-03-11 04:00:00+02:00,19.0,2836.0,0.0,661.0,2073.0,0.0,159.0
2015-03-11 05:00:00+02:00,20.0,2993.0,0.0,671.0,2073.0,0.0,136.0
2015-03-11 06:00:00+02:00,20.0,3042.0,69.0,912.0,2073.0,1.0,150.0
2015-03-11 07:00:00+02:00,19.0,3156.0,241.0,1114.0,2072.0,38.0,97.0
2015-03-11 08:00:00+02:00,18.0,3294.0,274.0,1166.0,2073.0,159.0,81.0
2015-03-11 09:00:00+02:00,18.0,3206.0,241.0,1190.0,2071.0,323.0,51.0
2015-03-11 10:00:00+02:00,17.0,3138.0,103.0,1155.0,2072.0,468.0,25.0
2015-03-11 11:00:00+02:00,18.0,3053.0,41.0,1119.0,2072.0,562.0,11.0
2015-03-11 12:00:00+02:00,18.0,3036.0,40.0,1058.0,2072.0,559.0,7.0
2015-03-11 13:00:00+02:00,18.0,3037.0,41.0,997.0,2071.0,519.0,4.0
2015-03-11 14:00:00+02:00,18.0,2953.0,41.0,1023.0,2074.0,462.0,4.0
2015-03-11 15:00:00+02:00,17.0,3090.0,41.0,1022.0,2073.0,374.0,8.0
2015-03-11 16:00:00+02:00,19.0,3200.0,88.0,1048.0,2071.0,239.0,7.0
2015-03-11 17:00:00+02:00,19.0,3247.0,312.0,1093.0,2071.0,72.0,16.0
2015-03-11 18:00:00+02:00,18.0,3308.0,847.0,1152.0,2072.0,1.0,32.0
2015-03-11 19:00:00+02:00,18.0,3379.0,1032.0,1214.0,2072.0,0.0,41.0
2015-03-11 20:00:00+02:00,19.0,3317.0,835.0,1202.0,2071.0,0.0,40.0
2015-03-11 21:00:00+02:00,19.0,3307.0,638.0,1162.0,2071.0,0.0,39.0
2015-03-11 22:00:00+02:00,19.0,3180.0,489.0,1146.0,2072.0,0.0,42.0
2015-03-11 23:00:00+02:00,20.0,3013.0,147.0,1105.0,2073.0,0.0,59.0
2015-03-12 00:00:00+02:00,22.0,3076.0,0.0,851.0,2073.0,0.0,64.0
2015-03-12 01:00:00+02:00,20.0,3062.0,0.0,746.0,2074.0,0.0,44.0
2015-03-12 02:00:00+02:00,20.0,3035.0,0.0,666.0,2076.0,0.0,16.0
2015-03-12 03:00:00+02:00,20.0,2996.0,0.0,647.0,2075.0,0.0,6.0
2015-03-12 04:00:00+02:00,20.0,2997.0,0.0,650.0,2075.0,0.0,4.0
2015-03-12 05:00:00+02:00,21.0,2998.0,0.0,691.0,2075.0,0.0,2.0
2015-03-12 06:00:00+02:00,21.0,3049.0,70.0,878.0,2075.0,2.0,1.0
2015-03-12 07:00:00+02:00,22.0,3175.0,222.0,1101.0,2075.0,59.0,1.0
2015-03-12 08:00:00+02:00,20.0,3269.0,288.0,1201.0,2073.0,142.0,1.0
2015-03-12 09:00:00+02:00,19.0,3203.0,318.0,1178.0,2075.0,229.0,1.0
2015-03-12 10:00:00+02:00,19.0,3030.0,178.0,1185.0,2074.0,388.0,1.0
2015-03-12 11:00:00+02:00,20.0,2959.0,41.0,1172.0,2073.0,531.0,2.0
2015-03-12 12:00:00+02:00,19.0,3039.0,41.0,1017.0,2072.0,506.0,2.0
2015-03-12 13:00:00+02:00,21.0,3097.0,41.0,990.0,2073.0,414.0,6.0
2015-03-12 14:00:00+02:00,21.0,3204.0,75.0,922.0,2073.0,286.0,6.0
2015-03-12 15:00:00+02:00,19.0,3242.0,98.0,1014.0,2073.0,181.0,3.0
2015-03-12 16:00:00+02:00,20.0,3213.0,217.0,1106.0,2072.0,97.0,5.0
2015-03-12 17:00:00+02:00,19.0,3255.0,432.0,1105.0,2071.0,29.0,8.0
2015-03-12 18:00:00+02:00,20.0,3319.0,822.0,1160.0,2073.0,0.0,14.0
2015-03-12 19:00:00+02:00,19.0,3324.0,1040.0,1218.0,2074.0,0.0,13.0
2015-03-12 20:00:00+02:00,19.0,3319.0,816.0,1181.0,2075.0,0.0,13.0
2015-03-12 21:00:00+02:00,19.0,3321.0,564.0,1177.0,2073.0,0.0,11.0
2015-03-12 22:00:00+02:00,19.0,3293.0,414.0,1154.0,2072.0,0.0,7.0
2015-03-12 23:00:00+02:00,19.0,3256.0,18.0,968.0,2071.0,0.0,8.0
2015-03-13 00:00:00+02:00,21.0,2943.0,0.0,748.0,2073.0,0.0,16.0
2015-03-13 01:00:00+02:00,20.0,2852.0,0.0,622.0,2074.0,0.0,36.0
2015-03-13 02:00:00+02:00,19.0,2857.0,0.0,614.0,2073.0,0.0,93.0
2015-03-13 03:00:00+02:00,20.0,2813.0,0.0,621.0,2075.0,0.0,119.0
2015-03-13 04:00:00+02:00,20.0,2804.0,0.0,614.0,2074.0,0.0,121.0
2015-03-13 05:00:00+02:00,20.0,2776.0,0.0,622.0,2073.0,0.0,103.0
2015-03-13 06:00:00+02:00,19.0,2903.0,0.0,759.0,2076.0,2.0,121.0
2015-03-13 07:00:00+02:00,19.0,3038.0,258.0,1021.0,2075.0,56.0,106.0
2015-03-13 08:00:00+02:00,17.0,3073.0,267.0,1144.0,2074.0,184.0,77.0
2015-03-13 09:00:00+02:00,19.0,3091.0,143.0,1127.0,2071.0,350.0,67.0
2015-03-13 10:00:00+02:00,18.0,3074.0,41.0,1019.0,2071.0,457.0,42.0
2015-03-13 11:00:00+02:00,18.0,3038.0,40.0,957.0,2074.0,510.0,20.0
2015-03-13 12:00:00+02:00,20.0,2969.0,41.0,939.0,2075.0,491.0,11.0
2015-03-13 13:00:00+02:00,20.0,2977.0,41.0,947.0,2074.0,426.0,4.0
2015-03-13 14:00:00+02:00,18.0,2932.0,51.0,970.0,2074.0,354.0,7.0
2015-03-13 15:00:00+02:00,18.0,2907.0,81.0,1076.0,2074.0,266.0,31.0
2015-03-13 16:00:00+02:00,19.0,3016.0,87.0,1103.0,2073.0,155.0,29.0
2015-03-13 17:00:00+02:00,19.0,3082.0,276.0,1099.0,2072.0,48.0,37.0
2015-03-13 18:00:00+02:00,19.0,3272.0,533.0,1199.0,2073.0,1.0,59.0
2015-03-13 19:00:00+02:00,20.0,3287.0,828.0,1225.0,2074.0,0.0,86.0
2015-03-13 20:00:00+02:00,21.0,3258.0,532.0,1225.0,2075.0,0.0,86.0
2015-03-13 21:00:00+02:00,20.0,3227.0,402.0,1183.0,2072.0,0.0,59.0
2015-03-13 22:00:00+02:00,21.0,3136.0,293.0,1182.0,2073.0,0.0,41.0
2015-03-13 23:00:00+02:00,23.0,2841.0,50.0,1127.0,2075.0,0.0,31.0
2015-03-14 00:00:00+02:00,21.0,2584.0,0.0,923.0,2075.0,0.0,22.0
2015-03-14 01:00:00+02:00,21.0,2571.0,0.0,552.0,2074.0,0.0,15.0
2015-03-14 02:00:00+02:00,21.0,2578.0,0.0,503.0,2073.0,0.0,15.0
2015-03-14 03:00:00+02:00,22.0,2557.0,0.0,502.0,2073.0,0.0,9.0
2015-03-14 04:00:00+02:00,22.0,2542.0,0.0,507.0,2075.0,0.0,6.0
2015-03-14 05:00:00+02:00,23.0,2566.0,0.0,503.0,2074.0,0.0,10.0
2015-03-14 06:00:00+02:00,22.0,2565.0,0.0,525.0,2074.0,1.0,22.0
2015-03-14 07:00:00+02:00,21.0,2588.0,0.0,647.0,2075.0,22.0,45.0
2015-03-14 08:00:00+02:00,21.0,2749.0,6.0,864.0,2074.0,65.0,72.0
2015-03-14 09:00:00+02:00,21.0,2822.0,41.0,1010.0,2072.0,102.0,73.0
2015-03-14 10:00:00+02:00,20.0,2698.0,132.0,1066.0,2071.0,149.0,101.0
2015-03-14 11:00:00+02:00,21.0,2685.0,70.0,1075.0,2070.0,178.0,120.0
2015-03-14 12:00:00+02:00,22.0,2665.0,40.0,1017.0,2069.0,184.0,153.0
2015-03-14 13:00:00+02:00,19.0,2678.0,2.0,851.0,2071.0,150.0,240.0
2015-03-14 14:00:00+02:00,20.0,2597.0,0.0,759.0,2075.0,136.0,283.0
2015-03-14 15:00:00+02:00,22.0,2601.0,0.0,753.0,2073.0,101.0,301.0
2015-03-14 16:00:00+02:00,21.0,2573.0,0.0,847.0,2071.0,59.0,333.0
2015-03-14 17:00:00+02:00,21.0,2613.0,65.0,926.0,2071.0,19.0,360.0
2015-03-14 18:00:00+02:00,20.0,2589.0,345.0,961.0,2072.0,1.0,396.0
2015-03-14 19:00:00+02:00,18.0,2617.0,483.0,1007.0,2074.0,0.0,430.0
2015-03-14 20:00:00+02:00,20.0,2591.0,311.0,927.0,2075.0,0.0,471.0
2015-03-14 21:00:00+02:00,21.0,2626.0,147.0,762.0,2073.0,0.0,427.0
2015-03-14 22:00:00+02:00,20.0,2681.0,41.0,740.0,2073.0,0.0,410.0
2015-03-14 23:00:00+02:00,21.0,2604.0,1.0,547.0,2075.0,0.0,382.0
2015-03-15 00:00:00+02:00,20.0,2399.0,0.0,488.0,2072.0,0.0,413.0
2015-03-15 01:00:00+02:00,20.0,2264.0,0.0,405.0,2076.0,0.0,438.0
2015-03-15 02:00:00+02:00,22.0,2318.0,0.0,400.0,2072.0,0.0,450.0
2015-03-15 03:00:00+02:00,21.0,2264.0,0.0,397.0,2072.0,0.0,463.0
2015-03-15 04:00:00+02:00,21.0,2279.0,0.0,396.0,2071.0,0.0,488.0
2015-03-15 05:00:00+02:00,19.0,2267.0,0.0,397.0,2072.0,0.0,495.0
2015-03-15 06:00:00+02:00,21.0,2221.0,0.0,403.0,2072.0,0.0,494.0
2015-03-15 07:00:00+02:00,21.0,2210.0,0.0,429.0,2071.0,12.0,491.0
2015-03-15 08:00:00+02:00,21.0,2267.0,0.0,496.0,2071.0,40.0,510.0
2015-03-15 09:00:00+02:00,19.0,2346.0,0.0,681.0,2070.0,77.0,506.0
2015-03-15 10:00:00+02:00,20.0,2382.0,0.0,714.0,2071.0,145.0,457.0
2015-03-15 11:00:00+02:00,22.0,2325.0,0.0,732.0,2072.0,213.0,412.0
2015-03-15 12:00:00+02:00,21.0,2370.0,0.0,691.0,2071.0,243.0,347.0
2015-03-15 13:00:00+02:00,21.0,2294.0,0.0,639.0,2072.0,297.0,275.0
2015-03-15 14:00:00+02:00,19.0,2247.0,0.0,588.0,2073.0,286.0,291.0
2015-03-15 15:00:00+02:00,20.0,2227.0,0.0,559.0,2073.0,217.0,339.0
2015-03-15 16:00:00+02:00,22.0,2351.0,105.0,552.0,2072.0,96.0,320.0
2015-03-15 17:00:00+02:00,22.0,2433.0,364.0,549.0,2072.0,24.0,316.0
2015-03-15 18:00:00+02:00,21.0,2606.0,583.0,578.0,2073.0,1.0,291.0
2015-03-15 19:00:00+02:00,19.0,2633.0,665.0,873.0,2073.0,0.0,280.0
2015-03-15 20:00:00+02:00,17.0,2554.0,400.0,1041.0,2072.0,0.0,268.0
2015-03-15 21:00:00+02:00,19.0,2452.0,144.0,972.0,2073.0,0.0,312.0
2015-03-15 22:00:00+02:00,20.0,2312.0,133.0,875.0,2075.0,0.0,350.0
2015-03-15 23:00:00+02:00,21.0,2238.0,30.0,611.0,2076.0,0.0,376.0
2015-03-16 00:00:00+02:00,20.0,2185.0,0.0,547.0,2074.0,0.0,329.0
2015-03-16 01:00:00+02:00,18.0,2119.0,0.0,518.0,2073.0,0.0,341.0
2015-03-16 02:00:00+02:00,19.0,2009.0,0.0,515.0,2072.0,0.0,338.0
2015-03-16 03:00:00+02:00,19.0,2108.0,0.0,516.0,2073.0,0.0,366.0
2015-03-16 04:00:00+02:00,19.0,2118.0,0.0,515.0,2073.0,0.0,384.0
2015-03-16 05:00:00+02:00,19.0,2140.0,0.0,519.0,2074.0,0.0,402.0
2015-03-16 06:00:00+02:00,20.0,2243.0,0.0,551.0,2072.0,3.0,410.0
2015-03-16 07:00:00+02:00,19.0,2419.0,77.0,800.0,2072.0,70.0,367.0
2015-03-16 08:00:00+02:00,20.0,2358.0,122.0,1001.0,2072.0,246.0,323.0
2015-03-16 09:00:00+02:00,19.0,2247.0,103.0,977.0,2071.0,413.0,380.0
2015-03-16 10:00:00+02:00,20.0,2066.0,4.0,902.0,2069.0,537.0,417.0
2015-03-16 11:00:00+02:00,21.0,2022.0,0.0,710.0,2069.0,597.0,434.0
2015-03-16 12:00:00+02:00,21.0,2065.0,0.0,557.0,2071.0,595.0,427.0
2015-03-16 13:00:00+02:00,20.0,2116.0,0.0,541.0,2073.0,552.0,444.0
2015-03-16 14:00:00+02:00,20.0,2008.0,0.0,557.0,2073.0,503.0,471.0
2015-03-16 15:00:00+02:00,20.0,2053.0,0.0,635.0,2071.0,358.0,482.0
2015-03-16 16:00:00+02:00,21.0,2159.0,0.0,678.0,2072.0,216.0,474.0
2015-03-16 17:00:00+02:00,23.0,2356.0,39.0,805.0,2073.0,62.0,446.0
2015-03-16 18:00:00+02:00,21.0,2369.0,514.0,948.0,2072.0,1.0,381.0
2015-03-16 19:00:00+02:00,20.0,2408.0,903.0,1069.0,2070.0,0.0,328.0
2015-03-16 20:00:00+02:00,20.0,2284.0,844.0,972.0,2073.0,0.0,366.0
2015-03-16 21:00:00+02:00,20.0,2261.0,697.0,789.0,2076.0,0.0,409.0
2015-03-16 22:00:00+02:00,19.0,2283.0,514.0,772.0,2076.0,0.0,413.0
2015-03-16 23:00:00+02:00,19.0,2162.0,82.0,765.0,2075.0,0.0,389.0
2015-03-17 00:00:00+02:00,21.0,2083.0,29.0,628.0,2072.0,0.0,401.0
2015-03-17 01:00:00+02:00,21.0,2174.0,0.0,610.0,2073.0,0.0,404.0
2015-03-17 02:00:00+02:00,21.0,2232.0,0.0,564.0,2074.0,0.0,373.0
2015-03-17 03:00:00+02:00,20.0,2212.0,0.0,564.0,2075.0,0.0,362.0
2015-03-17 04:00:00+02:00,19.0,2180.0,0.0,563.0,2073.0,0.0,403.0
2015-03-17 05:00:00+02:00,20.0,2257.0,0.0,580.0,2071.0,0.0,425.0
2015-03-17 06:00:00+02:00,21.0,2264.0,44.0,761.0,2073.0,10.0,425.0
2015-03-17 07:00:00+02:00,21.0,2332.0,82.0,999.0,2073.0,154.0,388.0
2015-03-17 08:00:00+02:00,21.0,2339.0,81.0,1041.0,2073.0,407.0,324.0
2015-03-17 09:00:00+02:00,20.0,2298.0,58.0,1004.0,2071.0,611.0,359.0
2015-03-17 10:00:00+02:00,21.0,2148.0,0.0,852.0,2071.0,734.0,403.0
2015-03-17 11:00:00+02:00,23.0,2055.0,0.0,755.0,2071.0,758.0,454.0
2015-03-17 12:00:00+02:00,21.0,2059.0,0.0,671.0,2074.0,707.0,474.0
2015-03-17 13:00:00+02:00,21.0,2082.0,0.0,621.0,2072.0,602.0,416.0
2015-03-17 14:00:00+02:00,21.0,2077.0,0.0,715.0,2072.0,505.0,386.0
2015-03-17 15:00:00+02:00,21.0,2155.0,0.0,775.0,2073.0,395.0,364.0
2015-03-17 16:00:00+02:00,23.0,2310.0,0.0,841.0,2074.0,253.0,388.0
2015-03-17 17:00:00+02:00,22.0,2394.0,124.0,982.0,2072.0,81.0,364.0
2015-03-17 18:00:00+02:00,22.0,2479.0,706.0,1186.0,2070.0,2.0,171.0
2015-03-17 19:00:00+02:00,21.0,2594.0,1150.0,1220.0,2071.0,0.0,109.0
2015-03-17 20:00:00+02:00,21.0,2583.0,924.0,1232.0,2073.0,0.0,80.0
2015-03-17 21:00:00+02:00,22.0,2594.0,775.0,1210.0,2073.0,0.0,43.0
2015-03-17 22:00:00+02:00,21.0,2596.0,607.0,1189.0,2071.0,0.0,35.0
2015-03-17 23:00:00+02:00,21.0,2482.0,127.0,1119.0,2072.0,0.0,56.0
2015-03-18 00:00:00+02:00,20.0,2286.0,82.0,1001.0,2073.0,0.0,122.0
2015-03-18 01:00:00+02:00,22.0,2310.0,42.0,895.0,2074.0,0.0,207.0
2015-03-18 02:00:00+02:00,21.0,2291.0,0.0,871.0,2072.0,0.0,287.0
2015-03-18 03:00:00+02:00,22.0,2276.0,0.0,874.0,2072.0,0.0,326.0
2015-03-18 04:00:00+02:00,21.0,2274.0,0.0,869.0,2073.0,0.0,329.0
2015-03-18 05:00:00+02:00,23.0,2385.0,0.0,873.0,2073.0,0.0,274.0
2015-03-18 06:00:00+02:00,23.0,2511.0,96.0,973.0,2074.0,8.0,265.0
2015-03-18 07:00:00+02:00,22.0,2675.0,164.0,1122.0,2073.0,130.0,271.0
2015-03-18 08:00:00+02:00,23.0,2615.0,249.0,1182.0,2072.0,329.0,215.0
2015-03-18 09:00:00+02:00,20.0,2601.0,107.0,1074.0,2073.0,529.0,303.0
2015-03-18 10:00:00+02:00,23.0,2491.0,40.0,875.0,2072.0,628.0,348.0
2015-03-18 11:00:00+02:00,22.0,2563.0,78.0,928.0,2072.0,634.0,291.0
2015-03-18 12:00:00+02:00,23.0,2607.0,81.0,957.0,2074.0,570.0,221.0
2015-03-18 13:00:00+02:00,23.0,2625.0,163.0,974.0,2075.0,531.0,137.0
2015-03-18 14:00:00+02:00,22.0,2652.0,144.0,978.0,2074.0,488.0,120.0
2015-03-18 15:00:00+02:00,24.0,2656.0,55.0,997.0,2073.0,369.0,167.0
2015-03-18 16:00:00+02:00,22.0,2662.0,54.0,1086.0,2072.0,231.0,208.0
2015-03-18 17:00:00+02:00,22.0,2670.0,281.0,1169.0,2071.0,97.0,177.0
2015-03-18 18:00:00+02:00,23.0,2694.0,872.0,1226.0,2073.0,4.0,163.0
2015-03-18 19:00:00+02:00,24.0,2848.0,1152.0,1259.0,2077.0,0.0,182.0
2015-03-18 20:00:00+02:00,23.0,2733.0,967.0,1251.0,2076.0,0.0,190.0
2015-03-18 21:00:00+02:00,23.0,2636.0,884.0,1231.0,2073.0,0.0,177.0
2015-03-18 22:00:00+02:00,24.0,2662.0,684.0,1204.0,2073.0,0.0,184.0
2015-03-18 23:00:00+02:00,24.0,2593.0,180.0,1139.0,2073.0,0.0,215.0
2015-03-19 00:00:00+02:00,25.0,2497.0,167.0,1097.0,2073.0,0.0,169.0
2015-03-19 01:00:00+02:00,25.0,2494.0,182.0,1135.0,2074.0,0.0,117.0
2015-03-19 02:00:00+02:00,23.0,2438.0,154.0,1142.0,2073.0,0.0,118.0
2015-03-19 03:00:00+02:00,23.0,2464.0,138.0,1115.0,2073.0,0.0,98.0
2015-03-19 04:00:00+02:00,24.0,2454.0,142.0,1119.0,2072.0,0.0,92.0
2015-03-19 05:00:00+02:00,23.0,2428.0,128.0,1133.0,2072.0,0.0,56.0
2015-03-19 06:00:00+02:00,22.0,2483.0,114.0,1181.0,2072.0,6.0,48.0
2015-03-19 07:00:00+02:00,22.0,2660.0,472.0,1216.0,2074.0,84.0,27.0
2015-03-19 08:00:00+02:00,22.0,2732.0,668.0,1213.0,2075.0,216.0,27.0
2015-03-19 09:00:00+02:00,22.0,2677.0,669.0,1219.0,2074.0,325.0,18.0
2015-03-19 10:00:00+02:00,23.0,2789.0,399.0,1206.0,2073.0,423.0,6.0
2015-03-19 11:00:00+02:00,20.0,2818.0,415.0,1226.0,2073.0,492.0,3.0
2015-03-19 12:00:00+02:00,17.0,2797.0,421.0,1209.0,2075.0,478.0,5.0
2015-03-19 13:00:00+02:00,21.0,2813.0,409.0,1214.0,2071.0,432.0,9.0
2015-03-19 14:00:00+02:00,20.0,2792.0,371.0,1222.0,2070.0,302.0,7.0
2015-03-19 15:00:00+02:00,21.0,2788.0,371.0,1210.0,2070.0,173.0,3.0
2015-03-19 16:00:00+02:00,20.0,2808.0,441.0,1200.0,2073.0,82.0,6.0
2015-03-19 17:00:00+02:00,21.0,2829.0,515.0,1174.0,2073.0,21.0,6.0
2015-03-19 18:00:00+02:00,22.0,2822.0,848.0,1229.0,2072.0,0.0,9.0
2015-03-19 19:00:00+02:00,20.0,2798.0,980.0,1238.0,2070.0,0.0,10.0
2015-03-19 20:00:00+02:00,22.0,2823.0,893.0,1258.0,2071.0,0.0,11.0
2015-03-19 21:00:00+02:00,22.0,2819.0,471.0,1270.0,2073.0,0.0,13.0
2015-03-19 22:00:00+02:00,23.0,2807.0,336.0,1221.0,2071.0,0.0,14.0
2015-03-19 23:00:00+02:00,22.0,2647.0,92.0,1123.0,2071.0,0.0,15.0
2015-03-20 00:00:00+02:00,22.0,2523.0,96.0,1149.0,2072.0,0.0,22.0
2015-03-20 01:00:00+02:00,21.0,2398.0,0.0,728.0,2074.0,0.0,66.0
2015-03-20 02:00:00+02:00,22.0,2406.0,0.0,770.0,2072.0,0.0,133.0
2015-03-20 03:00:00+02:00,22.0,2430.0,0.0,778.0,2071.0,0.0,241.0
2015-03-20 04:00:00+02:00,20.0,2433.0,0.0,756.0,2070.0,0.0,313.0
2015-03-20 05:00:00+02:00,20.0,2435.0,0.0,782.0,2071.0,0.0,291.0
2015-03-20 06:00:00+02:00,21.0,2506.0,82.0,813.0,2071.0,2.0,310.0
2015-03-20 07:00:00+02:00,21.0,2467.0,220.0,1116.0,2072.0,36.0,292.0
2015-03-20 08:00:00+02:00,20.0,2554.0,260.0,1170.0,2070.0,111.0,371.0
2015-03-20 09:00:00+02:00,20.0,2555.0,213.0,1132.0,2070.0,214.0,417.0
2015-03-20 10:00:00+02:00,21.0,2540.0,84.0,1017.0,2072.0,315.0,451.0
2015-03-20 11:00:00+02:00,23.0,2542.0,64.0,980.0,2073.0,309.0,471.0
2015-03-20 12:00:00+02:00,20.0,2530.0,113.0,1019.0,2072.0,366.0,456.0
2015-03-20 13:00:00+02:00,19.0,2506.0,41.0,936.0,2072.0,428.0,472.0
2015-03-20 14:00:00+02:00,22.0,2527.0,11.0,897.0,2072.0,393.0,469.0
2015-03-20 15:00:00+02:00,22.0,2541.0,35.0,972.0,2073.0,290.0,452.0
2015-03-20 16:00:00+02:00,21.0,2543.0,41.0,942.0,2073.0,180.0,433.0
2015-03-20 17:00:00+02:00,21.0,2524.0,108.0,1151.0,2072.0,60.0,390.0
2015-03-20 18:00:00+02:00,20.0,2708.0,471.0,1237.0,2072.0,3.0,341.0
2015-03-20 19:00:00+02:00,20.0,2826.0,718.0,1287.0,2071.0,0.0,449.0
2015-03-20 20:00:00+02:00,21.0,2825.0,348.0,1270.0,2073.0,0.0,478.0
2015-03-20 21:00:00+02:00,22.0,2741.0,221.0,1228.0,2074.0,0.0,498.0
2015-03-20 22:00:00+02:00,21.0,2502.0,170.0,1163.0,2073.0,0.0,504.0
2015-03-20 23:00:00+02:00,21.0,2475.0,32.0,828.0,2073.0,0.0,487.0
2015-03-21 00:00:00+02:00,20.0,2448.0,0.0,641.0,2074.0,0.0,541.0
2015-03-21 01:00:00+02:00,22.0,2447.0,0.0,669.0,2075.0,0.0,541.0
2015-03-21 02:00:00+02:00,22.0,2444.0,0.0,621.0,2074.0,0.0,538.0
2015-03-21 03:00:00+02:00,22.0,2446.0,0.0,602.0,2072.0,0.0,533.0
2015-03-21 04:00:00+02:00,22.0,2445.0,8.0,598.0,2071.0,0.0,527.0
2015-03-21 05:00:00+02:00,22.0,2449.0,41.0,620.0,2072.0,0.0,525.0
2015-03-21 06:00:00+02:00,22.0,2453.0,46.0,746.0,2071.0,8.0,509.0
2015-03-21 07:00:00+02:00,22.0,2429.0,106.0,985.0,2070.0,115.0,465.0
2015-03-21 08:00:00+02:00,22.0,2386.0,10.0,960.0,2072.0,335.0,397.0
2015-03-21 09:00:00+02:00,22.0,2358.0,0.0,826.0,2072.0,551.0,337.0
2015-03-21 10:00:00+02:00,21.0,2374.0,21.0,863.0,2073.0,735.0,312.0
2015-03-21 11:00:00+02:00,22.0,2231.0,40.0,891.0,2071.0,803.0,287.0
2015-03-21 12:00:00+02:00,21.0,2199.0,2.0,846.0,2071.0,750.0,264.0
2015-03-21 13:00:00+02:00,22.0,2211.0,0.0,824.0,2072.0,703.0,164.0
2015-03-21 14:00:00+02:00,21.0,2279.0,0.0,805.0,2071.0,633.0,100.0
2015-03-21 15:00:00+02:00,21.0,2196.0,0.0,707.0,2070.0,521.0,58.0
2015-03-21 16:00:00+02:00,22.0,2195.0,26.0,812.0,2072.0,349.0,59.0
2015-03-21 17:00:00+02:00,22.0,2196.0,386.0,841.0,2073.0,121.0,27.0
2015-03-21 18:00:00+02:00,22.0,2313.0,753.0,943.0,2072.0,4.0,17.0
2015-03-21 19:00:00+02:00,21.0,2439.0,1036.0,1237.0,2072.0,0.0,31.0
2015-03-21 20:00:00+02:00,22.0,2442.0,829.0,1228.0,2073.0,0.0,33.0
2015-03-21 21:00:00+02:00,21.0,2446.0,493.0,1249.0,2074.0,0.0,63.0
2015-03-21 22:00:00+02:00,21.0,2435.0,329.0,1147.0,2073.0,0.0,126.0
2015-03-21 23:00:00+02:00,22.0,2441.0,273.0,858.0,2073.0,0.0,188.0
2015-03-22 00:00:00+02:00,22.0,2435.0,116.0,740.0,2074.0,0.0,239.0
2015-03-22 01:00:00+02:00,22.0,2432.0,116.0,653.0,2073.0,0.0,237.0
2015-03-22 02:00:00+02:00,21.0,2423.0,5.0,605.0,2072.0,0.0,229.0
2015-03-22 03:00:00+02:00,23.0,2424.0,0.0,599.0,2072.0,0.0,211.0
2015-03-22 04:00:00+02:00,22.0,2428.0,0.0,593.0,2074.0,0.0,193.0
2015-03-22 05:00:00+02:00,21.0,2426.0,0.0,586.0,2073.0,0.0,173.0
2015-03-22 06:00:00+02:00,22.0,2429.0,0.0,598.0,2074.0,18.0,127.0
2015-03-22 07:00:00+02:00,20.0,2431.0,37.0,763.0,2073.0,176.0,97.0
2015-03-22 08:00:00+02:00,20.0,2459.0,41.0,877.0,2074.0,406.0,39.0
2015-03-22 09:00:00+02:00,22.0,2388.0,40.0,869.0,2075.0,606.0,14.0
2015-03-22 10:00:00+02:00,21.0,2279.0,23.0,764.0,2073.0,738.0,12.0
2015-03-22 11:00:00+02:00,23.0,2140.0,0.0,720.0,2074.0,806.0,13.0
2015-03-22 12:00:00+02:00,23.0,2032.0,0.0,737.0,2072.0,800.0,14.0
2015-03-22 13:00:00+02:00,23.0,2026.0,0.0,684.0,2072.0,740.0,38.0
2015-03-22 14:00:00+02:00,23.0,2026.0,0.0,684.0,2073.0,603.0,60.0
2015-03-22 15:00:00+02:00,23.0,2072.0,26.0,779.0,2072.0,426.0,71.0
2015-03-22 16:00:00+02:00,22.0,2151.0,45.0,860.0,2072.0,201.0,80.0
2015-03-22 17:00:00+02:00,23.0,2360.0,155.0,1007.0,2073.0,51.0,77.0
2015-03-22 18:00:00+02:00,22.0,2403.0,494.0,1171.0,2074.0,1.0,106.0
2015-03-22 19:00:00+02:00,21.0,2442.0,957.0,1319.0,2074.0,0.0,65.0
2015-03-22 20:00:00+02:00,22.0,2421.0,798.0,1317.0,2073.0,0.0,15.0
2015-03-22 21:00:00+02:00,23.0,2428.0,467.0,1263.0,2074.0,0.0,9.0
2015-03-22 22:00:00+02:00,23.0,2417.0,204.0,1228.0,2073.0,0.0,26.0
2015-03-22 23:00:00+02:00,22.0,2428.0,0.0,993.0,2072.0,0.0,56.0
2015-03-23 00:00:00+02:00,21.0,2437.0,0.0,641.0,2073.0,0.0,116.0
2015-03-23 01:00:00+02:00,22.0,2408.0,0.0,592.0,2075.0,0.0,321.0
2015-03-23 02:00:00+02:00,23.0,2269.0,0.0,518.0,2073.0,0.0,477.0
2015-03-23 03:00:00+02:00,22.0,2225.0,0.0,511.0,2072.0,0.0,480.0
2015-03-23 04:00:00+02:00,21.0,2223.0,0.0,515.0,2072.0,0.0,448.0
2015-03-23 05:00:00+02:00,21.0,2230.0,0.0,535.0,2072.0,0.0,423.0
2015-03-23 06:00:00+02:00,22.0,2371.0,0.0,717.0,2072.0,4.0,447.0
2015-03-23 07:00:00+02:00,23.0,2472.0,56.0,968.0,2072.0,57.0,467.0
2015-03-23 08:00:00+02:00,20.0,2545.0,75.0,1115.0,2072.0,154.0,457.0
2015-03-23 09:00:00+02:00,20.0,2529.0,41.0,1069.0,2074.0,256.0,479.0
2015-03-23 10:00:00+02:00,19.0,2522.0,73.0,1076.0,2073.0,341.0,478.0
2015-03-23 11:00:00+02:00,20.0,2536.0,48.0,1034.0,2071.0,375.0,454.0
2015-03-23 12:00:00+02:00,20.0,2544.0,11.0,1018.0,2069.0,363.0,405.0
2015-03-23 13:00:00+02:00,20.0,2574.0,0.0,1074.0,2071.0,315.0,339.0
2015-03-23 14:00:00+02:00,21.0,2698.0,12.0,1184.0,2071.0,244.0,243.0
2015-03-23 15:00:00+02:00,20.0,2646.0,168.0,1168.0,2071.0,177.0,161.0
2015-03-23 16:00:00+02:00,20.0,2584.0,350.0,1069.0,2070.0,99.0,131.0
2015-03-23 17:00:00+02:00,21.0,2593.0,566.0,1108.0,2070.0,33.0,99.0
2015-03-23 18:00:00+02:00,21.0,2802.0,722.0,1229.0,2072.0,1.0,69.0
2015-03-23 19:00:00+02:00,21.0,2801.0,992.0,1300.0,2071.0,0.0,42.0
2015-03-23 20:00:00+02:00,21.0,2668.0,832.0,1284.0,2071.0,0.0,21.0
2015-03-23 21:00:00+02:00,20.0,2511.0,719.0,1268.0,2072.0,0.0,20.0
2015-03-23 22:00:00+02:00,20.0,2483.0,633.0,1249.0,2074.0,0.0,16.0
2015-03-23 23:00:00+02:00,21.0,2499.0,144.0,1154.0,2074.0,0.0,8.0
2015-03-24 00:00:00+02:00,21.0,2497.0,6.0,836.0,2073.0,0.0,4.0
2015-03-24 01:00:00+02:00,21.0,2484.0,0.0,792.0,2072.0,0.0,3.0
2015-03-24 02:00:00+02:00,21.0,2480.0,0.0,717.0,2073.0,0.0,4.0
2015-03-24 03:00:00+02:00,21.0,2484.0,0.0,715.0,2073.0,0.0,3.0
2015-03-24 04:00:00+02:00,20.0,2496.0,0.0,695.0,2073.0,0.0,4.0
2015-03-24 05:00:00+02:00,21.0,2565.0,14.0,735.0,2072.0,0.0,5.0
2015-03-24 06:00:00+02:00,21.0,2496.0,134.0,964.0,2073.0,4.0,10.0
2015-03-24 07:00:00+02:00,20.0,2721.0,319.0,1184.0,2074.0,56.0,9.0
2015-03-24 08:00:00+02:00,21.0,2789.0,334.0,1256.0,2072.0,163.0,6.0
2015-03-24 09:00:00+02:00,22.0,2787.0,203.0,1312.0,2070.0,307.0,8.0
2015-03-24 10:00:00+02:00,22.0,2794.0,76.0,1095.0,2070.0,455.0,13.0
2015-03-24 11:00:00+02:00,22.0,2682.0,65.0,1113.0,2072.0,557.0,27.0
2015-03-24 12:00:00+02:00,21.0,2620.0,59.0,1037.0,2070.0,604.0,34.0
2015-03-24 13:00:00+02:00,21.0,2663.0,28.0,1040.0,2069.0,631.0,42.0
2015-03-24 14:00:00+02:00,22.0,2686.0,27.0,1033.0,2070.0,594.0,58.0
2015-03-24 15:00:00+02:00,24.0,2750.0,85.0,1098.0,2071.0,475.0,74.0
2015-03-24 16:00:00+02:00,23.0,2799.0,181.0,1057.0,2070.0,292.0,88.0
2015-03-24 17:00:00+02:00,23.0,2787.0,204.0,1148.0,2070.0,95.0,102.0
2015-03-24 18:00:00+02:00,23.0,2781.0,540.0,1261.0,2072.0,4.0,108.0
2015-03-24 19:00:00+02:00,23.0,2810.0,1054.0,1320.0,2075.0,0.0,132.0
2015-03-24 20:00:00+02:00,24.0,2730.0,854.0,1329.0,2074.0,0.0,148.0
2015-03-24 21:00:00+02:00,23.0,2723.0,592.0,1287.0,2071.0,0.0,171.0
2015-03-24 22:00:00+02:00,23.0,2716.0,411.0,1260.0,2071.0,0.0,178.0
2015-03-24 23:00:00+02:00,24.0,2654.0,52.0,1054.0,2072.0,0.0,194.0
2015-03-25 00:00:00+02:00,22.0,2556.0,0.0,774.0,2072.0,0.0,180.0
2015-03-25 01:00:00+02:00,22.0,2491.0,0.0,740.0,2071.0,0.0,196.0
2015-03-25 02:00:00+02:00,24.0,2410.0,0.0,750.0,2073.0,0.0,214.0
2015-03-25 03:00:00+02:00,23.0,2530.0,0.0,715.0,2072.0,0.0,245.0
2015-03-25 04:00:00+02:00,23.0,2560.0,0.0,728.0,2072.0,0.0,230.0
2015-03-25 05:00:00+02:00,21.0,2541.0,0.0,789.0,2071.0,0.0,239.0
2015-03-25 06:00:00+02:00,22.0,2549.0,49.0,916.0,2075.0,14.0,226.0
2015-03-25 07:00:00+02:00,23.0,2572.0,81.0,1085.0,2073.0,129.0,229.0
2015-03-25 08:00:00+02:00,23.0,2629.0,83.0,1027.0,2072.0,329.0,226.0
2015-03-25 09:00:00+02:00,23.0,2619.0,30.0,881.0,2070.0,507.0,210.0
2015-03-25 10:00:00+02:00,22.0,2510.0,0.0,790.0,2071.0,599.0,215.0
2015-03-25 11:00:00+02:00,22.0,2364.0,0.0,841.0,2071.0,624.0,208.0
2015-03-25 12:00:00+02:00,22.0,2368.0,0.0,882.0,2072.0,560.0,180.0
2015-03-25 13:00:00+02:00,21.0,2387.0,0.0,919.0,2070.0,446.0,188.0
2015-03-25 14:00:00+02:00,23.0,2613.0,67.0,810.0,2069.0,303.0,178.0
2015-03-25 15:00:00+02:00,23.0,2616.0,157.0,894.0,2071.0,178.0,158.0
2015-03-25 16:00:00+02:00,23.0,2623.0,205.0,1034.0,2071.0,86.0,144.0
2015-03-25 17:00:00+02:00,23.0,2616.0,372.0,1133.0,2070.0,30.0,133.0
2015-03-25 18:00:00+02:00,22.0,2623.0,592.0,1339.0,2071.0,2.0,142.0
2015-03-25 19:00:00+02:00,22.0,2648.0,844.0,1430.0,2072.0,0.0,161.0
2015-03-25 20:00:00+02:00,23.0,2605.0,661.0,1353.0,2072.0,0.0,170.0
2015-03-25 21:00:00+02:00,23.0,2681.0,395.0,1290.0,2072.0,0.0,185.0
2015-03-25 22:00:00+02:00,23.0,2730.0,280.0,1130.0,2071.0,0.0,208.0
2015-03-25 23:00:00+02:00,22.0,2551.0,106.0,896.0,2072.0,0.0,178.0
2015-03-26 00:00:00+02:00,21.0,2440.0,25.0,667.0,2072.0,0.0,147.0
2015-03-26 01:00:00+02:00,23.0,2467.0,0.0,579.0,2071.0,0.0,142.0
2015-03-26 02:00:00+02:00,22.0,2402.0,0.0,578.0,2070.0,0.0,116.0
2015-03-26 03:00:00+02:00,22.0,2404.0,0.0,577.0,2072.0,0.0,140.0
2015-03-26 04:00:00+02:00,22.0,2399.0,0.0,577.0,2073.0,0.0,148.0
2015-03-26 05:00:00+02:00,24.0,2479.0,0.0,606.0,2074.0,0.0,137.0
2015-03-26 06:00:00+02:00,23.0,2411.0,51.0,754.0,2074.0,16.0,132.0
2015-03-26 07:00:00+02:00,23.0,2525.0,220.0,1039.0,2074.0,142.0,113.0
2015-03-26 08:00:00+02:00,24.0,2600.0,111.0,1083.0,2072.0,352.0,92.0
2015-03-26 09:00:00+02:00,22.0,2569.0,81.0,906.0,2072.0,514.0,82.0
2015-03-26 10:00:00+02:00,22.0,2362.0,43.0,834.0,2072.0,665.0,101.0
2015-03-26 11:00:00+02:00,23.0,2230.0,40.0,853.0,2072.0,744.0,118.0
2015-03-26 12:00:00+02:00,22.0,2198.0,41.0,757.0,2072.0,750.0,122.0
2015-03-26 13:00:00+02:00,22.0,2210.0,41.0,789.0,2071.0,661.0,91.0
2015-03-26 14:00:00+02:00,24.0,2306.0,41.0,855.0,2073.0,498.0,101.0
2015-03-26 15:00:00+02:00,24.0,2441.0,40.0,870.0,2070.0,379.0,96.0
2015-03-26 16:00:00+02:00,23.0,2464.0,40.0,910.0,2072.0,200.0,111.0
2015-03-26 17:00:00+02:00,23.0,2592.0,109.0,1011.0,2072.0,62.0,120.0
2015-03-26 18:00:00+02:00,22.0,2573.0,363.0,1228.0,2072.0,2.0,144.0
2015-03-26 19:00:00+02:00,24.0,2569.0,644.0,1425.0,2070.0,0.0,151.0
2015-03-26 20:00:00+02:00,24.0,2522.0,410.0,1477.0,2068.0,0.0,151.0
2015-03-26 21:00:00+02:00,22.0,2477.0,210.0,1423.0,2072.0,0.0,179.0
2015-03-26 22:00:00+02:00,23.0,2466.0,135.0,1291.0,2073.0,0.0,189.0
2015-03-26 23:00:00+02:00,23.0,2436.0,20.0,793.0,2073.0,0.0,184.0
2015-03-27 00:00:00+02:00,22.0,2296.0,0.0,671.0,2071.0,0.0,161.0
2015-03-27 01:00:00+02:00,22.0,2175.0,0.0,611.0,2069.0,0.0,161.0
2015-03-27 02:00:00+02:00,23.0,2196.0,0.0,593.0,2067.0,0.0,157.0
2015-03-27 03:00:00+02:00,22.0,2199.0,0.0,606.0,2067.0,0.0,120.0
2015-03-27 04:00:00+02:00,22.0,2204.0,0.0,595.0,2070.0,0.0,91.0
2015-03-27 05:00:00+02:00,24.0,2175.0,0.0,597.0,2069.0,0.0,79.0
2015-03-27 06:00:00+02:00,24.0,2400.0,8.0,800.0,2069.0,1.0,66.0
2015-03-27 07:00:00+02:00,23.0,2455.0,165.0,1069.0,2067.0,18.0,81.0
2015-03-27 08:00:00+02:00,25.0,2549.0,192.0,1121.0,2067.0,54.0,166.0
2015-03-27 09:00:00+02:00,22.0,2512.0,187.0,1124.0,2065.0,117.0,174.0
2015-03-27 10:00:00+02:00,20.0,2540.0,180.0,1129.0,2067.0,173.0,98.0
2015-03-27 11:00:00+02:00,20.0,2602.0,177.0,984.0,2067.0,170.0,101.0
2015-03-27 12:00:00+02:00,21.0,2550.0,114.0,1041.0,2066.0,176.0,92.0
2015-03-27 13:00:00+02:00,20.0,2546.0,182.0,1042.0,2067.0,121.0,87.0
2015-03-27 14:00:00+02:00,22.0,2623.0,122.0,1059.0,2065.0,114.0,80.0
2015-03-27 15:00:00+02:00,24.0,2597.0,172.0,1129.0,2067.0,68.0,86.0
2015-03-27 16:00:00+02:00,21.0,2569.0,215.0,1174.0,2066.0,28.0,92.0
2015-03-27 17:00:00+02:00,22.0,2566.0,271.0,1258.0,2065.0,12.0,93.0
2015-03-27 18:00:00+02:00,23.0,2551.0,627.0,1262.0,2067.0,1.0,104.0
2015-03-27 19:00:00+02:00,23.0,2616.0,863.0,1273.0,2066.0,0.0,118.0
2015-03-27 20:00:00+02:00,23.0,2548.0,652.0,1253.0,2066.0,0.0,110.0
2015-03-27 21:00:00+02:00,23.0,2535.0,505.0,1135.0,2068.0,0.0,108.0
2015-03-27 22:00:00+02:00,23.0,2474.0,312.0,1123.0,2067.0,0.0,96.0
2015-03-27 23:00:00+02:00,22.0,2422.0,2.0,942.0,2065.0,0.0,103.0
2015-03-28 00:00:00+02:00,20.0,2365.0,0.0,834.0,2063.0,0.0,120.0
2015-03-28 01:00:00+02:00,21.0,2354.0,0.0,740.0,2064.0,0.0,96.0
2015-03-28 02:00:00+02:00,22.0,2327.0,0.0,725.0,2066.0,0.0,65.0
2015-03-28 03:00:00+02:00,22.0,2288.0,0.0,704.0,2064.0,0.0,65.0
2015-03-28 04:00:00+02:00,21.0,2268.0,0.0,703.0,2063.0,0.0,101.0
2015-03-28 05:00:00+02:00,21.0,2170.0,0.0,687.0,2062.0,0.0,89.0
2015-03-28 06:00:00+02:00,20.0,2239.0,0.0,784.0,2060.0,3.0,50.0
2015-03-28 07:00:00+02:00,20.0,2321.0,23.0,972.0,2063.0,32.0,79.0
2015-03-28 08:00:00+02:00,20.0,2306.0,3.0,993.0,2061.0,68.0,112.0
2015-03-28 09:00:00+02:00,21.0,2313.0,33.0,1098.0,2060.0,108.0,101.0
2015-03-28 10:00:00+02:00,22.0,2284.0,234.0,1079.0,2062.0,143.0,22.0
2015-03-28 11:00:00+02:00,20.0,2262.0,217.0,1094.0,2060.0,165.0,9.0
2015-03-28 12:00:00+02:00,20.0,2258.0,182.0,1094.0,2059.0,158.0,10.0
2015-03-28 13:00:00+02:00,21.0,2175.0,177.0,1069.0,2063.0,153.0,31.0
2015-03-28 14:00:00+02:00,21.0,2152.0,92.0,1015.0,2065.0,151.0,44.0
2015-03-28 15:00:00+02:00,22.0,2236.0,82.0,963.0,2064.0,110.0,59.0
2015-03-28 16:00:00+02:00,22.0,2198.0,282.0,989.0,2065.0,65.0,54.0
2015-03-28 17:00:00+02:00,21.0,2289.0,378.0,1047.0,2063.0,17.0,71.0
2015-03-28 18:00:00+02:00,22.0,2306.0,589.0,1083.0,2059.0,1.0,71.0
2015-03-28 19:00:00+02:00,22.0,2290.0,809.0,1280.0,2057.0,0.0,58.0
2015-03-28 20:00:00+02:00,21.0,2305.0,616.0,1263.0,2058.0,0.0,64.0
2015-03-28 21:00:00+02:00,21.0,2338.0,421.0,1113.0,2057.0,0.0,92.0
2015-03-28 22:00:00+02:00,21.0,2398.0,228.0,1013.0,2057.0,0.0,108.0
2015-03-28 23:00:00+02:00,22.0,2408.0,17.0,986.0,2059.0,0.0,110.0
2015-03-29 00:00:00+02:00,22.0,2199.0,0.0,980.0,2059.0,0.0,117.0
2015-03-29 01:00:00+02:00,23.0,2037.0,0.0,817.0,2053.0,0.0,111.0
2015-03-29 02:00:00+02:00,24.0,2019.0,0.0,796.0,2050.0,0.0,109.0
2015-03-29 04:00:00+03:00,23.0,2103.0,0.0,774.0,2053.0,0.0,105.0
2015-03-29 05:00:00+03:00,22.0,2137.0,0.0,777.0,2056.0,0.0,80.0
2015-03-29 06:00:00+03:00,24.0,2057.0,16.0,778.0,2055.0,0.0,63.0
2015-03-29 07:00:00+03:00,23.0,2034.0,81.0,817.0,2053.0,8.0,72.0
2015-03-29 08:00:00+03:00,21.0,2115.0,81.0,931.0,2052.0,56.0,52.0
2015-03-29 09:00:00+03:00,21.0,2109.0,81.0,1056.0,2053.0,129.0,30.0
2015-03-29 10:00:00+03:00,21.0,2131.0,155.0,1137.0,2052.0,194.0,26.0
2015-03-29 11:00:00+03:00,22.0,2037.0,214.0,1149.0,2051.0,273.0,38.0
2015-03-29 12:00:00+03:00,23.0,2010.0,208.0,1175.0,2053.0,319.0,39.0
2015-03-29 13:00:00+03:00,24.0,1988.0,102.0,1049.0,2051.0,320.0,55.0
2015-03-29 14:00:00+03:00,23.0,2000.0,40.0,911.0,2053.0,298.0,69.0
2015-03-29 15:00:00+03:00,24.0,2016.0,41.0,843.0,2051.0,286.0,71.0
2015-03-29 16:00:00+03:00,23.0,2014.0,42.0,899.0,2048.0,217.0,83.0
2015-03-29 17:00:00+03:00,24.0,2001.0,283.0,932.0,2048.0,123.0,78.0
2015-03-29 18:00:00+03:00,22.0,2001.0,543.0,968.0,2049.0,42.0,53.0
2015-03-29 19:00:00+03:00,24.0,2110.0,597.0,1200.0,2049.0,3.0,40.0
2015-03-29 20:00:00+03:00,24.0,2259.0,731.0,1275.0,2047.0,0.0,36.0
2015-03-29 21:00:00+03:00,24.0,2149.0,625.0,1244.0,2049.0,0.0,31.0
2015-03-29 22:00:00+03:00,25.0,2082.0,480.0,1128.0,2051.0,0.0,32.0
2015-03-29 23:00:00+03:00,25.0,2130.0,87.0,1086.0,2050.0,0.0,44.0
2015-03-30 00:00:00+03:00,22.0,2051.0,74.0,862.0,2049.0,0.0,58.0
2015-03-30 01:00:00+03:00,22.0,2014.0,13.0,778.0,2048.0,0.0,92.0
2015-03-30 02:00:00+03:00,23.0,2111.0,0.0,741.0,2048.0,0.0,112.0
2015-03-30 03:00:00+03:00,23.0,2062.0,0.0,732.0,2048.0,0.0,102.0
2015-03-30 04:00:00+03:00,24.0,2048.0,0.0,730.0,2049.0,0.0,104.0
2015-03-30 05:00:00+03:00,24.0,2170.0,0.0,751.0,2049.0,0.0,102.0
2015-03-30 06:00:00+03:00,22.0,2132.0,61.0,889.0,2049.0,1.0,122.0
2015-03-30 07:00:00+03:00,23.0,2268.0,240.0,891.0,2047.0,13.0,147.0
2015-03-30 08:00:00+03:00,22.0,2285.0,289.0,1044.0,2050.0,96.0,161.0
2015-03-30 09:00:00+03:00,23.0,2267.0,180.0,1031.0,2050.0,258.0,177.0
2015-03-30 10:00:00+03:00,23.0,2247.0,81.0,1018.0,2048.0,428.0,140.0
2015-03-30 11:00:00+03:00,21.0,2085.0,73.0,936.0,2042.0,628.0,144.0
2015-03-30 12:00:00+03:00,23.0,2028.0,0.0,758.0,2041.0,709.0,188.0
2015-03-30 13:00:00+03:00,23.0,2021.0,0.0,774.0,2042.0,710.0,184.0
2015-03-30 14:00:00+03:00,24.0,2006.0,0.0,765.0,2040.0,651.0,182.0
2015-03-30 15:00:00+03:00,24.0,2009.0,0.0,739.0,2039.0,536.0,197.0
2015-03-30 16:00:00+03:00,22.0,2114.0,36.0,804.0,2039.0,377.0,111.0
2015-03-30 17:00:00+03:00,22.0,2219.0,81.0,930.0,2039.0,188.0,94.0
2015-03-30 18:00:00+03:00,22.0,2167.0,347.0,929.0,2036.0,55.0,122.0
2015-03-30 19:00:00+03:00,22.0,2124.0,793.0,946.0,2039.0,3.0,107.0
2015-03-30 20:00:00+03:00,22.0,2138.0,809.0,1083.0,2039.0,0.0,113.0
2015-03-30 21:00:00+03:00,24.0,2130.0,774.0,985.0,2037.0,0.0,70.0
2015-03-30 22:00:00+03:00,22.0,2112.0,682.0,975.0,2037.0,0.0,67.0
2015-03-30 23:00:00+03:00,22.0,2115.0,215.0,954.0,2037.0,0.0,55.0
2015-03-31 00:00:00+03:00,23.0,2076.0,19.0,760.0,2041.0,0.0,61.0
