,Biomass,Fossil Brown coal/Lignite,Fossil Gas,Fossil Hard coal,Hydro Pumped Storage,Hydro Run-of-river and poundage,Hydro Water Reservoir,Nuclear,Solar,Waste,Wind Onshore
2020-05-01 01:00:00+03:00,18.0,1098.0,152.0,55.0,0.0,206.0,317.0,1070.0,0.0,4.0,87.0
2020-05-01 02:00:00+03:00,17.0,1190.0,152.0,55.0,0.0,201.0,156.0,1069.0,0.0,4.0,41.0
2020-05-01 03:00:00+03:00,18.0,1225.0,152.0,55.0,0.0,190.0,9.0,1072.0,0.0,4.0,30.0
2020-05-01 04:00:00+03:00,17.0,1162.0,152.0,55.0,0.0,212.0,9.0,1072.0,0.0,5.0,24.0
2020-05-01 05:00:00+03:00,17.0,1207.0,151.0,56.0,0.0,210.0,9.0,1072.0,0.0,5.0,35.0
2020-05-01 06:00:00+03:00,17.0,1172.0,152.0,56.0,0.0,216.0,9.0,1071.0,8.0,4.0,43.0
2020-05-01 07:00:00+03:00,18.0,1194.0,157.0,53.0,0.0,220.0,138.0,1070.0,90.0,4.0,60.0
2020-05-01 08:00:00+03:00,18.0,1063.0,156.0,54.0,0.0,221.0,493.0,1069.0,294.0,5.0,41.0
2020-05-01 09:00:00+03:00,18.0,1005.0,157.0,54.0,0.0,222.0,640.0,1069.0,498.0,5.0,17.0
2020-05-01 10:00:00+03:00,18.0,1001.0,157.0,54.0,0.0,221.0,652.0,1068.0,642.0,5.0,7.0
2020-05-01 11:00:00+03:00,17.0,1004.0,148.0,52.0,0.0,212.0,635.0,1069.0,715.0,4.0,8.0
2020-05-01 12:00:00+03:00,16.0,1005.0,146.0,52.0,0.0,212.0,636.0,1069.0,730.0,4.0,20.0
2020-05-01 13:00:00+03:00,18.0,1004.0,146.0,53.0,0.0,212.0,555.0,1069.0,670.0,4.0,35.0
2020-05-01 14:00:00+03:00,17.0,1032.0,141.0,53.0,0.0,210.0,513.0,1069.0,531.0,4.0,50.0
2020-05-01 15:00:00+03:00,17.0,1058.0,139.0,54.0,0.0,209.0,419.0,1068.0,418.0,4.0,62.0
2020-05-01 16:00:00+03:00,17.0,1081.0,141.0,54.0,0.0,211.0,499.0,1068.0,300.0,4.0,86.0
2020-05-01 17:00:00+03:00,18.0,1037.0,141.0,54.0,0.0,211.0,553.0,1069.0,168.0,5.0,190.0
2020-05-01 18:00:00+03:00,17.0,1003.0,141.0,54.0,0.0,221.0,758.0,1069.0,82.0,5.0,143.0
2020-05-01 19:00:00+03:00,18.0,1147.0,139.0,54.0,0.0,224.0,922.0,1068.0,24.0,5.0,202.0
2020-05-01 20:00:00+03:00,16.0,1281.0,141.0,53.0,0.0,225.0,922.0,1068.0,0.0,5.0,210.0
2020-05-01 21:00:00+03:00,17.0,1289.0,142.0,54.0,0.0,232.0,989.0,1069.0,0.0,5.0,163.0
2020-05-01 22:00:00+03:00,18.0,1237.0,142.0,54.0,0.0,229.0,841.0,1070.0,0.0,5.0,185.0
2020-05-01 23:00:00+03:00,17.0,1053.0,142.0,54.0,0.0,223.0,559.0,1069.0,0.0,4.0,364.0
2020-05-02 00:00:00+03:00,31.0,1082.0,153.0,57.0,0.0,266.0,125.0,1068.0,0.0,4.0,401.0
2020-05-02 01:00:00+03:00,31.0,1106.0,153.0,56.0,0.0,268.0,9.0,1071.0,0.0,4.0,188.0
2020-05-02 02:00:00+03:00,31.0,1097.0,153.0,55.0,0.0,265.0,9.0,1072.0,0.0,4.0,73.0
2020-05-02 03:00:00+03:00,30.0,1011.0,155.0,55.0,0.0,267.0,9.0,1071.0,0.0,4.0,35.0
2020-05-02 04:00:00+03:00,30.0,1013.0,155.0,55.0,0.0,271.0,9.0,1072.0,0.0,4.0,62.0
2020-05-02 05:00:00+03:00,30.0,1034.0,155.0,58.0,0.0,270.0,9.0,1073.0,0.0,4.0,34.0
2020-05-02 06:00:00+03:00,30.0,975.0,155.0,58.0,0.0,272.0,9.0,1073.0,9.0,4.0,33.0
2020-05-02 07:00:00+03:00,31.0,1133.0,158.0,58.0,0.0,279.0,80.0,1070.0,80.0,4.0,49.0
2020-05-02 08:00:00+03:00,32.0,1223.0,157.0,57.0,0.0,280.0,273.0,1068.0,243.0,4.0,31.0
2020-05-02 09:00:00+03:00,31.0,1281.0,154.0,57.0,0.0,279.0,307.0,1069.0,467.0,4.0,6.0
2020-05-02 10:00:00+03:00,31.0,1296.0,154.0,57.0,0.0,281.0,216.0,1070.0,617.0,4.0,7.0
2020-05-02 11:00:00+03:00,32.0,1297.0,148.0,56.0,0.0,267.0,327.0,1069.0,692.0,4.0,16.0
2020-05-02 12:00:00+03:00,31.0,1300.0,148.0,56.0,0.0,262.0,136.0,1069.0,690.0,4.0,70.0
2020-05-02 13:00:00+03:00,30.0,1296.0,148.0,56.0,0.0,266.0,113.0,1069.0,644.0,4.0,78.0
2020-05-02 14:00:00+03:00,30.0,1218.0,146.0,55.0,0.0,259.0,157.0,1070.0,518.0,4.0,96.0
2020-05-02 15:00:00+03:00,31.0,1208.0,146.0,55.0,0.0,256.0,184.0,1069.0,411.0,4.0,78.0
2020-05-02 16:00:00+03:00,31.0,1207.0,147.0,52.0,0.0,258.0,262.0,1068.0,309.0,4.0,106.0
2020-05-02 17:00:00+03:00,31.0,1207.0,148.0,53.0,0.0,266.0,561.0,1068.0,174.0,4.0,68.0
2020-05-02 18:00:00+03:00,29.0,1215.0,149.0,55.0,0.0,275.0,842.0,1070.0,69.0,4.0,56.0
2020-05-02 19:00:00+03:00,30.0,1277.0,143.0,53.0,0.0,275.0,859.0,1069.0,17.0,4.0,104.0
2020-05-02 20:00:00+03:00,30.0,1247.0,143.0,52.0,0.0,282.0,811.0,1068.0,0.0,4.0,153.0
2020-05-02 21:00:00+03:00,31.0,1242.0,143.0,54.0,0.0,284.0,800.0,1068.0,0.0,4.0,129.0
2020-05-02 22:00:00+03:00,30.0,1118.0,143.0,52.0,0.0,279.0,726.0,1070.0,0.0,4.0,101.0
2020-05-02 23:00:00+03:00,31.0,1020.0,141.0,54.0,0.0,284.0,685.0,1070.0,0.0,4.0,92.0
2020-05-03 00:00:00+03:00,31.0,1092.0,148.0,51.0,0.0,245.0,247.0,1068.0,0.0,4.0,69.0
2020-05-03 01:00:00+03:00,31.0,1136.0,146.0,53.0,0.0,255.0,32.0,1069.0,0.0,4.0,66.0
2020-05-03 02:00:00+03:00,31.0,1003.0,146.0,53.0,0.0,251.0,9.0,1069.0,0.0,4.0,87.0
2020-05-03 03:00:00+03:00,30.0,979.0,146.0,54.0,0.0,253.0,9.0,1069.0,0.0,4.0,49.0
2020-05-03 04:00:00+03:00,31.0,1027.0,146.0,53.0,0.0,253.0,9.0,1069.0,0.0,4.0,18.0
2020-05-03 05:00:00+03:00,31.0,1004.0,146.0,52.0,0.0,258.0,9.0,1069.0,0.0,5.0,18.0
2020-05-03 06:00:00+03:00,29.0,978.0,149.0,54.0,0.0,269.0,9.0,1070.0,4.0,5.0,27.0
2020-05-03 07:00:00+03:00,31.0,1049.0,154.0,54.0,0.0,249.0,48.0,1068.0,35.0,4.0,35.0
2020-05-03 08:00:00+03:00,30.0,1148.0,154.0,55.0,0.0,259.0,387.0,1069.0,94.0,4.0,38.0
2020-05-03 09:00:00+03:00,30.0,1146.0,154.0,55.0,0.0,261.0,531.0,1069.0,157.0,3.0,39.0
2020-05-03 10:00:00+03:00,31.0,1156.0,153.0,55.0,0.0,252.0,678.0,1069.0,216.0,3.0,26.0
2020-05-03 11:00:00+03:00,31.0,1168.0,152.0,53.0,0.0,256.0,725.0,1067.0,267.0,3.0,22.0
2020-05-03 12:00:00+03:00,31.0,1188.0,153.0,54.0,0.0,277.0,731.0,1068.0,285.0,3.0,33.0
2020-05-03 13:00:00+03:00,31.0,1209.0,151.0,55.0,0.0,259.0,649.0,1069.0,258.0,3.0,45.0
2020-05-03 14:00:00+03:00,31.0,1252.0,151.0,55.0,0.0,254.0,528.0,1068.0,225.0,3.0,46.0
2020-05-03 15:00:00+03:00,32.0,1284.0,152.0,55.0,0.0,253.0,502.0,1068.0,177.0,4.0,56.0
2020-05-03 16:00:00+03:00,32.0,1322.0,152.0,55.0,0.0,251.0,511.0,1069.0,130.0,4.0,70.0
2020-05-03 17:00:00+03:00,32.0,1380.0,151.0,55.0,0.0,253.0,560.0,1067.0,91.0,4.0,82.0
2020-05-03 18:00:00+03:00,31.0,1312.0,152.0,55.0,0.0,279.0,742.0,1067.0,46.0,4.0,83.0
2020-05-03 19:00:00+03:00,31.0,1295.0,154.0,55.0,0.0,282.0,879.0,1069.0,15.0,4.0,84.0
2020-05-03 20:00:00+03:00,31.0,1282.0,154.0,54.0,0.0,284.0,949.0,1069.0,0.0,4.0,93.0
2020-05-03 21:00:00+03:00,31.0,1227.0,155.0,53.0,0.0,283.0,908.0,1069.0,0.0,4.0,99.0
2020-05-03 22:00:00+03:00,31.0,1197.0,154.0,55.0,0.0,283.0,653.0,1069.0,0.0,4.0,113.0
2020-05-03 23:00:00+03:00,32.0,1074.0,153.0,55.0,0.0,282.0,520.0,1068.0,0.0,4.0,124.0
2020-05-04 00:00:00+03:00,31.0,1174.0,153.0,54.0,0.0,253.0,170.0,1069.0,0.0,4.0,133.0
2020-05-04 01:00:00+03:00,31.0,1205.0,154.0,56.0,0.0,258.0,9.0,1069.0,0.0,4.0,140.0
2020-05-04 02:00:00+03:00,30.0,1083.0,154.0,56.0,0.0,258.0,9.0,1070.0,0.0,4.0,147.0
2020-05-04 03:00:00+03:00,31.0,1009.0,155.0,56.0,0.0,258.0,9.0,1069.0,0.0,4.0,167.0
2020-05-04 04:00:00+03:00,31.0,1017.0,156.0,56.0,0.0,258.0,9.0,1069.0,0.0,4.0,174.0
2020-05-04 05:00:00+03:00,31.0,1084.0,157.0,53.0,0.0,262.0,9.0,1070.0,0.0,4.0,158.0
2020-05-04 06:00:00+03:00,31.0,1159.0,157.0,53.0,0.0,269.0,26.0,1068.0,2.0,5.0,176.0
2020-05-04 07:00:00+03:00,31.0,1328.0,156.0,53.0,0.0,277.0,234.0,1068.0,26.0,4.0,191.0
2020-05-04 08:00:00+03:00,31.0,1379.0,156.0,53.0,0.0,284.0,632.0,1071.0,66.0,4.0,182.0
2020-05-04 09:00:00+03:00,32.0,1405.0,154.0,53.0,0.0,283.0,762.0,1070.0,118.0,4.0,190.0
2020-05-04 10:00:00+03:00,32.0,1363.0,155.0,53.0,0.0,289.0,711.0,1069.0,175.0,4.0,188.0
2020-05-04 11:00:00+03:00,23.0,1393.0,153.0,52.0,0.0,272.0,642.0,1072.0,222.0,5.0,163.0
2020-05-04 12:00:00+03:00,29.0,1374.0,152.0,51.0,0.0,258.0,623.0,1070.0,256.0,4.0,134.0
2020-05-04 13:00:00+03:00,31.0,1401.0,151.0,51.0,0.0,266.0,609.0,1070.0,269.0,4.0,123.0
2020-05-04 14:00:00+03:00,31.0,1368.0,150.0,51.0,0.0,264.0,534.0,1072.0,248.0,4.0,122.0
2020-05-04 15:00:00+03:00,31.0,1368.0,150.0,52.0,0.0,259.0,475.0,1070.0,206.0,4.0,129.0
2020-05-04 16:00:00+03:00,32.0,1359.0,149.0,52.0,0.0,260.0,471.0,1070.0,161.0,4.0,141.0
2020-05-04 17:00:00+03:00,31.0,1425.0,148.0,52.0,0.0,263.0,581.0,1071.0,102.0,4.0,153.0
2020-05-04 18:00:00+03:00,31.0,1339.0,147.0,52.0,0.0,275.0,714.0,1071.0,56.0,4.0,301.0
2020-05-04 19:00:00+03:00,31.0,1327.0,154.0,51.0,0.0,280.0,769.0,1070.0,15.0,4.0,418.0
2020-05-04 20:00:00+03:00,32.0,1306.0,153.0,50.0,0.0,303.0,918.0,1071.0,0.0,4.0,407.0
2020-05-04 21:00:00+03:00,27.0,1221.0,144.0,51.0,0.0,189.0,898.0,1072.0,0.0,4.0,387.0
2020-05-04 22:00:00+03:00,27.0,1138.0,141.0,51.0,0.0,189.0,775.0,1070.0,0.0,4.0,389.0
2020-05-04 23:00:00+03:00,27.0,1257.0,139.0,51.0,0.0,187.0,399.0,1070.0,0.0,4.0,439.0
2020-05-05 00:00:00+03:00,32.0,1197.0,152.0,50.0,0.0,239.0,170.0,1071.0,0.0,4.0,473.0
2020-05-05 01:00:00+03:00,32.0,1174.0,152.0,51.0,0.0,236.0,32.0,1071.0,0.0,4.0,425.0
2020-05-05 02:00:00+03:00,32.0,1083.0,152.0,51.0,0.0,232.0,9.0,1070.0,0.0,4.0,437.0
2020-05-05 03:00:00+03:00,31.0,1072.0,152.0,51.0,0.0,233.0,9.0,1070.0,0.0,4.0,408.0
2020-05-05 04:00:00+03:00,31.0,1077.0,154.0,51.0,0.0,236.0,9.0,1070.0,0.0,4.0,399.0
2020-05-05 05:00:00+03:00,31.0,1115.0,149.0,51.0,0.0,240.0,9.0,1070.0,0.0,4.0,383.0
2020-05-05 06:00:00+03:00,31.0,1217.0,150.0,51.0,0.0,258.0,67.0,1070.0,8.0,4.0,342.0
2020-05-05 07:00:00+03:00,31.0,1279.0,153.0,52.0,0.0,269.0,316.0,1070.0,82.0,4.0,240.0
2020-05-05 08:00:00+03:00,31.0,1294.0,156.0,52.0,0.0,276.0,476.0,1072.0,270.0,4.0,150.0
2020-05-05 09:00:00+03:00,31.0,1329.0,153.0,52.0,0.0,276.0,522.0,1072.0,433.0,5.0,111.0
2020-05-05 10:00:00+03:00,30.0,1267.0,153.0,52.0,0.0,276.0,458.0,1069.0,585.0,5.0,101.0
2020-05-05 11:00:00+03:00,28.0,1228.0,150.0,52.0,0.0,278.0,406.0,1070.0,729.0,5.0,86.0
2020-05-05 12:00:00+03:00,28.0,1219.0,151.0,53.0,0.0,283.0,357.0,1071.0,799.0,5.0,61.0
2020-05-05 13:00:00+03:00,28.0,1217.0,153.0,53.0,0.0,272.0,277.0,1069.0,803.0,5.0,59.0
2020-05-05 14:00:00+03:00,30.0,1124.0,154.0,52.0,0.0,267.0,274.0,1071.0,739.0,4.0,76.0
2020-05-05 15:00:00+03:00,29.0,1131.0,150.0,52.0,0.0,267.0,276.0,1071.0,638.0,4.0,63.0
2020-05-05 16:00:00+03:00,30.0,1132.0,151.0,52.0,0.0,262.0,324.0,1070.0,523.0,4.0,49.0
2020-05-05 17:00:00+03:00,29.0,1160.0,151.0,52.0,0.0,263.0,415.0,1071.0,358.0,4.0,71.0
2020-05-05 18:00:00+03:00,30.0,1171.0,151.0,52.0,0.0,281.0,635.0,1072.0,177.0,4.0,82.0
2020-05-05 19:00:00+03:00,31.0,1267.0,155.0,53.0,0.0,288.0,819.0,1070.0,36.0,4.0,71.0
2020-05-05 20:00:00+03:00,30.0,1280.0,158.0,51.0,0.0,289.0,942.0,1071.0,1.0,4.0,113.0
2020-05-05 21:00:00+03:00,29.0,1306.0,154.0,51.0,0.0,293.0,969.0,1072.0,0.0,4.0,124.0
2020-05-05 22:00:00+03:00,29.0,1260.0,156.0,51.0,0.0,290.0,781.0,1070.0,0.0,4.0,127.0
2020-05-05 23:00:00+03:00,30.0,1173.0,154.0,51.0,0.0,289.0,631.0,1070.0,0.0,4.0,121.0
2020-05-06 00:00:00+03:00,31.0,1316.0,152.0,57.0,0.0,250.0,234.0,1071.0,0.0,5.0,85.0
2020-05-06 01:00:00+03:00,32.0,1289.0,153.0,57.0,0.0,244.0,26.0,1069.0,0.0,5.0,64.0
2020-05-06 02:00:00+03:00,32.0,1173.0,155.0,56.0,0.0,248.0,9.0,1070.0,0.0,5.0,96.0
2020-05-06 03:00:00+03:00,31.0,1103.0,153.0,56.0,0.0,244.0,9.0,1071.0,0.0,5.0,94.0
2020-05-06 04:00:00+03:00,32.0,1107.0,153.0,56.0,0.0,241.0,9.0,1071.0,0.0,4.0,92.0
2020-05-06 05:00:00+03:00,32.0,1119.0,156.0,55.0,0.0,253.0,9.0,1070.0,0.0,5.0,88.0
2020-05-06 06:00:00+03:00,30.0,1231.0,154.0,56.0,0.0,266.0,9.0,1071.0,6.0,4.0,67.0
2020-05-06 07:00:00+03:00,30.0,1323.0,159.0,56.0,0.0,280.0,180.0,1071.0,50.0,4.0,60.0
2020-05-06 08:00:00+03:00,31.0,1325.0,157.0,56.0,0.0,280.0,493.0,1070.0,135.0,4.0,78.0
2020-05-06 09:00:00+03:00,31.0,1326.0,158.0,57.0,0.0,281.0,763.0,1069.0,246.0,4.0,73.0
2020-05-06 10:00:00+03:00,31.0,1406.0,158.0,57.0,0.0,281.0,873.0,1069.0,342.0,5.0,46.0
2020-05-06 11:00:00+03:00,32.0,1408.0,152.0,57.0,0.0,277.0,923.0,1071.0,400.0,4.0,98.0
2020-05-06 12:00:00+03:00,33.0,1345.0,152.0,58.0,0.0,276.0,836.0,1069.0,427.0,4.0,142.0
2020-05-06 13:00:00+03:00,33.0,1326.0,151.0,56.0,0.0,273.0,616.0,1069.0,382.0,4.0,189.0
2020-05-06 14:00:00+03:00,32.0,1326.0,150.0,57.0,0.0,266.0,423.0,1070.0,285.0,4.0,353.0
2020-05-06 15:00:00+03:00,31.0,1422.0,150.0,57.0,0.0,264.0,519.0,1071.0,174.0,4.0,206.0
2020-05-06 16:00:00+03:00,32.0,1455.0,150.0,58.0,0.0,261.0,593.0,1070.0,136.0,4.0,243.0
2020-05-06 17:00:00+03:00,32.0,1371.0,151.0,58.0,0.0,264.0,641.0,1069.0,96.0,5.0,373.0
2020-05-06 18:00:00+03:00,32.0,1326.0,151.0,58.0,0.0,274.0,709.0,1070.0,61.0,5.0,399.0
2020-05-06 19:00:00+03:00,32.0,1327.0,148.0,57.0,0.0,277.0,862.0,1071.0,25.0,5.0,228.0
2020-05-06 20:00:00+03:00,32.0,1347.0,151.0,58.0,0.0,287.0,1028.0,1070.0,1.0,5.0,127.0
2020-05-06 21:00:00+03:00,32.0,1353.0,147.0,58.0,0.0,289.0,1043.0,1070.0,0.0,5.0,110.0
2020-05-06 22:00:00+03:00,31.0,1324.0,148.0,59.0,0.0,295.0,816.0,1071.0,0.0,5.0,133.0
2020-05-06 23:00:00+03:00,32.0,1325.0,147.0,59.0,0.0,291.0,556.0,1071.0,0.0,5.0,145.0
2020-05-07 00:00:00+03:00,33.0,1319.0,152.0,59.0,0.0,266.0,212.0,1070.0,0.0,5.0,215.0
2020-05-07 01:00:00+03:00,33.0,1131.0,153.0,58.0,0.0,258.0,62.0,1069.0,0.0,5.0,328.0
2020-05-07 02:00:00+03:00,32.0,1181.0,153.0,60.0,0.0,256.0,9.0,1070.0,0.0,5.0,318.0
2020-05-07 03:00:00+03:00,31.0,1127.0,153.0,57.0,0.0,255.0,9.0,1069.0,0.0,5.0,339.0
2020-05-07 04:00:00+03:00,30.0,1108.0,153.0,57.0,0.0,256.0,9.0,1068.0,0.0,4.0,386.0
2020-05-07 05:00:00+03:00,31.0,1140.0,148.0,57.0,0.0,266.0,9.0,1069.0,0.0,4.0,448.0
2020-05-07 06:00:00+03:00,30.0,1268.0,151.0,58.0,0.0,266.0,62.0,1069.0,11.0,4.0,396.0
2020-05-07 07:00:00+03:00,29.0,1324.0,154.0,59.0,0.0,289.0,278.0,1070.0,98.0,4.0,314.0
2020-05-07 08:00:00+03:00,30.0,1324.0,155.0,59.0,0.0,288.0,461.0,1069.0,311.0,4.0,275.0
2020-05-07 09:00:00+03:00,30.0,1323.0,155.0,59.0,0.0,276.0,420.0,1068.0,518.0,4.0,296.0
2020-05-07 10:00:00+03:00,30.0,1325.0,156.0,59.0,0.0,282.0,369.0,1069.0,662.0,4.0,307.0
2020-05-07 11:00:00+03:00,30.0,1318.0,147.0,59.0,0.0,282.0,250.0,1070.0,722.0,5.0,351.0
2020-05-07 12:00:00+03:00,31.0,1269.0,147.0,60.0,0.0,273.0,310.0,1068.0,702.0,5.0,337.0
2020-05-07 13:00:00+03:00,31.0,1266.0,147.0,60.0,0.0,266.0,284.0,1068.0,634.0,5.0,325.0
2020-05-07 14:00:00+03:00,31.0,1216.0,146.0,60.0,0.0,264.0,242.0,1068.0,594.0,5.0,279.0
2020-05-07 15:00:00+03:00,31.0,1162.0,145.0,60.0,0.0,262.0,269.0,1068.0,558.0,5.0,201.0
2020-05-07 16:00:00+03:00,31.0,1191.0,146.0,60.0,0.0,260.0,333.0,1068.0,446.0,5.0,182.0
2020-05-07 17:00:00+03:00,31.0,1214.0,150.0,60.0,0.0,267.0,429.0,1069.0,287.0,4.0,175.0
2020-05-07 18:00:00+03:00,30.0,1284.0,150.0,60.0,0.0,268.0,623.0,1068.0,140.0,4.0,162.0
2020-05-07 19:00:00+03:00,31.0,1286.0,151.0,60.0,0.0,261.0,797.0,1067.0,34.0,4.0,210.0
2020-05-07 20:00:00+03:00,30.0,1317.0,148.0,60.0,135.0,317.0,1075.0,1069.0,1.0,4.0,113.0
2020-05-07 21:00:00+03:00,31.0,1297.0,150.0,59.0,31.0,314.0,1193.0,1067.0,0.0,4.0,93.0
2020-05-07 22:00:00+03:00,30.0,1287.0,149.0,59.0,0.0,276.0,966.0,1068.0,0.0,4.0,76.0
2020-05-07 23:00:00+03:00,31.0,1289.0,147.0,60.0,0.0,260.0,624.0,1068.0,0.0,4.0,77.0
2020-05-08 00:00:00+03:00,31.0,1280.0,151.0,58.0,0.0,238.0,178.0,1069.0,0.0,4.0,130.0
2020-05-08 01:00:00+03:00,32.0,1215.0,150.0,59.0,0.0,245.0,9.0,1070.0,0.0,4.0,146.0
2020-05-08 02:00:00+03:00,31.0,1118.0,150.0,59.0,0.0,244.0,9.0,1070.0,0.0,4.0,150.0
2020-05-08 03:00:00+03:00,31.0,1121.0,150.0,58.0,0.0,245.0,9.0,1070.0,0.0,4.0,121.0
2020-05-08 04:00:00+03:00,31.0,1168.0,152.0,58.0,0.0,244.0,9.0,1071.0,0.0,4.0,100.0
2020-05-08 05:00:00+03:00,31.0,1226.0,152.0,60.0,0.0,250.0,9.0,1070.0,0.0,4.0,119.0
2020-05-08 06:00:00+03:00,30.0,1209.0,153.0,60.0,0.0,251.0,146.0,1069.0,10.0,4.0,170.0
2020-05-08 07:00:00+03:00,31.0,1200.0,156.0,60.0,0.0,250.0,326.0,1069.0,92.0,4.0,194.0
2020-05-08 08:00:00+03:00,31.0,1200.0,154.0,60.0,0.0,280.0,516.0,1070.0,275.0,4.0,164.0
2020-05-08 09:00:00+03:00,31.0,1163.0,153.0,60.0,0.0,270.0,554.0,1070.0,478.0,4.0,144.0
2020-05-08 10:00:00+03:00,24.0,1148.0,150.0,60.0,0.0,257.0,459.0,1070.0,645.0,4.0,153.0
2020-05-08 11:00:00+03:00,29.0,1148.0,146.0,59.0,0.0,260.0,384.0,1070.0,713.0,4.0,163.0
2020-05-08 12:00:00+03:00,30.0,1161.0,147.0,58.0,0.0,240.0,416.0,1071.0,695.0,3.0,114.0
2020-05-08 13:00:00+03:00,31.0,1144.0,149.0,59.0,0.0,239.0,330.0,1070.0,701.0,4.0,69.0
2020-05-08 14:00:00+03:00,31.0,1156.0,147.0,59.0,0.0,239.0,225.0,1069.0,660.0,4.0,54.0
2020-05-08 15:00:00+03:00,32.0,1183.0,146.0,59.0,0.0,263.0,162.0,1070.0,602.0,4.0,46.0
2020-05-08 16:00:00+03:00,32.0,1234.0,146.0,59.0,0.0,249.0,159.0,1070.0,525.0,4.0,37.0
2020-05-08 17:00:00+03:00,31.0,1305.0,148.0,59.0,0.0,249.0,177.0,1069.0,377.0,4.0,36.0
2020-05-08 18:00:00+03:00,31.0,1340.0,146.0,59.0,0.0,265.0,384.0,1070.0,179.0,4.0,36.0
2020-05-08 19:00:00+03:00,31.0,1400.0,150.0,57.0,0.0,290.0,743.0,1070.0,37.0,5.0,30.0
2020-05-08 20:00:00+03:00,31.0,1464.0,151.0,59.0,0.0,291.0,849.0,1070.0,1.0,4.0,60.0
2020-05-08 21:00:00+03:00,31.0,1496.0,150.0,60.0,0.0,309.0,1001.0,1069.0,0.0,4.0,109.0
2020-05-08 22:00:00+03:00,31.0,1347.0,152.0,58.0,0.0,295.0,787.0,1069.0,0.0,5.0,125.0
2020-05-08 23:00:00+03:00,32.0,1110.0,150.0,58.0,0.0,273.0,652.0,1070.0,0.0,5.0,176.0
2020-05-09 00:00:00+03:00,31.0,1128.0,150.0,58.0,0.0,248.0,315.0,1070.0,0.0,4.0,201.0
2020-05-09 01:00:00+03:00,32.0,1073.0,150.0,59.0,0.0,238.0,162.0,1068.0,0.0,4.0,229.0
2020-05-09 02:00:00+03:00,31.0,963.0,149.0,60.0,0.0,238.0,148.0,1068.0,0.0,4.0,213.0
2020-05-09 03:00:00+03:00,31.0,1105.0,151.0,60.0,0.0,237.0,9.0,1070.0,0.0,5.0,194.0
2020-05-09 04:00:00+03:00,31.0,1065.0,150.0,60.0,0.0,236.0,9.0,1069.0,0.0,4.0,194.0
2020-05-09 05:00:00+03:00,32.0,1050.0,155.0,57.0,0.0,241.0,9.0,1069.0,0.0,4.0,201.0
2020-05-09 06:00:00+03:00,31.0,1140.0,156.0,58.0,0.0,240.0,9.0,1069.0,12.0,4.0,186.0
2020-05-09 07:00:00+03:00,32.0,1253.0,154.0,58.0,0.0,254.0,174.0,1069.0,103.0,4.0,135.0
2020-05-09 08:00:00+03:00,31.0,1239.0,157.0,59.0,0.0,269.0,417.0,1070.0,315.0,4.0,73.0
2020-05-09 09:00:00+03:00,31.0,1252.0,155.0,60.0,0.0,270.0,423.0,1069.0,531.0,4.0,69.0
2020-05-09 10:00:00+03:00,31.0,1261.0,152.0,62.0,0.0,271.0,416.0,1070.0,694.0,4.0,64.0
2020-05-09 11:00:00+03:00,30.0,1259.0,145.0,63.0,0.0,272.0,395.0,1068.0,796.0,4.0,79.0
2020-05-09 12:00:00+03:00,32.0,1261.0,145.0,61.0,0.0,254.0,340.0,1069.0,844.0,4.0,105.0
2020-05-09 13:00:00+03:00,32.0,1253.0,145.0,57.0,0.0,252.0,288.0,1069.0,849.0,5.0,126.0
2020-05-09 14:00:00+03:00,31.0,1200.0,142.0,54.0,0.0,252.0,194.0,1068.0,801.0,5.0,163.0
2020-05-09 15:00:00+03:00,31.0,1150.0,140.0,54.0,0.0,248.0,172.0,1068.0,722.0,5.0,208.0
2020-05-09 16:00:00+03:00,30.0,1114.0,140.0,53.0,0.0,246.0,183.0,1068.0,584.0,5.0,241.0
2020-05-09 17:00:00+03:00,30.0,1120.0,141.0,52.0,0.0,250.0,245.0,1068.0,388.0,5.0,243.0
2020-05-09 18:00:00+03:00,31.0,1173.0,141.0,52.0,0.0,264.0,399.0,1068.0,173.0,5.0,209.0
2020-05-09 19:00:00+03:00,30.0,1258.0,150.0,51.0,0.0,270.0,506.0,1068.0,40.0,5.0,159.0
2020-05-09 20:00:00+03:00,31.0,1264.0,147.0,55.0,0.0,269.0,743.0,1068.0,2.0,5.0,134.0
2020-05-09 21:00:00+03:00,30.0,1268.0,149.0,55.0,0.0,271.0,821.0,1067.0,0.0,5.0,153.0
2020-05-09 22:00:00+03:00,31.0,1262.0,148.0,56.0,0.0,279.0,672.0,1067.0,0.0,4.0,166.0
2020-05-09 23:00:00+03:00,31.0,1250.0,146.0,58.0,0.0,271.0,457.0,1068.0,0.0,4.0,161.0
2020-05-10 00:00:00+03:00,32.0,1174.0,147.0,54.0,0.0,242.0,290.0,1067.0,0.0,3.0,137.0
2020-05-10 01:00:00+03:00,31.0,1203.0,148.0,52.0,0.0,242.0,206.0,1068.0,0.0,4.0,96.0
2020-05-10 02:00:00+03:00,31.0,1291.0,148.0,55.0,0.0,240.0,70.0,1068.0,0.0,4.0,86.0
2020-05-10 03:00:00+03:00,31.0,1258.0,151.0,53.0,0.0,238.0,9.0,1067.0,0.0,4.0,74.0
2020-05-10 04:00:00+03:00,30.0,1183.0,151.0,54.0,0.0,236.0,9.0,1068.0,0.0,4.0,49.0
2020-05-10 05:00:00+03:00,30.0,1185.0,151.0,52.0,0.0,237.0,9.0,1069.0,0.0,4.0,36.0
2020-05-10 06:00:00+03:00,31.0,1226.0,150.0,53.0,0.0,252.0,9.0,1069.0,13.0,5.0,30.0
2020-05-10 07:00:00+03:00,31.0,1283.0,151.0,54.0,0.0,266.0,211.0,1069.0,103.0,5.0,21.0
2020-05-10 08:00:00+03:00,31.0,1286.0,150.0,55.0,0.0,262.0,346.0,1068.0,306.0,4.0,11.0
2020-05-10 09:00:00+03:00,30.0,1269.0,149.0,53.0,0.0,265.0,492.0,1068.0,515.0,4.0,8.0
2020-05-10 10:00:00+03:00,31.0,1242.0,145.0,54.0,0.0,269.0,508.0,1068.0,672.0,4.0,13.0
2020-05-10 11:00:00+03:00,31.0,1208.0,144.0,52.0,0.0,269.0,451.0,1068.0,766.0,4.0,35.0
2020-05-10 12:00:00+03:00,31.0,1261.0,140.0,55.0,0.0,275.0,386.0,1067.0,814.0,4.0,82.0
2020-05-10 13:00:00+03:00,29.0,1207.0,140.0,53.0,0.0,267.0,336.0,1068.0,817.0,4.0,112.0
2020-05-10 14:00:00+03:00,28.0,1120.0,138.0,53.0,0.0,262.0,244.0,1069.0,769.0,4.0,158.0
2020-05-10 15:00:00+03:00,28.0,1103.0,140.0,55.0,0.0,261.0,244.0,1071.0,670.0,4.0,167.0
2020-05-10 16:00:00+03:00,29.0,1160.0,144.0,54.0,0.0,261.0,105.0,1069.0,523.0,4.0,224.0
2020-05-10 17:00:00+03:00,29.0,1253.0,145.0,55.0,0.0,264.0,206.0,1068.0,320.0,5.0,194.0
2020-05-10 18:00:00+03:00,29.0,1269.0,145.0,54.0,0.0,281.0,429.0,1069.0,141.0,5.0,186.0
2020-05-10 19:00:00+03:00,29.0,1284.0,145.0,54.0,0.0,284.0,686.0,1069.0,42.0,4.0,145.0
2020-05-10 20:00:00+03:00,29.0,1281.0,147.0,53.0,0.0,287.0,768.0,1067.0,1.0,4.0,166.0
2020-05-10 21:00:00+03:00,28.0,1266.0,148.0,52.0,0.0,286.0,848.0,1068.0,0.0,4.0,182.0
2020-05-10 22:00:00+03:00,29.0,1251.0,149.0,52.0,0.0,286.0,769.0,1069.0,0.0,4.0,153.0
2020-05-10 23:00:00+03:00,29.0,1227.0,148.0,52.0,0.0,283.0,511.0,1067.0,0.0,4.0,147.0
2020-05-11 00:00:00+03:00,30.0,1192.0,148.0,55.0,0.0,242.0,109.0,1067.0,0.0,4.0,139.0
2020-05-11 01:00:00+03:00,29.0,1069.0,147.0,55.0,0.0,257.0,9.0,1068.0,0.0,4.0,133.0
2020-05-11 02:00:00+03:00,29.0,978.0,146.0,54.0,0.0,246.0,9.0,1068.0,0.0,4.0,164.0
2020-05-11 03:00:00+03:00,29.0,1022.0,146.0,52.0,0.0,249.0,9.0,1067.0,0.0,4.0,181.0
2020-05-11 04:00:00+03:00,29.0,1059.0,145.0,56.0,0.0,249.0,9.0,1068.0,0.0,4.0,160.0
2020-05-11 05:00:00+03:00,29.0,1062.0,147.0,52.0,0.0,243.0,9.0,1067.0,0.0,5.0,171.0
2020-05-11 06:00:00+03:00,29.0,1167.0,148.0,54.0,0.0,267.0,9.0,1067.0,14.0,5.0,169.0
2020-05-11 07:00:00+03:00,30.0,1348.0,150.0,54.0,0.0,273.0,88.0,1067.0,86.0,5.0,144.0
2020-05-11 08:00:00+03:00,31.0,1273.0,149.0,54.0,0.0,288.0,389.0,1067.0,241.0,4.0,91.0
2020-05-11 09:00:00+03:00,28.0,1325.0,151.0,55.0,0.0,290.0,357.0,1067.0,427.0,4.0,80.0
2020-05-11 10:00:00+03:00,29.0,1216.0,152.0,55.0,0.0,279.0,317.0,1068.0,608.0,4.0,103.0
2020-05-11 11:00:00+03:00,28.0,1175.0,144.0,53.0,0.0,308.0,340.0,1066.0,730.0,4.0,116.0
2020-05-11 12:00:00+03:00,28.0,1272.0,141.0,53.0,0.0,303.0,313.0,1068.0,794.0,4.0,153.0
2020-05-11 13:00:00+03:00,29.0,1304.0,139.0,53.0,0.0,317.0,267.0,1068.0,816.0,5.0,174.0
2020-05-11 14:00:00+03:00,28.0,1285.0,136.0,53.0,0.0,318.0,228.0,1068.0,781.0,5.0,169.0
2020-05-11 15:00:00+03:00,26.0,1314.0,138.0,54.0,0.0,316.0,216.0,1068.0,693.0,4.0,187.0
2020-05-11 16:00:00+03:00,20.0,1331.0,139.0,51.0,0.0,315.0,294.0,1068.0,546.0,4.0,207.0
2020-05-11 17:00:00+03:00,18.0,1348.0,144.0,51.0,0.0,321.0,388.0,1068.0,349.0,5.0,226.0
2020-05-11 18:00:00+03:00,22.0,1324.0,143.0,52.0,0.0,324.0,520.0,1067.0,160.0,4.0,249.0
2020-05-11 19:00:00+03:00,29.0,1257.0,144.0,50.0,0.0,300.0,661.0,1068.0,45.0,4.0,267.0
2020-05-11 20:00:00+03:00,28.0,1259.0,148.0,50.0,0.0,299.0,790.0,1067.0,2.0,4.0,257.0
2020-05-11 21:00:00+03:00,28.0,1259.0,150.0,49.0,0.0,286.0,864.0,1066.0,0.0,4.0,243.0
2020-05-11 22:00:00+03:00,29.0,1244.0,146.0,49.0,0.0,277.0,737.0,1066.0,0.0,4.0,244.0
2020-05-11 23:00:00+03:00,29.0,1245.0,141.0,49.0,0.0,277.0,507.0,1067.0,0.0,4.0,296.0
2020-05-12 00:00:00+03:00,30.0,1321.0,138.0,50.0,0.0,256.0,109.0,1067.0,0.0,4.0,363.0
2020-05-12 01:00:00+03:00,30.0,1211.0,134.0,50.0,0.0,263.0,9.0,1066.0,0.0,4.0,452.0
2020-05-12 02:00:00+03:00,30.0,1157.0,136.0,50.0,0.0,263.0,9.0,1066.0,0.0,4.0,449.0
2020-05-12 03:00:00+03:00,29.0,1186.0,137.0,50.0,0.0,264.0,9.0,1065.0,0.0,4.0,386.0
2020-05-12 04:00:00+03:00,29.0,1156.0,136.0,50.0,0.0,262.0,9.0,1066.0,0.0,5.0,412.0
2020-05-12 05:00:00+03:00,29.0,1214.0,137.0,51.0,0.0,266.0,9.0,1066.0,0.0,5.0,296.0
2020-05-12 06:00:00+03:00,29.0,1209.0,136.0,51.0,0.0,268.0,38.0,1065.0,15.0,5.0,338.0
2020-05-12 07:00:00+03:00,31.0,1325.0,141.0,51.0,0.0,278.0,125.0,1066.0,98.0,5.0,353.0
2020-05-12 08:00:00+03:00,30.0,1314.0,142.0,51.0,0.0,299.0,297.0,1067.0,278.0,5.0,336.0
2020-05-12 09:00:00+03:00,29.0,1294.0,139.0,51.0,0.0,294.0,322.0,1067.0,492.0,4.0,273.0
2020-05-12 10:00:00+03:00,29.0,1328.0,138.0,51.0,0.0,295.0,290.0,1066.0,655.0,4.0,210.0
2020-05-12 11:00:00+03:00,29.0,1293.0,135.0,51.0,0.0,295.0,309.0,1065.0,763.0,4.0,235.0
2020-05-12 12:00:00+03:00,29.0,1244.0,132.0,50.0,0.0,298.0,304.0,1065.0,801.0,4.0,277.0
2020-05-12 13:00:00+03:00,28.0,1191.0,131.0,51.0,0.0,287.0,266.0,1065.0,797.0,3.0,324.0
2020-05-12 14:00:00+03:00,28.0,1203.0,128.0,50.0,0.0,280.0,209.0,1066.0,732.0,4.0,354.0
2020-05-12 15:00:00+03:00,28.0,1207.0,128.0,50.0,0.0,281.0,236.0,1066.0,629.0,4.0,370.0
2020-05-12 16:00:00+03:00,28.0,1235.0,131.0,50.0,0.0,280.0,284.0,1065.0,493.0,4.0,392.0
2020-05-12 17:00:00+03:00,28.0,1238.0,133.0,50.0,0.0,280.0,383.0,1066.0,341.0,5.0,402.0
2020-05-12 18:00:00+03:00,27.0,1246.0,132.0,50.0,0.0,292.0,505.0,1064.0,158.0,5.0,412.0
2020-05-12 19:00:00+03:00,27.0,1259.0,138.0,53.0,0.0,302.0,614.0,1064.0,37.0,5.0,399.0
2020-05-12 20:00:00+03:00,26.0,1290.0,137.0,52.0,0.0,328.0,699.0,1064.0,1.0,5.0,386.0
2020-05-12 21:00:00+03:00,27.0,1323.0,136.0,55.0,0.0,318.0,821.0,1066.0,0.0,5.0,339.0
2020-05-12 22:00:00+03:00,27.0,1237.0,133.0,55.0,0.0,298.0,658.0,1066.0,0.0,5.0,333.0
2020-05-12 23:00:00+03:00,27.0,1227.0,132.0,56.0,0.0,290.0,498.0,1064.0,0.0,5.0,309.0
2020-05-13 00:00:00+03:00,29.0,1233.0,135.0,60.0,0.0,258.0,140.0,1064.0,0.0,5.0,312.0
2020-05-13 01:00:00+03:00,30.0,1202.0,136.0,60.0,0.0,280.0,9.0,1065.0,0.0,5.0,330.0
2020-05-13 02:00:00+03:00,29.0,1152.0,137.0,59.0,0.0,267.0,9.0,1065.0,0.0,5.0,381.0
2020-05-13 03:00:00+03:00,29.0,1185.0,138.0,63.0,0.0,272.0,9.0,1064.0,0.0,5.0,345.0
2020-05-13 04:00:00+03:00,28.0,1155.0,137.0,62.0,0.0,269.0,9.0,1066.0,0.0,4.0,325.0
2020-05-13 05:00:00+03:00,28.0,1169.0,140.0,62.0,0.0,281.0,9.0,1067.0,0.0,4.0,319.0
2020-05-13 06:00:00+03:00,29.0,1205.0,138.0,62.0,0.0,268.0,13.0,1066.0,16.0,4.0,287.0
2020-05-13 07:00:00+03:00,29.0,1339.0,140.0,62.0,0.0,277.0,120.0,1066.0,101.0,4.0,234.0
2020-05-13 08:00:00+03:00,29.0,1237.0,141.0,60.0,0.0,295.0,384.0,1066.0,271.0,4.0,254.0
2020-05-13 09:00:00+03:00,28.0,1173.0,141.0,60.0,0.0,297.0,467.0,1067.0,469.0,4.0,172.0
2020-05-13 10:00:00+03:00,28.0,1241.0,138.0,60.0,0.0,296.0,384.0,1066.0,634.0,4.0,81.0
2020-05-13 11:00:00+03:00,29.0,1219.0,132.0,62.0,0.0,288.0,346.0,1065.0,749.0,4.0,62.0
2020-05-13 12:00:00+03:00,29.0,1292.0,130.0,61.0,0.0,279.0,325.0,1066.0,796.0,4.0,57.0
2020-05-13 13:00:00+03:00,30.0,1294.0,130.0,61.0,0.0,273.0,274.0,1066.0,799.0,4.0,53.0
2020-05-13 14:00:00+03:00,31.0,1358.0,127.0,60.0,0.0,270.0,209.0,1064.0,771.0,4.0,55.0
2020-05-13 15:00:00+03:00,30.0,1425.0,128.0,60.0,0.0,270.0,199.0,1064.0,689.0,4.0,53.0
2020-05-13 16:00:00+03:00,31.0,1332.0,130.0,60.0,0.0,270.0,280.0,1065.0,557.0,4.0,55.0
2020-05-13 17:00:00+03:00,31.0,1288.0,131.0,60.0,0.0,284.0,410.0,1065.0,378.0,5.0,65.0
2020-05-13 18:00:00+03:00,31.0,1284.0,131.0,60.0,0.0,301.0,657.0,1064.0,177.0,5.0,59.0
2020-05-13 19:00:00+03:00,31.0,1393.0,138.0,60.0,0.0,301.0,872.0,1064.0,42.0,4.0,67.0
2020-05-13 20:00:00+03:00,31.0,1336.0,137.0,60.0,0.0,299.0,781.0,1065.0,2.0,4.0,100.0
2020-05-13 21:00:00+03:00,32.0,1358.0,137.0,60.0,0.0,302.0,863.0,1063.0,0.0,4.0,130.0
2020-05-13 22:00:00+03:00,31.0,1297.0,135.0,59.0,0.0,296.0,670.0,1063.0,0.0,4.0,195.0
2020-05-13 23:00:00+03:00,31.0,1299.0,135.0,59.0,0.0,281.0,487.0,1064.0,0.0,3.0,206.0
2020-05-14 00:00:00+03:00,31.0,1254.0,135.0,61.0,0.0,243.0,197.0,1063.0,0.0,4.0,253.0
2020-05-14 01:00:00+03:00,32.0,1208.0,135.0,60.0,0.0,264.0,9.0,1063.0,0.0,4.0,285.0
2020-05-14 02:00:00+03:00,31.0,1162.0,137.0,60.0,0.0,266.0,9.0,1064.0,0.0,4.0,283.0
2020-05-14 03:00:00+03:00,32.0,1166.0,135.0,60.0,0.0,265.0,9.0,1064.0,0.0,4.0,287.0
2020-05-14 04:00:00+03:00,30.0,1164.0,134.0,60.0,0.0,267.0,9.0,1064.0,0.0,4.0,316.0
2020-05-14 05:00:00+03:00,26.0,1162.0,135.0,64.0,0.0,270.0,9.0,1064.0,0.0,4.0,346.0
2020-05-14 06:00:00+03:00,32.0,1177.0,137.0,62.0,0.0,273.0,39.0,1065.0,19.0,4.0,357.0
2020-05-14 07:00:00+03:00,31.0,1296.0,142.0,62.0,0.0,273.0,154.0,1066.0,105.0,4.0,374.0
2020-05-14 08:00:00+03:00,32.0,1299.0,139.0,62.0,0.0,280.0,237.0,1065.0,228.0,4.0,413.0
2020-05-14 09:00:00+03:00,31.0,1293.0,139.0,62.0,0.0,279.0,269.0,1064.0,374.0,4.0,427.0
2020-05-14 10:00:00+03:00,31.0,1332.0,140.0,62.0,0.0,277.0,280.0,1063.0,436.0,5.0,401.0
2020-05-14 11:00:00+03:00,32.0,1355.0,135.0,64.0,0.0,267.0,321.0,1067.0,501.0,5.0,324.0
2020-05-14 12:00:00+03:00,32.0,1389.0,131.0,63.0,0.0,278.0,322.0,1066.0,538.0,4.0,248.0
2020-05-14 13:00:00+03:00,32.0,1358.0,130.0,62.0,0.0,271.0,328.0,1065.0,603.0,4.0,178.0
2020-05-14 14:00:00+03:00,32.0,1297.0,129.0,62.0,0.0,264.0,241.0,1066.0,625.0,4.0,195.0
2020-05-14 15:00:00+03:00,32.0,1296.0,129.0,62.0,0.0,263.0,219.0,1067.0,596.0,4.0,177.0
2020-05-14 16:00:00+03:00,31.0,1330.0,129.0,62.0,0.0,267.0,322.0,1065.0,458.0,4.0,147.0
2020-05-14 17:00:00+03:00,30.0,1242.0,132.0,62.0,0.0,264.0,518.0,1064.0,310.0,4.0,148.0
2020-05-14 18:00:00+03:00,31.0,1261.0,134.0,62.0,0.0,277.0,607.0,1065.0,160.0,4.0,174.0
2020-05-14 19:00:00+03:00,31.0,1215.0,137.0,60.0,0.0,286.0,736.0,1064.0,44.0,4.0,200.0
2020-05-14 20:00:00+03:00,31.0,1225.0,136.0,59.0,0.0,293.0,906.0,1063.0,2.0,4.0,123.0
2020-05-14 21:00:00+03:00,31.0,1334.0,135.0,59.0,0.0,291.0,978.0,1064.0,0.0,4.0,99.0
2020-05-14 22:00:00+03:00,30.0,1276.0,138.0,59.0,0.0,279.0,801.0,1066.0,0.0,4.0,73.0
2020-05-14 23:00:00+03:00,31.0,1207.0,138.0,59.0,0.0,274.0,682.0,1065.0,0.0,4.0,68.0
2020-05-15 00:00:00+03:00,31.0,1282.0,139.0,59.0,0.0,233.0,243.0,1065.0,0.0,4.0,128.0
2020-05-15 01:00:00+03:00,32.0,1246.0,138.0,59.0,0.0,260.0,19.0,1065.0,0.0,4.0,185.0
2020-05-15 02:00:00+03:00,31.0,1168.0,138.0,59.0,0.0,260.0,9.0,1066.0,0.0,4.0,199.0
2020-05-15 03:00:00+03:00,30.0,1157.0,139.0,59.0,0.0,261.0,9.0,1066.0,0.0,4.0,226.0
2020-05-15 04:00:00+03:00,30.0,1158.0,140.0,59.0,0.0,261.0,9.0,1065.0,0.0,4.0,151.0
2020-05-15 05:00:00+03:00,30.0,1159.0,141.0,62.0,0.0,267.0,9.0,1066.0,0.0,4.0,113.0
2020-05-15 06:00:00+03:00,30.0,1312.0,141.0,62.0,0.0,272.0,9.0,1062.0,22.0,4.0,129.0
2020-05-15 07:00:00+03:00,30.0,1299.0,140.0,61.0,0.0,274.0,43.0,1061.0,105.0,4.0,190.0
2020-05-15 08:00:00+03:00,30.0,1323.0,140.0,61.0,0.0,293.0,81.0,1060.0,231.0,3.0,266.0
2020-05-15 09:00:00+03:00,31.0,1316.0,141.0,61.0,0.0,297.0,177.0,1059.0,371.0,4.0,261.0
2020-05-15 10:00:00+03:00,30.0,1365.0,142.0,60.0,0.0,292.0,159.0,1060.0,518.0,4.0,237.0
2020-05-15 11:00:00+03:00,31.0,1336.0,138.0,62.0,0.0,285.0,181.0,1062.0,639.0,4.0,230.0
2020-05-15 12:00:00+03:00,30.0,1341.0,135.0,62.0,0.0,287.0,249.0,1064.0,660.0,4.0,243.0
2020-05-15 13:00:00+03:00,31.0,1335.0,134.0,61.0,0.0,278.0,378.0,1065.0,623.0,4.0,191.0
2020-05-15 14:00:00+03:00,30.0,1359.0,132.0,62.0,0.0,277.0,386.0,1066.0,546.0,4.0,138.0
2020-05-15 15:00:00+03:00,30.0,1408.0,130.0,62.0,0.0,275.0,437.0,1066.0,434.0,4.0,136.0
2020-05-15 16:00:00+03:00,30.0,1439.0,126.0,62.0,0.0,278.0,493.0,1065.0,332.0,4.0,142.0
2020-05-15 17:00:00+03:00,30.0,1438.0,126.0,62.0,0.0,280.0,488.0,1066.0,242.0,5.0,127.0
2020-05-15 18:00:00+03:00,30.0,1431.0,136.0,62.0,0.0,299.0,686.0,1066.0,133.0,3.0,121.0
2020-05-15 19:00:00+03:00,29.0,1413.0,135.0,62.0,0.0,305.0,779.0,1065.0,45.0,3.0,132.0
2020-05-15 20:00:00+03:00,30.0,1379.0,135.0,63.0,0.0,301.0,817.0,1065.0,2.0,3.0,152.0
2020-05-15 21:00:00+03:00,31.0,1391.0,138.0,62.0,0.0,301.0,871.0,1067.0,0.0,3.0,188.0
2020-05-15 22:00:00+03:00,32.0,1238.0,137.0,62.0,0.0,299.0,749.0,1065.0,0.0,3.0,228.0
2020-05-15 23:00:00+03:00,32.0,1170.0,138.0,62.0,0.0,281.0,486.0,1067.0,0.0,3.0,206.0
2020-05-16 00:00:00+03:00,31.0,1191.0,141.0,61.0,0.0,273.0,164.0,1066.0,0.0,4.0,242.0
2020-05-16 01:00:00+03:00,31.0,1125.0,140.0,61.0,0.0,268.0,158.0,1065.0,0.0,4.0,229.0
2020-05-16 02:00:00+03:00,30.0,1048.0,142.0,60.0,0.0,258.0,19.0,1066.0,0.0,5.0,323.0
2020-05-16 03:00:00+03:00,30.0,1060.0,141.0,62.0,0.0,257.0,9.0,1067.0,0.0,4.0,340.0
2020-05-16 04:00:00+03:00,30.0,1016.0,141.0,62.0,0.0,259.0,9.0,1066.0,0.0,4.0,362.0
2020-05-16 05:00:00+03:00,30.0,1027.0,143.0,61.0,0.0,268.0,9.0,1065.0,0.0,4.0,333.0
2020-05-16 06:00:00+03:00,31.0,1008.0,144.0,61.0,0.0,274.0,9.0,1065.0,19.0,4.0,334.0
2020-05-16 07:00:00+03:00,31.0,1037.0,144.0,62.0,0.0,281.0,44.0,1063.0,94.0,4.0,334.0
2020-05-16 08:00:00+03:00,30.0,1155.0,141.0,62.0,0.0,286.0,209.0,1063.0,198.0,5.0,294.0
2020-05-16 09:00:00+03:00,30.0,1188.0,143.0,62.0,0.0,285.0,345.0,1064.0,322.0,5.0,266.0
2020-05-16 10:00:00+03:00,30.0,1179.0,143.0,62.0,0.0,286.0,386.0,1063.0,446.0,5.0,226.0
2020-05-16 11:00:00+03:00,32.0,1181.0,134.0,60.0,0.0,284.0,468.0,1062.0,540.0,4.0,178.0
2020-05-16 12:00:00+03:00,31.0,1190.0,133.0,61.0,0.0,284.0,481.0,1064.0,592.0,4.0,192.0
2020-05-16 13:00:00+03:00,31.0,1210.0,133.0,62.0,0.0,279.0,356.0,1065.0,568.0,4.0,178.0
2020-05-16 14:00:00+03:00,30.0,1178.0,128.0,62.0,0.0,272.0,258.0,1064.0,527.0,5.0,166.0
2020-05-16 15:00:00+03:00,30.0,1167.0,131.0,62.0,0.0,274.0,272.0,1064.0,464.0,4.0,152.0
2020-05-16 16:00:00+03:00,30.0,1142.0,130.0,62.0,0.0,275.0,381.0,1065.0,367.0,4.0,142.0
2020-05-16 17:00:00+03:00,31.0,1103.0,133.0,62.0,0.0,275.0,515.0,1064.0,250.0,4.0,122.0
2020-05-16 18:00:00+03:00,30.0,1068.0,135.0,62.0,0.0,296.0,612.0,1064.0,139.0,5.0,101.0
2020-05-16 19:00:00+03:00,30.0,1059.0,138.0,61.0,0.0,297.0,826.0,1063.0,45.0,4.0,95.0
2020-05-16 20:00:00+03:00,29.0,1085.0,137.0,61.0,0.0,296.0,886.0,1064.0,2.0,5.0,95.0
2020-05-16 21:00:00+03:00,29.0,1114.0,135.0,61.0,0.0,292.0,933.0,1064.0,0.0,4.0,120.0
2020-05-16 22:00:00+03:00,28.0,1084.0,137.0,62.0,0.0,287.0,811.0,1064.0,0.0,4.0,141.0
2020-05-16 23:00:00+03:00,29.0,1086.0,138.0,62.0,0.0,279.0,498.0,1064.0,0.0,4.0,140.0
2020-05-17 00:00:00+03:00,30.0,1063.0,140.0,61.0,0.0,267.0,268.0,1065.0,0.0,4.0,86.0
2020-05-17 01:00:00+03:00,30.0,1049.0,139.0,61.0,0.0,268.0,122.0,1064.0,0.0,4.0,108.0
2020-05-17 02:00:00+03:00,30.0,1018.0,138.0,62.0,0.0,269.0,43.0,1064.0,0.0,4.0,104.0
2020-05-17 03:00:00+03:00,29.0,1024.0,138.0,62.0,0.0,270.0,9.0,1064.0,0.0,4.0,121.0
2020-05-17 04:00:00+03:00,29.0,1009.0,137.0,62.0,0.0,270.0,9.0,1065.0,0.0,4.0,131.0
2020-05-17 05:00:00+03:00,28.0,1017.0,139.0,62.0,0.0,270.0,9.0,1064.0,0.0,3.0,127.0
2020-05-17 06:00:00+03:00,29.0,1010.0,140.0,61.0,0.0,263.0,17.0,1064.0,17.0,3.0,139.0
2020-05-17 07:00:00+03:00,29.0,1015.0,136.0,62.0,0.0,261.0,158.0,1063.0,86.0,3.0,143.0
2020-05-17 08:00:00+03:00,29.0,1131.0,136.0,62.0,0.0,263.0,291.0,1063.0,194.0,3.0,156.0
2020-05-17 09:00:00+03:00,29.0,1192.0,138.0,62.0,0.0,263.0,412.0,1065.0,324.0,3.0,171.0
2020-05-17 10:00:00+03:00,29.0,1204.0,138.0,62.0,0.0,271.0,525.0,1064.0,433.0,4.0,152.0
2020-05-17 11:00:00+03:00,30.0,1209.0,135.0,61.0,0.0,240.0,530.0,1063.0,511.0,4.0,173.0
2020-05-17 12:00:00+03:00,30.0,1217.0,131.0,61.0,0.0,248.0,495.0,1063.0,558.0,4.0,208.0
2020-05-17 13:00:00+03:00,31.0,1259.0,131.0,61.0,0.0,250.0,415.0,1065.0,541.0,4.0,164.0
2020-05-17 14:00:00+03:00,30.0,1263.0,132.0,62.0,0.0,220.0,348.0,1064.0,512.0,5.0,126.0
2020-05-17 15:00:00+03:00,30.0,1249.0,133.0,62.0,0.0,227.0,269.0,1064.0,467.0,5.0,132.0
2020-05-17 16:00:00+03:00,30.0,1254.0,132.0,62.0,0.0,240.0,267.0,1064.0,377.0,5.0,167.0
2020-05-17 17:00:00+03:00,30.0,1240.0,134.0,62.0,0.0,287.0,332.0,1063.0,270.0,5.0,163.0
2020-05-17 18:00:00+03:00,30.0,1137.0,134.0,62.0,0.0,289.0,551.0,1063.0,162.0,5.0,146.0
2020-05-17 19:00:00+03:00,29.0,1123.0,139.0,61.0,0.0,288.0,680.0,1064.0,55.0,5.0,158.0
2020-05-17 20:00:00+03:00,29.0,1164.0,138.0,61.0,0.0,301.0,852.0,1063.0,3.0,4.0,169.0
2020-05-17 21:00:00+03:00,29.0,1243.0,138.0,61.0,0.0,307.0,959.0,1062.0,0.0,4.0,191.0
2020-05-17 22:00:00+03:00,30.0,1206.0,139.0,60.0,0.0,301.0,742.0,1063.0,0.0,5.0,231.0
2020-05-17 23:00:00+03:00,29.0,1189.0,139.0,60.0,0.0,277.0,374.0,1063.0,0.0,5.0,216.0
2020-05-18 00:00:00+03:00,29.0,1148.0,140.0,60.0,0.0,264.0,116.0,1062.0,0.0,5.0,238.0
2020-05-18 01:00:00+03:00,29.0,1042.0,139.0,61.0,0.0,269.0,9.0,1063.0,0.0,5.0,244.0
2020-05-18 02:00:00+03:00,29.0,1029.0,140.0,62.0,0.0,268.0,9.0,1063.0,0.0,4.0,195.0
2020-05-18 03:00:00+03:00,30.0,1007.0,140.0,62.0,0.0,266.0,9.0,1063.0,0.0,4.0,252.0
2020-05-18 04:00:00+03:00,29.0,1041.0,141.0,62.0,0.0,267.0,9.0,1062.0,0.0,4.0,317.0
2020-05-18 05:00:00+03:00,30.0,1073.0,137.0,64.0,0.0,272.0,9.0,1063.0,0.0,4.0,332.0
2020-05-18 06:00:00+03:00,29.0,1169.0,138.0,61.0,0.0,275.0,9.0,1064.0,20.0,4.0,282.0
2020-05-18 07:00:00+03:00,29.0,1363.0,141.0,62.0,0.0,288.0,56.0,1064.0,98.0,4.0,227.0
2020-05-18 08:00:00+03:00,28.0,1442.0,139.0,61.0,0.0,305.0,279.0,1064.0,218.0,4.0,271.0
2020-05-18 09:00:00+03:00,28.0,1451.0,140.0,63.0,0.0,307.0,366.0,1063.0,370.0,3.0,287.0
2020-05-18 10:00:00+03:00,28.0,1454.0,139.0,62.0,0.0,302.0,330.0,1064.0,519.0,4.0,173.0
2020-05-18 11:00:00+03:00,28.0,1454.0,137.0,64.0,0.0,297.0,354.0,1065.0,643.0,4.0,89.0
2020-05-18 12:00:00+03:00,27.0,1381.0,135.0,61.0,0.0,295.0,260.0,1064.0,716.0,4.0,65.0
2020-05-18 13:00:00+03:00,27.0,1428.0,135.0,61.0,0.0,300.0,262.0,1063.0,719.0,4.0,66.0
2020-05-18 14:00:00+03:00,29.0,1452.0,134.0,63.0,0.0,301.0,272.0,1063.0,639.0,4.0,63.0
2020-05-18 15:00:00+03:00,29.0,1454.0,133.0,62.0,0.0,290.0,325.0,1063.0,561.0,4.0,31.0
2020-05-18 16:00:00+03:00,29.0,1458.0,133.0,63.0,0.0,288.0,368.0,1063.0,438.0,4.0,32.0
2020-05-18 17:00:00+03:00,29.0,1454.0,135.0,60.0,0.0,304.0,450.0,1063.0,268.0,4.0,36.0
2020-05-18 18:00:00+03:00,29.0,1454.0,137.0,62.0,0.0,297.0,621.0,1063.0,133.0,4.0,28.0
2020-05-18 19:00:00+03:00,29.0,1465.0,140.0,60.0,0.0,299.0,883.0,1062.0,39.0,5.0,18.0
2020-05-18 20:00:00+03:00,29.0,1459.0,140.0,60.0,0.0,309.0,913.0,1063.0,2.0,4.0,45.0
2020-05-18 21:00:00+03:00,29.0,1451.0,140.0,61.0,0.0,296.0,924.0,1063.0,0.0,4.0,77.0
2020-05-18 22:00:00+03:00,29.0,1452.0,141.0,61.0,0.0,306.0,627.0,1062.0,0.0,4.0,92.0
2020-05-18 23:00:00+03:00,29.0,1453.0,144.0,61.0,0.0,295.0,365.0,1062.0,0.0,4.0,102.0
2020-05-19 00:00:00+03:00,29.0,1337.0,143.0,62.0,0.0,263.0,153.0,1063.0,0.0,4.0,97.0
2020-05-19 01:00:00+03:00,29.0,1191.0,145.0,61.0,0.0,252.0,81.0,1062.0,0.0,4.0,137.0
2020-05-19 02:00:00+03:00,29.0,1174.0,146.0,62.0,0.0,248.0,9.0,1063.0,0.0,4.0,133.0
2020-05-19 03:00:00+03:00,29.0,1168.0,145.0,62.0,0.0,250.0,9.0,1062.0,0.0,4.0,89.0
2020-05-19 04:00:00+03:00,30.0,1165.0,146.0,62.0,0.0,252.0,9.0,1061.0,0.0,4.0,78.0
2020-05-19 05:00:00+03:00,30.0,1196.0,148.0,61.0,0.0,255.0,9.0,1061.0,0.0,4.0,83.0
2020-05-19 06:00:00+03:00,29.0,1209.0,151.0,62.0,0.0,259.0,25.0,1062.0,22.0,4.0,89.0
2020-05-19 07:00:00+03:00,30.0,1346.0,152.0,60.0,0.0,267.0,60.0,1062.0,105.0,4.0,99.0
2020-05-19 08:00:00+03:00,29.0,1373.0,148.0,61.0,0.0,295.0,363.0,1062.0,232.0,4.0,86.0
2020-05-19 09:00:00+03:00,30.0,1377.0,149.0,61.0,0.0,290.0,462.0,1062.0,374.0,4.0,108.0
2020-05-19 10:00:00+03:00,30.0,1297.0,149.0,62.0,0.0,257.0,291.0,1062.0,485.0,4.0,101.0
2020-05-19 11:00:00+03:00,29.0,1289.0,139.0,62.0,0.0,255.0,268.0,1062.0,565.0,3.0,161.0
2020-05-19 12:00:00+03:00,29.0,1228.0,138.0,62.0,0.0,268.0,248.0,1061.0,608.0,4.0,210.0
2020-05-19 13:00:00+03:00,30.0,1305.0,136.0,61.0,0.0,270.0,252.0,1062.0,573.0,5.0,229.0
2020-05-19 14:00:00+03:00,30.0,1262.0,136.0,61.0,0.0,265.0,277.0,1062.0,528.0,5.0,205.0
2020-05-19 15:00:00+03:00,30.0,1250.0,136.0,62.0,0.0,264.0,289.0,1063.0,412.0,4.0,162.0
2020-05-19 16:00:00+03:00,30.0,1288.0,136.0,63.0,0.0,260.0,316.0,1063.0,348.0,5.0,128.0
2020-05-19 17:00:00+03:00,30.0,1352.0,137.0,63.0,0.0,259.0,326.0,1062.0,232.0,5.0,112.0
2020-05-19 18:00:00+03:00,29.0,1368.0,136.0,63.0,0.0,270.0,457.0,1062.0,120.0,4.0,117.0
2020-05-19 19:00:00+03:00,29.0,1358.0,141.0,62.0,0.0,278.0,605.0,1062.0,41.0,4.0,130.0
2020-05-19 20:00:00+03:00,29.0,1339.0,141.0,62.0,0.0,312.0,757.0,1061.0,2.0,5.0,97.0
2020-05-19 21:00:00+03:00,29.0,1423.0,143.0,62.0,0.0,307.0,810.0,1061.0,0.0,5.0,102.0
2020-05-19 22:00:00+03:00,29.0,1349.0,142.0,62.0,0.0,297.0,616.0,1063.0,0.0,5.0,113.0
2020-05-19 23:00:00+03:00,28.0,1325.0,142.0,62.0,0.0,270.0,394.0,1061.0,0.0,5.0,96.0
2020-05-20 00:00:00+03:00,30.0,1262.0,143.0,58.0,0.0,255.0,137.0,1062.0,0.0,4.0,82.0
2020-05-20 01:00:00+03:00,28.0,1190.0,142.0,58.0,0.0,246.0,58.0,1063.0,0.0,4.0,78.0
2020-05-20 02:00:00+03:00,29.0,1166.0,141.0,58.0,0.0,244.0,9.0,1063.0,0.0,5.0,65.0
2020-05-20 03:00:00+03:00,30.0,1165.0,142.0,58.0,0.0,244.0,9.0,1061.0,0.0,4.0,57.0
2020-05-20 04:00:00+03:00,30.0,1165.0,142.0,58.0,0.0,243.0,9.0,1062.0,0.0,4.0,59.0
2020-05-20 05:00:00+03:00,29.0,1166.0,140.0,58.0,0.0,256.0,9.0,1062.0,0.0,5.0,54.0
2020-05-20 06:00:00+03:00,28.0,1189.0,140.0,58.0,0.0,246.0,103.0,1061.0,19.0,5.0,33.0
2020-05-20 07:00:00+03:00,28.0,1252.0,142.0,58.0,0.0,273.0,322.0,1061.0,93.0,5.0,29.0
2020-05-20 08:00:00+03:00,29.0,1384.0,145.0,59.0,0.0,285.0,531.0,1061.0,213.0,5.0,20.0
2020-05-20 09:00:00+03:00,29.0,1403.0,140.0,59.0,0.0,286.0,574.0,1061.0,365.0,4.0,19.0
2020-05-20 10:00:00+03:00,29.0,1429.0,140.0,59.0,0.0,276.0,472.0,1061.0,465.0,4.0,20.0
2020-05-20 11:00:00+03:00,29.0,1477.0,135.0,57.0,0.0,279.0,504.0,1062.0,476.0,4.0,15.0
2020-05-20 12:00:00+03:00,29.0,1476.0,135.0,57.0,0.0,269.0,360.0,1062.0,429.0,5.0,22.0
2020-05-20 13:00:00+03:00,30.0,1541.0,135.0,59.0,0.0,265.0,504.0,1062.0,401.0,5.0,6.0
2020-05-20 14:00:00+03:00,30.0,1500.0,134.0,59.0,0.0,266.0,518.0,1061.0,359.0,5.0,15.0
2020-05-20 15:00:00+03:00,30.0,1404.0,136.0,59.0,0.0,257.0,394.0,1060.0,328.0,5.0,64.0
2020-05-20 16:00:00+03:00,30.0,1411.0,135.0,59.0,0.0,258.0,365.0,1060.0,274.0,5.0,82.0
2020-05-20 17:00:00+03:00,30.0,1392.0,135.0,59.0,0.0,254.0,388.0,1060.0,183.0,5.0,173.0
2020-05-20 18:00:00+03:00,30.0,1410.0,136.0,60.0,0.0,261.0,516.0,1060.0,105.0,5.0,198.0
2020-05-20 19:00:00+03:00,30.0,1410.0,137.0,59.0,0.0,274.0,545.0,1060.0,38.0,5.0,433.0
2020-05-20 20:00:00+03:00,29.0,1409.0,135.0,58.0,0.0,305.0,638.0,1060.0,3.0,5.0,441.0
2020-05-20 21:00:00+03:00,29.0,1409.0,135.0,58.0,0.0,307.0,659.0,1061.0,0.0,5.0,405.0
2020-05-20 22:00:00+03:00,30.0,1410.0,134.0,58.0,0.0,307.0,570.0,1061.0,0.0,5.0,334.0
2020-05-20 23:00:00+03:00,30.0,1369.0,135.0,60.0,0.0,256.0,201.0,1062.0,0.0,5.0,395.0
2020-05-21 00:00:00+03:00,30.0,1198.0,141.0,60.0,0.0,252.0,76.0,1062.0,0.0,5.0,435.0
2020-05-21 01:00:00+03:00,30.0,1171.0,140.0,59.0,0.0,250.0,32.0,1061.0,0.0,5.0,508.0
2020-05-21 02:00:00+03:00,31.0,1162.0,137.0,59.0,0.0,250.0,15.0,1061.0,0.0,5.0,508.0
2020-05-21 03:00:00+03:00,31.0,1164.0,137.0,59.0,0.0,251.0,9.0,1062.0,0.0,5.0,512.0
2020-05-21 04:00:00+03:00,30.0,1158.0,139.0,59.0,0.0,252.0,9.0,1062.0,0.0,5.0,538.0
2020-05-21 05:00:00+03:00,30.0,1137.0,138.0,59.0,0.0,254.0,9.0,1062.0,0.0,5.0,508.0
2020-05-21 06:00:00+03:00,31.0,1171.0,138.0,60.0,0.0,252.0,48.0,1059.0,13.0,5.0,485.0
2020-05-21 07:00:00+03:00,31.0,1195.0,141.0,59.0,0.0,257.0,249.0,1061.0,61.0,5.0,457.0
2020-05-21 08:00:00+03:00,32.0,1192.0,146.0,59.0,0.0,264.0,405.0,1061.0,105.0,4.0,465.0
2020-05-21 09:00:00+03:00,29.0,1277.0,146.0,59.0,0.0,267.0,403.0,1060.0,130.0,4.0,494.0
2020-05-21 10:00:00+03:00,28.0,1436.0,129.0,59.0,0.0,265.0,296.0,1060.0,125.0,4.0,475.0
2020-05-21 11:00:00+03:00,28.0,1493.0,128.0,59.0,0.0,264.0,268.0,1061.0,116.0,4.0,483.0
2020-05-21 12:00:00+03:00,29.0,1505.0,126.0,59.0,0.0,255.0,296.0,1060.0,121.0,4.0,499.0
2020-05-21 13:00:00+03:00,28.0,1432.0,127.0,59.0,0.0,256.0,285.0,1060.0,117.0,4.0,515.0
2020-05-21 14:00:00+03:00,27.0,1406.0,128.0,59.0,0.0,268.0,239.0,1061.0,99.0,4.0,524.0
2020-05-21 15:00:00+03:00,28.0,1316.0,128.0,59.0,0.0,267.0,320.0,1060.0,75.0,4.0,528.0
2020-05-21 16:00:00+03:00,30.0,1339.0,130.0,59.0,0.0,268.0,394.0,1060.0,62.0,4.0,488.0
2020-05-21 17:00:00+03:00,30.0,1311.0,127.0,59.0,0.0,273.0,506.0,1061.0,43.0,4.0,477.0
2020-05-21 18:00:00+03:00,30.0,1351.0,127.0,59.0,0.0,288.0,636.0,1060.0,27.0,4.0,433.0
2020-05-21 19:00:00+03:00,29.0,1429.0,130.0,60.0,0.0,288.0,779.0,1062.0,10.0,4.0,321.0
2020-05-21 20:00:00+03:00,29.0,1453.0,129.0,59.0,0.0,278.0,846.0,1059.0,1.0,4.0,130.0
2020-05-21 21:00:00+03:00,29.0,1431.0,130.0,59.0,0.0,279.0,813.0,1061.0,0.0,4.0,128.0
2020-05-21 22:00:00+03:00,28.0,1374.0,130.0,59.0,0.0,280.0,665.0,1061.0,0.0,4.0,93.0
2020-05-21 23:00:00+03:00,28.0,1238.0,127.0,59.0,0.0,273.0,503.0,1061.0,0.0,3.0,66.0
2020-05-22 00:00:00+03:00,15.0,1198.0,121.0,58.0,0.0,212.0,226.0,1061.0,0.0,3.0,43.0
2020-05-22 01:00:00+03:00,14.0,1167.0,121.0,59.0,0.0,228.0,96.0,1060.0,0.0,3.0,40.0
2020-05-22 02:00:00+03:00,15.0,1186.0,124.0,59.0,0.0,228.0,10.0,1060.0,0.0,4.0,41.0
2020-05-22 03:00:00+03:00,14.0,1156.0,122.0,59.0,0.0,230.0,9.0,1060.0,0.0,4.0,64.0
2020-05-22 04:00:00+03:00,15.0,1150.0,122.0,59.0,0.0,232.0,9.0,1059.0,0.0,5.0,90.0
2020-05-22 05:00:00+03:00,15.0,1140.0,122.0,58.0,0.0,229.0,9.0,1059.0,0.0,5.0,130.0
2020-05-22 06:00:00+03:00,14.0,1142.0,118.0,57.0,0.0,230.0,66.0,1059.0,4.0,5.0,169.0
2020-05-22 07:00:00+03:00,14.0,1198.0,119.0,57.0,0.0,238.0,239.0,1055.0,23.0,5.0,153.0
2020-05-22 08:00:00+03:00,15.0,1301.0,124.0,57.0,0.0,239.0,338.0,1053.0,63.0,5.0,118.0
2020-05-22 09:00:00+03:00,15.0,1322.0,124.0,57.0,0.0,239.0,370.0,1053.0,117.0,4.0,119.0
2020-05-22 10:00:00+03:00,15.0,1194.0,121.0,58.0,0.0,233.0,312.0,1057.0,185.0,4.0,126.0
2020-05-22 11:00:00+03:00,14.0,1147.0,119.0,58.0,0.0,215.0,314.0,1057.0,230.0,5.0,112.0
2020-05-22 12:00:00+03:00,14.0,1181.0,119.0,58.0,0.0,218.0,321.0,1056.0,257.0,5.0,81.0
2020-05-22 13:00:00+03:00,14.0,1201.0,122.0,58.0,0.0,215.0,291.0,1057.0,278.0,5.0,60.0
2020-05-22 14:00:00+03:00,14.0,1165.0,121.0,58.0,0.0,212.0,303.0,1056.0,279.0,5.0,53.0
2020-05-22 15:00:00+03:00,15.0,1147.0,120.0,59.0,0.0,215.0,245.0,1055.0,280.0,5.0,36.0
2020-05-22 16:00:00+03:00,14.0,1161.0,123.0,59.0,0.0,213.0,298.0,1059.0,230.0,5.0,24.0
2020-05-22 17:00:00+03:00,15.0,1238.0,122.0,59.0,0.0,212.0,316.0,1060.0,167.0,5.0,21.0
2020-05-22 18:00:00+03:00,15.0,1257.0,122.0,42.0,0.0,214.0,494.0,1058.0,89.0,5.0,15.0
2020-05-22 19:00:00+03:00,14.0,1339.0,122.0,26.0,0.0,229.0,699.0,1055.0,22.0,5.0,19.0
2020-05-22 20:00:00+03:00,15.0,1351.0,123.0,26.0,0.0,237.0,761.0,1057.0,2.0,5.0,35.0
2020-05-22 21:00:00+03:00,15.0,1350.0,122.0,26.0,0.0,264.0,930.0,1058.0,0.0,5.0,51.0
2020-05-22 22:00:00+03:00,15.0,1325.0,123.0,26.0,0.0,199.0,732.0,1062.0,0.0,5.0,85.0
2020-05-22 23:00:00+03:00,14.0,1237.0,122.0,26.0,0.0,195.0,564.0,1062.0,0.0,5.0,96.0
2020-05-23 00:00:00+03:00,30.0,1305.0,128.0,30.0,0.0,223.0,248.0,1058.0,0.0,5.0,133.0
2020-05-23 01:00:00+03:00,29.0,1234.0,125.0,59.0,0.0,222.0,54.0,1062.0,0.0,5.0,118.0
2020-05-23 02:00:00+03:00,30.0,1139.0,127.0,58.0,0.0,222.0,9.0,1061.0,0.0,5.0,63.0
2020-05-23 03:00:00+03:00,30.0,1054.0,126.0,58.0,0.0,231.0,9.0,1061.0,0.0,5.0,65.0
2020-05-23 04:00:00+03:00,30.0,1048.0,127.0,58.0,0.0,232.0,9.0,1061.0,0.0,4.0,49.0
2020-05-23 05:00:00+03:00,30.0,1046.0,127.0,56.0,0.0,230.0,9.0,1062.0,0.0,4.0,80.0
2020-05-23 06:00:00+03:00,27.0,1030.0,126.0,57.0,0.0,242.0,9.0,1061.0,16.0,4.0,182.0
2020-05-23 07:00:00+03:00,29.0,1159.0,130.0,57.0,0.0,252.0,11.0,1061.0,89.0,4.0,199.0
2020-05-23 08:00:00+03:00,30.0,1202.0,130.0,58.0,0.0,253.0,334.0,1064.0,262.0,4.0,104.0
2020-05-23 09:00:00+03:00,30.0,1186.0,128.0,59.0,0.0,249.0,456.0,1062.0,476.0,4.0,54.0
2020-05-23 10:00:00+03:00,30.0,1136.0,126.0,59.0,0.0,249.0,340.0,1236.0,633.0,4.0,76.0
2020-05-23 11:00:00+03:00,31.0,1100.0,125.0,56.0,0.0,247.0,294.0,1417.0,656.0,4.0,103.0
2020-05-23 12:00:00+03:00,30.0,1080.0,126.0,57.0,0.0,220.0,402.0,1417.0,692.0,5.0,93.0
2020-05-23 13:00:00+03:00,30.0,1210.0,123.0,54.0,0.0,224.0,303.0,1476.0,679.0,4.0,90.0
2020-05-23 14:00:00+03:00,30.0,1113.0,124.0,47.0,0.0,213.0,213.0,1507.0,647.0,4.0,139.0
2020-05-23 15:00:00+03:00,30.0,1114.0,123.0,51.0,0.0,213.0,195.0,1492.0,621.0,4.0,73.0
2020-05-23 16:00:00+03:00,30.0,1080.0,122.0,57.0,0.0,223.0,194.0,1502.0,532.0,4.0,99.0
2020-05-23 17:00:00+03:00,30.0,1194.0,122.0,57.0,0.0,220.0,234.0,1543.0,380.0,4.0,35.0
2020-05-23 18:00:00+03:00,30.0,1179.0,122.0,56.0,0.0,238.0,429.0,1564.0,197.0,4.0,23.0
2020-05-23 19:00:00+03:00,30.0,1150.0,125.0,58.0,100.0,235.0,509.0,1562.0,47.0,4.0,28.0
2020-05-23 20:00:00+03:00,29.0,1083.0,124.0,56.0,206.0,247.0,511.0,1565.0,4.0,4.0,54.0
2020-05-23 21:00:00+03:00,30.0,1191.0,124.0,56.0,212.0,249.0,545.0,1566.0,0.0,4.0,84.0
2020-05-23 22:00:00+03:00,30.0,1182.0,125.0,57.0,170.0,248.0,458.0,1568.0,0.0,4.0,74.0
2020-05-23 23:00:00+03:00,30.0,1270.0,126.0,57.0,0.0,236.0,479.0,1569.0,0.0,4.0,71.0
2020-05-24 00:00:00+03:00,30.0,1186.0,126.0,56.0,0.0,224.0,179.0,1566.0,0.0,4.0,74.0
2020-05-24 01:00:00+03:00,30.0,1052.0,125.0,56.0,0.0,177.0,17.0,1567.0,0.0,4.0,80.0
2020-05-24 02:00:00+03:00,31.0,1001.0,125.0,57.0,0.0,179.0,9.0,1567.0,0.0,4.0,86.0
2020-05-24 03:00:00+03:00,31.0,1068.0,126.0,56.0,0.0,178.0,9.0,1568.0,0.0,4.0,97.0
2020-05-24 04:00:00+03:00,30.0,998.0,125.0,56.0,0.0,178.0,9.0,1570.0,0.0,4.0,128.0
2020-05-24 05:00:00+03:00,29.0,981.0,127.0,55.0,0.0,179.0,9.0,1571.0,0.0,5.0,151.0
2020-05-24 06:00:00+03:00,29.0,978.0,127.0,55.0,0.0,196.0,9.0,1568.0,18.0,4.0,137.0
2020-05-24 07:00:00+03:00,30.0,1009.0,130.0,57.0,0.0,205.0,16.0,1565.0,115.0,4.0,129.0
2020-05-24 08:00:00+03:00,30.0,981.0,129.0,57.0,0.0,214.0,74.0,1562.0,317.0,4.0,128.0
2020-05-24 09:00:00+03:00,31.0,981.0,127.0,57.0,0.0,218.0,144.0,1566.0,503.0,4.0,117.0
2020-05-24 10:00:00+03:00,31.0,974.0,126.0,57.0,0.0,210.0,76.0,1567.0,631.0,4.0,149.0
2020-05-24 11:00:00+03:00,31.0,971.0,125.0,56.0,0.0,214.0,63.0,1570.0,713.0,4.0,212.0
2020-05-24 12:00:00+03:00,31.0,981.0,124.0,57.0,0.0,199.0,39.0,1562.0,723.0,4.0,296.0
2020-05-24 13:00:00+03:00,30.0,982.0,124.0,58.0,0.0,197.0,9.0,1565.0,664.0,4.0,384.0
2020-05-24 14:00:00+03:00,30.0,981.0,122.0,59.0,0.0,195.0,9.0,1561.0,564.0,4.0,416.0
2020-05-24 15:00:00+03:00,30.0,979.0,122.0,59.0,0.0,202.0,9.0,1565.0,434.0,4.0,399.0
2020-05-24 16:00:00+03:00,30.0,980.0,121.0,59.0,0.0,206.0,9.0,1565.0,302.0,4.0,333.0
2020-05-24 17:00:00+03:00,30.0,979.0,122.0,59.0,59.0,213.0,9.0,1564.0,165.0,4.0,293.0
2020-05-24 18:00:00+03:00,30.0,985.0,124.0,59.0,349.0,224.0,101.0,1564.0,55.0,4.0,277.0
2020-05-24 19:00:00+03:00,30.0,1185.0,126.0,56.0,304.0,229.0,335.0,1585.0,15.0,4.0,236.0
2020-05-24 20:00:00+03:00,29.0,1271.0,126.0,57.0,274.0,258.0,356.0,1638.0,3.0,4.0,203.0
2020-05-24 21:00:00+03:00,29.0,1199.0,125.0,57.0,267.0,258.0,376.0,1663.0,0.0,4.0,198.0
2020-05-24 22:00:00+03:00,29.0,1166.0,126.0,57.0,264.0,254.0,248.0,1666.0,0.0,4.0,210.0
2020-05-24 23:00:00+03:00,29.0,1116.0,125.0,56.0,180.0,246.0,136.0,1669.0,0.0,4.0,241.0
2020-05-25 00:00:00+03:00,29.0,983.0,126.0,55.0,63.0,214.0,33.0,1674.0,0.0,4.0,274.0
2020-05-25 01:00:00+03:00,29.0,982.0,124.0,57.0,0.0,198.0,9.0,1683.0,0.0,4.0,303.0
2020-05-25 02:00:00+03:00,28.0,998.0,126.0,57.0,0.0,194.0,9.0,1696.0,0.0,4.0,346.0
2020-05-25 03:00:00+03:00,28.0,983.0,125.0,57.0,0.0,188.0,9.0,1697.0,0.0,4.0,362.0
2020-05-25 04:00:00+03:00,28.0,983.0,125.0,57.0,0.0,185.0,9.0,1711.0,0.0,4.0,369.0
2020-05-25 05:00:00+03:00,28.0,984.0,126.0,57.0,0.0,205.0,9.0,1730.0,0.0,4.0,336.0
2020-05-25 06:00:00+03:00,27.0,986.0,127.0,56.0,0.0,210.0,9.0,1733.0,19.0,4.0,265.0
2020-05-25 07:00:00+03:00,29.0,982.0,129.0,56.0,0.0,211.0,21.0,1741.0,109.0,3.0,199.0
2020-05-25 08:00:00+03:00,29.0,984.0,128.0,57.0,0.0,235.0,140.0,1748.0,308.0,3.0,275.0
2020-05-25 09:00:00+03:00,30.0,985.0,125.0,57.0,0.0,239.0,246.0,1760.0,483.0,3.0,312.0
2020-05-25 10:00:00+03:00,29.0,984.0,124.0,57.0,0.0,231.0,289.0,1769.0,614.0,4.0,288.0
2020-05-25 11:00:00+03:00,30.0,984.0,125.0,56.0,0.0,227.0,329.0,1781.0,664.0,4.0,175.0
2020-05-25 12:00:00+03:00,31.0,1028.0,124.0,56.0,0.0,226.0,370.0,1790.0,628.0,4.0,133.0
2020-05-25 13:00:00+03:00,30.0,1173.0,121.0,57.0,0.0,225.0,190.0,1801.0,571.0,4.0,121.0
2020-05-25 14:00:00+03:00,31.0,1283.0,122.0,56.0,0.0,217.0,184.0,1802.0,512.0,3.0,44.0
2020-05-25 15:00:00+03:00,30.0,1181.0,122.0,56.0,0.0,217.0,162.0,1816.0,467.0,4.0,72.0
2020-05-25 16:00:00+03:00,31.0,1191.0,121.0,56.0,0.0,215.0,190.0,1815.0,409.0,4.0,71.0
2020-05-25 17:00:00+03:00,31.0,1181.0,122.0,56.0,57.0,212.0,275.0,1815.0,258.0,3.0,45.0
2020-05-25 18:00:00+03:00,30.0,1109.0,123.0,56.0,152.0,228.0,265.0,1813.0,147.0,3.0,45.0
2020-05-25 19:00:00+03:00,30.0,1030.0,127.0,55.0,188.0,245.0,461.0,1813.0,45.0,4.0,43.0
2020-05-25 20:00:00+03:00,29.0,990.0,128.0,56.0,157.0,242.0,550.0,1814.0,4.0,4.0,58.0
2020-05-25 21:00:00+03:00,29.0,993.0,129.0,56.0,161.0,238.0,593.0,1816.0,0.0,3.0,70.0
2020-05-25 22:00:00+03:00,29.0,989.0,126.0,56.0,84.0,232.0,490.0,1818.0,0.0,3.0,70.0
2020-05-25 23:00:00+03:00,30.0,990.0,126.0,56.0,0.0,225.0,340.0,1818.0,0.0,4.0,58.0
2020-05-26 00:00:00+03:00,30.0,1105.0,127.0,55.0,0.0,207.0,26.0,1819.0,0.0,3.0,55.0
2020-05-26 01:00:00+03:00,30.0,987.0,126.0,54.0,0.0,190.0,9.0,1822.0,0.0,3.0,98.0
2020-05-26 02:00:00+03:00,30.0,988.0,127.0,56.0,0.0,188.0,9.0,1818.0,0.0,4.0,124.0
2020-05-26 03:00:00+03:00,29.0,984.0,126.0,56.0,0.0,186.0,9.0,1822.0,0.0,4.0,172.0
2020-05-26 04:00:00+03:00,30.0,1009.0,126.0,56.0,0.0,186.0,9.0,1815.0,0.0,4.0,199.0
2020-05-26 05:00:00+03:00,30.0,1053.0,125.0,56.0,0.0,198.0,9.0,1815.0,0.0,4.0,166.0
2020-05-26 06:00:00+03:00,30.0,1109.0,127.0,56.0,0.0,219.0,9.0,1813.0,22.0,4.0,141.0
2020-05-26 07:00:00+03:00,29.0,1216.0,128.0,56.0,0.0,231.0,131.0,1813.0,97.0,4.0,102.0
2020-05-26 08:00:00+03:00,30.0,1391.0,131.0,56.0,0.0,236.0,229.0,1815.0,206.0,3.0,49.0
2020-05-26 09:00:00+03:00,27.0,1511.0,129.0,56.0,0.0,234.0,183.0,1842.0,307.0,2.0,29.0
2020-05-26 10:00:00+03:00,29.0,1460.0,126.0,56.0,0.0,225.0,173.0,1846.0,409.0,3.0,25.0
2020-05-26 11:00:00+03:00,28.0,1439.0,124.0,56.0,0.0,228.0,89.0,1843.0,497.0,3.0,32.0
2020-05-26 12:00:00+03:00,29.0,1487.0,126.0,57.0,0.0,210.0,75.0,1844.0,480.0,3.0,26.0
2020-05-26 13:00:00+03:00,29.0,1446.0,124.0,54.0,0.0,217.0,52.0,1843.0,460.0,3.0,40.0
2020-05-26 14:00:00+03:00,29.0,1434.0,116.0,58.0,0.0,209.0,11.0,1842.0,438.0,3.0,33.0
2020-05-26 15:00:00+03:00,30.0,1363.0,117.0,56.0,0.0,205.0,9.0,1841.0,414.0,3.0,39.0
2020-05-26 16:00:00+03:00,30.0,1411.0,116.0,56.0,0.0,200.0,9.0,1845.0,336.0,3.0,41.0
2020-05-26 17:00:00+03:00,29.0,1423.0,117.0,56.0,0.0,198.0,106.0,1843.0,233.0,3.0,30.0
2020-05-26 18:00:00+03:00,29.0,1388.0,117.0,57.0,0.0,209.0,356.0,1844.0,112.0,4.0,29.0
2020-05-26 19:00:00+03:00,30.0,1310.0,116.0,58.0,142.0,247.0,463.0,1845.0,40.0,4.0,24.0
2020-05-26 20:00:00+03:00,30.0,1242.0,118.0,55.0,201.0,271.0,557.0,1846.0,3.0,4.0,24.0
2020-05-26 21:00:00+03:00,30.0,1231.0,119.0,54.0,192.0,273.0,595.0,1845.0,0.0,4.0,18.0
2020-05-26 22:00:00+03:00,31.0,1243.0,120.0,52.0,0.0,246.0,548.0,1845.0,0.0,4.0,17.0
2020-05-26 23:00:00+03:00,31.0,1193.0,120.0,45.0,0.0,223.0,367.0,1847.0,0.0,4.0,30.0
2020-05-27 00:00:00+03:00,31.0,1203.0,119.0,51.0,0.0,182.0,64.0,1846.0,0.0,4.0,98.0
2020-05-27 01:00:00+03:00,30.0,1143.0,118.0,47.0,0.0,172.0,10.0,1844.0,0.0,4.0,116.0
2020-05-27 02:00:00+03:00,31.0,1142.0,119.0,51.0,0.0,173.0,9.0,1844.0,0.0,4.0,121.0
2020-05-27 03:00:00+03:00,31.0,1145.0,118.0,48.0,0.0,173.0,9.0,1845.0,0.0,4.0,259.0
2020-05-27 04:00:00+03:00,30.0,1187.0,119.0,53.0,0.0,168.0,9.0,1844.0,0.0,4.0,295.0
2020-05-27 05:00:00+03:00,30.0,1189.0,116.0,50.0,0.0,177.0,9.0,1845.0,0.0,4.0,253.0
2020-05-27 06:00:00+03:00,29.0,1229.0,118.0,50.0,0.0,187.0,9.0,1845.0,15.0,3.0,216.0
2020-05-27 07:00:00+03:00,29.0,1318.0,123.0,49.0,0.0,204.0,114.0,1844.0,82.0,3.0,135.0
2020-05-27 08:00:00+03:00,29.0,1323.0,125.0,50.0,0.0,252.0,285.0,1845.0,204.0,3.0,129.0
2020-05-27 09:00:00+03:00,29.0,1308.0,126.0,50.0,0.0,256.0,287.0,1845.0,345.0,3.0,160.0
2020-05-27 10:00:00+03:00,28.0,1260.0,125.0,50.0,0.0,225.0,261.0,1846.0,457.0,3.0,179.0
2020-05-27 11:00:00+03:00,28.0,1292.0,121.0,51.0,0.0,219.0,132.0,1844.0,547.0,3.0,201.0
2020-05-27 12:00:00+03:00,29.0,1333.0,121.0,51.0,0.0,215.0,94.0,1845.0,543.0,3.0,236.0
2020-05-27 13:00:00+03:00,29.0,1240.0,118.0,51.0,0.0,213.0,87.0,1843.0,522.0,3.0,261.0
2020-05-27 14:00:00+03:00,27.0,1150.0,114.0,51.0,0.0,213.0,46.0,1845.0,512.0,3.0,327.0
2020-05-27 15:00:00+03:00,28.0,1170.0,115.0,51.0,0.0,208.0,9.0,1844.0,454.0,3.0,342.0
2020-05-27 16:00:00+03:00,29.0,1281.0,115.0,51.0,0.0,207.0,64.0,1844.0,321.0,3.0,254.0
2020-05-27 17:00:00+03:00,30.0,1318.0,115.0,50.0,0.0,207.0,195.0,1845.0,221.0,4.0,164.0
2020-05-27 18:00:00+03:00,30.0,1296.0,117.0,50.0,0.0,230.0,502.0,1844.0,121.0,4.0,101.0
2020-05-27 19:00:00+03:00,30.0,1285.0,119.0,49.0,38.0,243.0,654.0,1845.0,40.0,5.0,84.0
2020-05-27 20:00:00+03:00,31.0,1281.0,116.0,49.0,142.0,258.0,639.0,1844.0,3.0,5.0,78.0
2020-05-27 21:00:00+03:00,31.0,1282.0,114.0,50.0,189.0,251.0,695.0,1844.0,0.0,4.0,57.0
2020-05-27 22:00:00+03:00,31.0,1284.0,115.0,50.0,3.0,241.0,551.0,1845.0,0.0,5.0,68.0
2020-05-27 23:00:00+03:00,30.0,1284.0,116.0,50.0,0.0,221.0,328.0,1844.0,0.0,4.0,78.0
2020-05-28 00:00:00+03:00,31.0,1266.0,119.0,50.0,0.0,192.0,48.0,1844.0,0.0,4.0,100.0
2020-05-28 01:00:00+03:00,31.0,1164.0,119.0,50.0,0.0,184.0,9.0,1846.0,0.0,4.0,172.0
2020-05-28 02:00:00+03:00,31.0,1164.0,117.0,50.0,0.0,181.0,9.0,1845.0,0.0,4.0,240.0
2020-05-28 03:00:00+03:00,32.0,1162.0,119.0,50.0,0.0,181.0,9.0,1845.0,0.0,5.0,260.0
2020-05-28 04:00:00+03:00,32.0,1217.0,119.0,50.0,0.0,179.0,9.0,1844.0,0.0,4.0,281.0
2020-05-28 05:00:00+03:00,31.0,1184.0,122.0,51.0,0.0,175.0,9.0,1846.0,0.0,4.0,284.0
2020-05-28 06:00:00+03:00,32.0,1207.0,122.0,50.0,0.0,191.0,9.0,1845.0,19.0,4.0,254.0
2020-05-28 07:00:00+03:00,30.0,1426.0,125.0,50.0,0.0,207.0,22.0,1845.0,85.0,3.0,217.0
2020-05-28 08:00:00+03:00,30.0,1454.0,125.0,51.0,0.0,208.0,115.0,1845.0,213.0,2.0,187.0
2020-05-28 09:00:00+03:00,31.0,1427.0,123.0,51.0,0.0,220.0,179.0,1845.0,345.0,3.0,168.0
2020-05-28 10:00:00+03:00,32.0,1400.0,124.0,51.0,0.0,219.0,144.0,1846.0,458.0,3.0,178.0
2020-05-28 11:00:00+03:00,32.0,1313.0,124.0,49.0,0.0,205.0,103.0,1845.0,580.0,3.0,190.0
2020-05-28 12:00:00+03:00,32.0,1405.0,122.0,48.0,0.0,202.0,100.0,1844.0,553.0,3.0,121.0
2020-05-28 13:00:00+03:00,32.0,1418.0,121.0,48.0,0.0,203.0,110.0,1844.0,472.0,4.0,109.0
2020-05-28 14:00:00+03:00,31.0,1412.0,121.0,49.0,0.0,203.0,29.0,1845.0,459.0,4.0,135.0
2020-05-28 15:00:00+03:00,32.0,1406.0,122.0,49.0,0.0,210.0,25.0,1844.0,423.0,4.0,120.0
2020-05-28 16:00:00+03:00,33.0,1436.0,123.0,49.0,0.0,213.0,9.0,1845.0,373.0,4.0,125.0
2020-05-28 17:00:00+03:00,32.0,1446.0,124.0,49.0,40.0,219.0,139.0,1844.0,260.0,4.0,37.0
2020-05-28 18:00:00+03:00,32.0,1454.0,126.0,49.0,133.0,219.0,316.0,1844.0,131.0,4.0,17.0
2020-05-28 19:00:00+03:00,31.0,1456.0,125.0,45.0,170.0,261.0,395.0,1845.0,46.0,4.0,42.0
2020-05-28 20:00:00+03:00,32.0,1461.0,127.0,45.0,176.0,254.0,433.0,1846.0,5.0,5.0,50.0
2020-05-28 21:00:00+03:00,31.0,1484.0,128.0,45.0,191.0,268.0,551.0,1847.0,0.0,4.0,65.0
2020-05-28 22:00:00+03:00,31.0,1460.0,128.0,45.0,99.0,256.0,481.0,1845.0,0.0,4.0,77.0
2020-05-28 23:00:00+03:00,31.0,1410.0,126.0,45.0,0.0,222.0,260.0,1844.0,0.0,4.0,92.0
2020-05-29 00:00:00+03:00,31.0,1302.0,124.0,49.0,0.0,204.0,9.0,1845.0,0.0,4.0,179.0
2020-05-29 01:00:00+03:00,31.0,1204.0,124.0,49.0,0.0,165.0,9.0,1846.0,0.0,4.0,265.0
2020-05-29 02:00:00+03:00,31.0,1181.0,126.0,49.0,0.0,164.0,9.0,1846.0,0.0,4.0,274.0
2020-05-29 03:00:00+03:00,31.0,1168.0,126.0,49.0,0.0,162.0,9.0,1845.0,0.0,4.0,272.0
2020-05-29 04:00:00+03:00,31.0,1203.0,125.0,49.0,0.0,176.0,9.0,1844.0,0.0,4.0,282.0
2020-05-29 05:00:00+03:00,31.0,1175.0,125.0,51.0,0.0,189.0,9.0,1845.0,0.0,4.0,268.0
2020-05-29 06:00:00+03:00,31.0,1166.0,126.0,51.0,0.0,197.0,9.0,1845.0,20.0,4.0,239.0
2020-05-29 07:00:00+03:00,31.0,1369.0,127.0,49.0,0.0,228.0,70.0,1846.0,97.0,4.0,136.0
2020-05-29 08:00:00+03:00,31.0,1507.0,124.0,49.0,0.0,229.0,388.0,1846.0,222.0,4.0,55.0
2020-05-29 09:00:00+03:00,28.0,1463.0,121.0,49.0,0.0,229.0,312.0,1846.0,384.0,4.0,36.0
2020-05-29 10:00:00+03:00,28.0,1431.0,119.0,49.0,0.0,228.0,249.0,1846.0,535.0,3.0,24.0
2020-05-29 11:00:00+03:00,29.0,1340.0,119.0,51.0,0.0,220.0,204.0,1846.0,619.0,3.0,41.0
2020-05-29 12:00:00+03:00,29.0,1408.0,124.0,51.0,0.0,215.0,129.0,1844.0,566.0,4.0,44.0
2020-05-29 13:00:00+03:00,29.0,1377.0,125.0,50.0,0.0,212.0,50.0,1845.0,574.0,4.0,92.0
2020-05-29 14:00:00+03:00,28.0,1374.0,125.0,49.0,0.0,208.0,39.0,1848.0,472.0,4.0,107.0
2020-05-29 15:00:00+03:00,31.0,1347.0,125.0,49.0,0.0,206.0,71.0,1850.0,392.0,4.0,79.0
2020-05-29 16:00:00+03:00,32.0,1329.0,125.0,49.0,0.0,214.0,52.0,1867.0,328.0,4.0,186.0
2020-05-29 17:00:00+03:00,31.0,1394.0,124.0,49.0,180.0,225.0,60.0,1877.0,228.0,4.0,83.0
2020-05-29 18:00:00+03:00,31.0,1456.0,124.0,49.0,208.0,236.0,166.0,1884.0,136.0,4.0,29.0
2020-05-29 19:00:00+03:00,31.0,1423.0,128.0,50.0,209.0,225.0,293.0,1892.0,51.0,4.0,41.0
2020-05-29 20:00:00+03:00,31.0,1310.0,128.0,50.0,210.0,268.0,439.0,1899.0,7.0,4.0,59.0
2020-05-29 21:00:00+03:00,30.0,1376.0,127.0,49.0,211.0,269.0,547.0,1897.0,2.0,4.0,84.0
2020-05-29 22:00:00+03:00,30.0,1365.0,129.0,49.0,210.0,264.0,353.0,1898.0,2.0,4.0,125.0
2020-05-29 23:00:00+03:00,31.0,1318.0,129.0,49.0,134.0,225.0,216.0,1896.0,0.0,4.0,159.0
2020-05-30 00:00:00+03:00,31.0,1237.0,124.0,49.0,0.0,174.0,29.0,1892.0,0.0,4.0,205.0
2020-05-30 01:00:00+03:00,30.0,1111.0,124.0,49.0,0.0,162.0,9.0,1892.0,0.0,4.0,176.0
2020-05-30 02:00:00+03:00,30.0,1060.0,125.0,50.0,0.0,161.0,9.0,1892.0,0.0,4.0,88.0
2020-05-30 03:00:00+03:00,30.0,1017.0,125.0,50.0,0.0,159.0,9.0,1892.0,0.0,4.0,113.0
2020-05-30 04:00:00+03:00,31.0,1015.0,124.0,50.0,0.0,169.0,9.0,1893.0,0.0,4.0,117.0
2020-05-30 05:00:00+03:00,30.0,1041.0,127.0,51.0,0.0,183.0,9.0,1893.0,0.0,4.0,100.0
2020-05-30 06:00:00+03:00,30.0,1057.0,128.0,50.0,0.0,188.0,9.0,1894.0,21.0,4.0,83.0
2020-05-30 07:00:00+03:00,24.0,1033.0,134.0,50.0,0.0,207.0,100.0,1893.0,101.0,4.0,76.0
2020-05-30 08:00:00+03:00,28.0,1226.0,130.0,49.0,0.0,222.0,174.0,1891.0,266.0,4.0,60.0
2020-05-30 09:00:00+03:00,30.0,1264.0,130.0,49.0,0.0,223.0,224.0,1896.0,458.0,4.0,52.0
2020-05-30 10:00:00+03:00,31.0,1294.0,129.0,49.0,0.0,223.0,249.0,1894.0,589.0,4.0,57.0
2020-05-30 11:00:00+03:00,32.0,1326.0,128.0,49.0,0.0,213.0,215.0,1892.0,631.0,4.0,75.0
2020-05-30 12:00:00+03:00,32.0,1284.0,123.0,50.0,0.0,204.0,184.0,1892.0,624.0,3.0,136.0
2020-05-30 13:00:00+03:00,32.0,1232.0,123.0,50.0,0.0,205.0,120.0,1891.0,608.0,3.0,200.0
2020-05-30 14:00:00+03:00,32.0,1141.0,123.0,49.0,0.0,201.0,27.0,1892.0,627.0,3.0,293.0
2020-05-30 15:00:00+03:00,31.0,1065.0,123.0,49.0,0.0,203.0,9.0,1892.0,597.0,3.0,205.0
2020-05-30 16:00:00+03:00,32.0,1250.0,125.0,49.0,0.0,203.0,23.0,1892.0,461.0,3.0,56.0
2020-05-30 17:00:00+03:00,31.0,1306.0,126.0,49.0,0.0,213.0,113.0,1892.0,286.0,3.0,60.0
2020-05-30 18:00:00+03:00,32.0,1190.0,127.0,49.0,0.0,220.0,346.0,1892.0,158.0,3.0,73.0
2020-05-30 19:00:00+03:00,31.0,1155.0,128.0,48.0,128.0,234.0,374.0,1891.0,56.0,4.0,98.0
2020-05-30 20:00:00+03:00,31.0,1154.0,129.0,49.0,210.0,254.0,429.0,1893.0,8.0,3.0,37.0
2020-05-30 21:00:00+03:00,28.0,1182.0,127.0,49.0,210.0,250.0,503.0,1892.0,0.0,3.0,33.0
2020-05-30 22:00:00+03:00,28.0,1141.0,128.0,49.0,211.0,235.0,365.0,1892.0,0.0,4.0,67.0
2020-05-30 23:00:00+03:00,27.0,1139.0,126.0,49.0,112.0,216.0,248.0,1892.0,0.0,4.0,60.0
2020-05-31 00:00:00+03:00,28.0,1136.0,124.0,49.0,0.0,171.0,18.0,1893.0,0.0,4.0,112.0
