,Biomass,Fossil Gas,Fossil Hard coal,Fossil Oil,Solar,Waste,Wind Offshore,Wind Onshore
2019-04-01 00:00:00+02:00,122.82000000000001,105.84,188.60000000000002,11.728,0.0,126.34414000000001,1.728,2.3209999999999997
2019-04-01 01:00:00+02:00,108.79,100.94,171.38000000000002,10.995,0.0,126.34414000000001,1.044,1.155
2019-04-01 02:00:00+02:00,106.03,101.92,178.76000000000002,12.461,0.0,122.65526,0.552,0.407
2019-04-01 03:00:00+02:00,115.46000000000001,105.84,188.60000000000002,11.728,0.0,126.34414000000001,0.096,0.176
2019-04-01 04:00:00+02:00,125.12,113.67999999999999,209.92000000000002,10.262,0.0,127.26636,0.0,0.121
2019-04-01 05:00:00+02:00,151.57,133.28,332.1,11.728,0.0,131.87746,0.0,0.09899999999999999
2019-04-01 06:00:00+02:00,160.77,184.73,510.04,15.392999999999999,0.041,130.95524,0.024,0.132
2019-04-01 07:00:00+02:00,209.07000000000002,279.79,583.84,15.392999999999999,1.6400000000000001,134.64412000000002,0.036000000000000004,0.121
2019-04-01 08:00:00+02:00,211.14000000000001,297.92,530.5400000000001,17.592,7.134,142.94410000000002,0.012,0.16499999999999998
2019-04-01 09:00:00+02:00,173.42000000000002,276.85,502.66,18.325,14.76,160.46628,0.024,0.27499999999999997
2019-04-01 10:00:00+02:00,162.15,251.85999999999999,439.52000000000004,19.791,21.32,158.62184000000002,0.3,0.825
2019-04-01 11:00:00+02:00,157.78,237.65,389.50000000000006,18.325,24.477,153.08852000000002,0.66,2.167
2019-04-01 12:00:00+02:00,158.24,230.79,382.12,20.524,26.486,149.39964,0.552,2.4749999999999996
2019-04-01 13:00:00+02:00,155.71,211.19,435.42,17.592,27.019000000000002,129.1108,0.54,2.8379999999999996
2019-04-01 14:00:00+02:00,144.21,207.76,516.6,19.791,26.527,116.19972,0.528,3.19
2019-04-01 15:00:00+02:00,129.95000000000002,210.21,510.86,19.791,24.805,113.43306000000001,0.732,3.6519999999999997
2019-04-01 16:00:00+02:00,135.70000000000002,216.57999999999998,402.62,19.791,20.008,115.2775,0.924,4.114
2019-04-01 17:00:00+02:00,134.55,218.04999999999998,399.34000000000003,19.791,12.956000000000001,118.96638,1.356,5.159
2019-04-01 18:00:00+02:00,139.61,209.23,582.2,19.791,5.371,121.73304,2.076,5.962
2019-04-01 19:00:00+02:00,160.77,219.03,720.7800000000001,23.456,0.6970000000000001,118.04416,2.172,6.358
2019-04-01 20:00:00+02:00,165.83,212.66,640.4200000000001,21.99,0.123,123.57748000000001,4.908,8.062999999999999
2019-04-01 21:00:00+02:00,129.72,177.38,362.44000000000005,23.456,0.0,118.96638,9.936,9.998999999999999
2019-04-01 22:00:00+02:00,98.9,152.39,291.1,25.655,0.0,116.19972,11.088000000000001,11.956999999999999
2019-04-01 23:00:00+02:00,97.52000000000001,149.94,257.48,26.387999999999998,0.0,114.35528000000001,11.82,13.540999999999999
2019-04-02 00:00:00+02:00,89.47,104.86,230.42000000000002,20.524,0.0,106.0553,11.556000000000001,14.783999999999999
2019-04-02 01:00:00+02:00,85.33,99.96,213.20000000000002,16.858999999999998,0.0,106.0553,12.204,16.125999999999998
2019-04-02 02:00:00+02:00,88.09,100.45,211.56,16.858999999999998,0.0,106.97752,12.912,17.666
2019-04-02 03:00:00+02:00,89.24000000000001,102.41,204.18,17.592,0.0,109.74418,13.356,18.677999999999997
2019-04-02 04:00:00+02:00,91.08,103.39,210.74,17.592,0.0,108.82196,13.992,20.075
2019-04-02 05:00:00+02:00,109.48,113.67999999999999,276.34000000000003,18.325,0.0,110.66640000000001,14.052,20.746
2019-04-02 06:00:00+02:00,126.27000000000001,134.26,300.94,20.524,0.041,112.51084,14.196,20.657999999999998
2019-04-02 07:00:00+02:00,138.0,131.81,294.38,23.456,0.9430000000000001,115.2775,14.328000000000001,18.358999999999998
2019-04-02 08:00:00+02:00,139.61,149.94,302.58000000000004,25.655,6.601,120.81082,14.352,20.284
2019-04-02 09:00:00+02:00,146.05,193.54999999999998,459.20000000000005,28.587,14.883000000000001,126.34414000000001,14.748000000000001,23.352999999999998
2019-04-02 10:00:00+02:00,130.87,186.69,317.34000000000003,24.922,21.73,106.97752,14.280000000000001,27.070999999999998
2019-04-02 11:00:00+02:00,129.03,171.5,252.56000000000003,24.922,26.773,108.82196,13.404,29.512999999999998
2019-04-02 12:00:00+02:00,126.04,155.82,245.18,25.655,29.52,111.58862,13.116,30.47
2019-04-02 13:00:00+02:00,122.36,142.59,239.44000000000003,25.655,29.889000000000003,120.81082,13.416,31.624999999999996
2019-04-02 14:00:00+02:00,105.80000000000001,130.34,231.24,24.922,27.921000000000003,122.65526,13.224,31.602999999999998
2019-04-02 15:00:00+02:00,115.69000000000001,127.39999999999999,229.60000000000002,24.189,23.042,123.57748000000001,13.032,31.493
2019-04-02 16:00:00+02:00,101.2,125.92999999999999,236.16000000000003,24.189,16.400000000000002,123.57748000000001,13.56,33.483999999999995
2019-04-02 17:00:00+02:00,117.99000000000001,133.28,370.64000000000004,24.189,9.512,123.57748000000001,14.148,33.428999999999995
2019-04-02 18:00:00+02:00,119.60000000000001,124.46,381.3,24.922,3.9770000000000003,121.73304,14.124,26.697
2019-04-02 19:00:00+02:00,119.60000000000001,117.6,474.78000000000003,25.655,0.656,123.57748000000001,14.592,23.331
2019-04-02 20:00:00+02:00,118.45,121.52,495.28000000000003,27.121,0.041,123.57748000000001,14.832,22.285999999999998
2019-04-02 21:00:00+02:00,104.88000000000001,98.0,382.12,23.456,0.0,118.96638,14.988,22.945999999999998
2019-04-02 22:00:00+02:00,84.41,73.01,265.68,22.723,0.0,114.35528000000001,14.676,19.866
2019-04-02 23:00:00+02:00,75.44,80.85,222.22000000000003,20.524,0.0,112.51084,14.772,18.358999999999998
2019-04-03 00:00:00+02:00,70.84,82.32,252.56000000000003,21.256999999999998,0.0,108.82196,13.788,15.806999999999999
2019-04-03 01:00:00+02:00,70.61,81.83,250.92000000000002,19.791,0.0,109.74418,13.872,17.753999999999998
2019-04-03 02:00:00+02:00,96.37,95.55,378.84000000000003,21.256999999999998,0.0,120.81082,12.828,18.314999999999998
2019-04-03 03:00:00+02:00,91.54,94.57,309.14000000000004,19.791,0.0,128.18858,13.464,16.72
2019-04-03 04:00:00+02:00,88.78,98.0,263.22,18.325,0.0,120.81082,11.832,15.18
2019-04-03 05:00:00+02:00,94.53,106.33,354.24,19.791,0.0,116.19972,10.74,12.661
2019-04-03 06:00:00+02:00,105.57000000000001,135.73,622.38,20.524,0.0,127.26636,8.712,9.889
2019-04-03 07:00:00+02:00,146.28,164.64,502.66,16.126,0.738,131.87746,7.308,7.733
2019-04-03 08:00:00+02:00,143.29,189.14,537.9200000000001,18.325,2.87,130.95524,5.868,5.2909999999999995
2019-04-03 09:00:00+02:00,167.21,236.18,708.48,19.058,6.5600000000000005,133.7219,5.412,3.388
2019-04-03 10:00:00+02:00,165.6,236.67,721.6,14.66,12.341000000000001,136.48856,4.416,2.167
2019-04-03 11:00:00+02:00,161.92000000000002,231.76999999999998,727.34,18.325,16.359,135.56634,2.424,2.068
2019-04-03 12:00:00+02:00,144.21,198.94,535.46,17.592,16.072,136.48856,2.616,1.4189999999999998
2019-04-03 13:00:00+02:00,121.67,196.98,645.34,17.592,14.801,142.94410000000002,2.688,1.7819999999999998
2019-04-03 14:00:00+02:00,107.87,194.53,701.1,18.325,11.439,149.39964,1.848,3.3
2019-04-03 15:00:00+02:00,104.42,195.51,663.38,19.791,8.487,148.47742,3.096,4.092
2019-04-03 16:00:00+02:00,108.33,205.31,690.44,21.256999999999998,6.0680000000000005,140.17744000000002,2.952,5.247
2019-04-03 17:00:00+02:00,118.45,189.63,722.4200000000001,23.456,3.649,137.41078000000002,2.88,6.633
2019-04-03 18:00:00+02:00,148.58,188.16,735.5400000000001,21.256999999999998,1.599,143.86632,5.208,8.139999999999999
2019-04-03 19:00:00+02:00,184.0,195.51,733.08,29.32,0.369,142.02188,9.912,8.36
2019-04-03 20:00:00+02:00,178.02,188.65,786.3800000000001,31.519,0.0,141.09966,11.028,8.03
2019-04-03 21:00:00+02:00,146.05,171.99,766.7,27.121,0.0,141.09966,7.872,8.700999999999999
2019-04-03 22:00:00+02:00,141.45000000000002,133.77,720.7800000000001,24.922,0.0,137.41078000000002,6.612,9.338999999999999
2019-04-03 23:00:00+02:00,132.94,96.03999999999999,510.86,21.99,0.0,137.41078000000002,7.5120000000000005,10.12
2019-04-04 00:00:00+02:00,117.53,78.4,397.70000000000005,10.995,0.0,138.333,9.084,12.033999999999999
2019-04-04 01:00:00+02:00,109.25,80.36,373.92,11.728,0.0,133.7219,9.24,12.705
2019-04-04 02:00:00+02:00,109.94,84.28,403.44000000000005,13.193999999999999,0.0,131.87746,9.168000000000001,12.738
2019-04-04 03:00:00+02:00,119.14,83.78999999999999,411.64000000000004,12.461,0.0,139.25522,9.468,13.617999999999999
2019-04-04 04:00:00+02:00,123.51,82.32,446.90000000000003,12.461,0.0,140.17744000000002,9.144,15.091999999999999
2019-04-04 05:00:00+02:00,129.72,89.17999999999999,519.88,14.66,0.0,137.41078000000002,7.86,15.202
2019-04-04 06:00:00+02:00,152.26000000000002,122.00999999999999,770.8000000000001,16.126,0.041,138.333,7.692,14.838999999999999
2019-04-04 07:00:00+02:00,161.92000000000002,178.35999999999999,812.6200000000001,16.126,1.353,143.86632,8.256,15.597999999999999
2019-04-04 08:00:00+02:00,181.01000000000002,207.27,860.1800000000001,18.325,5.166,143.86632,8.232,14.168
2019-04-04 09:00:00+02:00,169.05,215.6,895.44,19.791,10.045,141.09966,7.6080000000000005,11.539
2019-04-04 10:00:00+02:00,188.14000000000001,229.32,919.22,19.791,14.596,110.66640000000001,6.024,9.856
2019-04-04 11:00:00+02:00,218.5,263.62,945.46,22.723,18.778000000000002,114.35528000000001,5.7,8.084999999999999
2019-04-04 12:00:00+02:00,223.10000000000002,259.21,927.4200000000001,24.189,21.238,117.12194000000001,6.072,7.622999999999999
2019-04-04 13:00:00+02:00,195.96,217.56,840.5000000000001,19.058,22.386,130.95524,6.54,8.491999999999999
2019-04-04 14:00:00+02:00,138.46,172.48,818.36,16.858999999999998,21.73,139.25522,6.132000000000001,10.362
2019-04-04 15:00:00+02:00,132.48000000000002,161.7,777.36,18.325,19.68,141.09966,4.6080000000000005,11.253
2019-04-04 16:00:00+02:00,137.31,150.43,697.82,15.392999999999999,15.088000000000001,138.333,6.1080000000000005,10.626
2019-04-04 17:00:00+02:00,138.92000000000002,166.6,677.32,18.325,9.225,122.65526,8.784,9.163
2019-04-04 18:00:00+02:00,163.07,176.89,816.72,19.791,3.9770000000000003,123.57748000000001,8.4,7.744
2019-04-04 19:00:00+02:00,173.88,159.74,801.1400000000001,19.058,0.656,100.52198,8.352,8.107
2019-04-04 20:00:00+02:00,170.66,167.57999999999998,789.6600000000001,19.058,0.0,106.0553,8.364,9.548
2019-04-04 21:00:00+02:00,159.39000000000001,142.59,729.8000000000001,14.66,0.0,130.03302,7.62,10.087
2019-04-04 22:00:00+02:00,159.85,95.55,681.4200000000001,12.461,0.0,131.87746,7.164000000000001,9.779
2019-04-04 23:00:00+02:00,138.46,87.71,452.64000000000004,13.927,0.0,132.79968,6.996,9.581
2019-04-05 00:00:00+02:00,117.53,74.48,390.32000000000005,10.995,0.0,135.56634,6.924,9.372
2019-04-05 01:00:00+02:00,121.44000000000001,71.05,373.1,10.262,0.0,138.333,7.056,8.668
2019-04-05 02:00:00+02:00,117.30000000000001,73.5,332.1,11.728,0.0,132.79968,6.5520000000000005,7.018
2019-04-05 03:00:00+02:00,130.87,71.53999999999999,305.04,9.529,0.0,135.56634,6.216,6.457
2019-04-05 04:00:00+02:00,124.89,74.48,420.66,10.995,0.0,136.48856,6.384,6.754
2019-04-05 05:00:00+02:00,138.0,93.1,577.2800000000001,11.728,0.0,133.7219,6.888,7.7219999999999995
2019-04-05 06:00:00+02:00,141.22,170.03,821.6400000000001,17.592,0.082,137.41078000000002,7.104,8.734
2019-04-05 07:00:00+02:00,150.42000000000002,217.56,879.0400000000001,20.524,1.6400000000000001,138.333,6.84,8.854999999999999
2019-04-05 08:00:00+02:00,171.35,251.85999999999999,879.86,21.256999999999998,5.904,142.02188,6.0600000000000005,7.997
2019-04-05 09:00:00+02:00,146.51000000000002,244.51,851.98,24.189,11.603,141.09966,7.572,7.3919999999999995
2019-04-05 10:00:00+02:00,132.94,225.4,739.6400000000001,24.189,16.687,140.17744000000002,7.0440000000000005,8.602
2019-04-05 11:00:00+02:00,133.17000000000002,224.91,733.08,21.99,21.73,139.25522,7.0440000000000005,9.724
2019-04-05 12:00:00+02:00,131.56,184.73,719.1400000000001,21.256999999999998,24.19,138.333,7.956,11.924
2019-04-05 13:00:00+02:00,123.97,174.93,704.3800000000001,19.058,24.395,135.56634,7.98,14.234
2019-04-05 14:00:00+02:00,125.12,158.76,659.2800000000001,19.058,22.919,140.17744000000002,8.484,15.059
2019-04-05 15:00:00+02:00,123.97,128.38,656.82,18.325,19.188000000000002,137.41078000000002,8.928,15.059
2019-04-05 16:00:00+02:00,125.12,123.48,632.22,16.858999999999998,14.391,137.41078000000002,9.108,14.629999999999999
2019-04-05 17:00:00+02:00,130.87,140.14,679.7800000000001,16.858999999999998,8.364,134.64412000000002,8.604000000000001,13.892999999999999
2019-04-05 18:00:00+02:00,149.5,167.57999999999998,783.1,19.791,3.7310000000000003,136.48856,8.916,12.683
2019-04-05 19:00:00+02:00,146.97,135.24,765.8800000000001,19.791,0.8200000000000001,135.56634,9.096,12.628
2019-04-05 20:00:00+02:00,146.51000000000002,122.00999999999999,631.4000000000001,18.325,0.041,135.56634,11.148,13.574
2019-04-05 21:00:00+02:00,124.43,111.72,608.44,16.858999999999998,0.0,139.25522,11.052,13.309999999999999
2019-04-05 22:00:00+02:00,126.04,114.17,584.6600000000001,15.392999999999999,0.0,126.34414000000001,10.296,12.639
2019-04-05 23:00:00+02:00,161.92000000000002,85.75,472.32000000000005,16.858999999999998,0.0,118.04416,9.192,11.583
2019-04-06 00:00:00+02:00,123.97,70.07,428.86,16.858999999999998,0.0,123.57748000000001,8.82,10.01
2019-04-06 01:00:00+02:00,101.43,67.62,389.50000000000006,16.858999999999998,0.0,130.03302,9.216000000000001,9.009
2019-04-06 02:00:00+02:00,86.48,66.15,320.62,16.858999999999998,0.0,124.4997,9.24,7.688999999999999
2019-04-06 03:00:00+02:00,85.33,66.64,279.62,17.592,0.0,125.42192,5.724,6.6659999999999995
2019-04-06 04:00:00+02:00,88.78,63.699999999999996,277.98,13.193999999999999,0.0,134.64412000000002,5.7,6.127
2019-04-06 05:00:00+02:00,89.01,64.19,289.46000000000004,13.193999999999999,0.0,137.41078000000002,6.768,5.896
2019-04-06 06:00:00+02:00,90.85000000000001,74.48,350.96000000000004,14.66,0.041,139.25522,6.3,5.367999999999999
2019-04-06 07:00:00+02:00,110.17,109.27,482.16,19.791,1.353,143.86632,5.916,4.388999999999999
2019-04-06 08:00:00+02:00,119.60000000000001,142.1,535.46,20.524,4.838,148.47742,3.8160000000000003,3.476
2019-04-06 09:00:00+02:00,115.69000000000001,142.1,518.24,20.524,9.676,145.71076,3.42,2.8379999999999996
2019-04-06 10:00:00+02:00,115.46000000000001,113.67999999999999,484.62000000000006,11.728,14.883000000000001,149.39964,3.24,2.915
2019-04-06 11:00:00+02:00,111.09,105.84,477.24,13.927,19.598000000000003,151.24408,3.48,3.069
2019-04-06 12:00:00+02:00,105.80000000000001,107.31,365.72,19.791,23.698,149.39964,3.2520000000000002,3.597
2019-04-06 13:00:00+02:00,90.85000000000001,117.6,273.88,19.058,25.912000000000003,148.47742,3.528,4.51
2019-04-06 14:00:00+02:00,80.96000000000001,117.11,282.08000000000004,19.058,25.543000000000003,148.47742,5.424,4.543
2019-04-06 15:00:00+02:00,80.96000000000001,120.05,269.78000000000003,19.791,22.263,143.86632,5.736,5.181
2019-04-06 16:00:00+02:00,96.37,122.5,282.08000000000004,21.99,17.302,138.333,5.352,5.302
2019-04-06 17:00:00+02:00,81.42,128.87,350.96000000000004,22.723,10.988000000000001,139.25522,4.644,4.6419999999999995
2019-04-06 18:00:00+02:00,81.19,141.60999999999999,480.52000000000004,17.592,4.961,144.78854,3.624,4.29
2019-04-06 19:00:00+02:00,104.65,143.57,481.34000000000003,16.126,1.0250000000000001,146.63298,4.224,4.4879999999999995
2019-04-06 20:00:00+02:00,107.41000000000001,108.78,334.56,13.193999999999999,0.123,119.88860000000001,4.92,5.686999999999999
2019-04-06 21:00:00+02:00,135.24,126.42,438.70000000000005,15.392999999999999,0.0,120.81082,5.268,5.686999999999999
2019-04-06 22:00:00+02:00,114.77000000000001,121.03,431.32000000000005,13.927,0.0,119.88860000000001,4.932,5.324
2019-04-06 23:00:00+02:00,94.53,113.19,279.62,13.927,0.041,116.19972,4.2,5.071
2019-04-07 00:00:00+02:00,66.01,85.26,247.64000000000001,10.995,0.0,106.97752,3.8280000000000003,4.741
2019-04-07 01:00:00+02:00,70.15,77.91,256.66,10.995,0.0,100.52198,3.636,4.29
2019-04-07 02:00:00+02:00,69.69,76.44,262.40000000000003,13.193999999999999,0.0,97.75532,2.436,3.179
2019-04-07 03:00:00+02:00,68.08,76.44,258.3,10.262,0.0,106.0553,1.836,2.0789999999999997
2019-04-07 04:00:00+02:00,71.53,78.4,264.86,10.995,0.0,102.36642,1.056,1.7599999999999998
2019-04-07 05:00:00+02:00,71.3,80.85,259.12,8.796,0.0,104.21086000000001,0.8280000000000001,2.266
2019-04-07 06:00:00+02:00,63.940000000000005,91.14,274.70000000000005,10.995,0.123,105.13308,0.6960000000000001,2.42
2019-04-07 07:00:00+02:00,70.15,96.03999999999999,341.94,11.728,1.7630000000000001,105.13308,0.432,2.871
2019-04-07 08:00:00+02:00,69.23,117.11,459.20000000000005,13.927,5.822,111.58862,0.34800000000000003,3.014
2019-04-07 09:00:00+02:00,71.53,120.05,462.48,14.66,11.193,122.65526,0.20400000000000001,2.8049999999999997
2019-04-07 10:00:00+02:00,66.7,120.53999999999999,440.34000000000003,17.592,16.113,123.57748000000001,0.12,2.827
2019-04-07 11:00:00+02:00,65.55,114.17,397.70000000000005,17.592,20.541,121.73304,0.156,3.069
2019-04-07 12:00:00+02:00,60.95,102.89999999999999,283.72,16.126,23.042,120.81082,0.216,3.2449999999999997
2019-04-07 13:00:00+02:00,48.760000000000005,104.37,279.62,16.858999999999998,22.755000000000003,119.88860000000001,0.684,3.2009999999999996
2019-04-07 14:00:00+02:00,46.92,114.17,272.24,16.126,22.878,119.88860000000001,0.936,3.2889999999999997
2019-04-07 15:00:00+02:00,47.38,97.02,274.70000000000005,16.126,19.926000000000002,119.88860000000001,1.272,3.8169999999999997
2019-04-07 16:00:00+02:00,48.760000000000005,84.77,284.54,16.126,15.457,137.41078000000002,2.352,4.664
2019-04-07 17:00:00+02:00,63.02,86.24,337.84000000000003,18.325,10.045,133.7219,3.168,5.423
2019-04-07 18:00:00+02:00,59.34,93.59,467.40000000000003,20.524,4.346,129.1108,4.404,6.093999999999999
2019-04-07 19:00:00+02:00,81.19,103.88,488.72,19.791,0.902,129.1108,5.784,6.204
2019-04-07 20:00:00+02:00,99.13000000000001,102.41,473.14000000000004,19.791,0.082,130.95524,7.344,6.952
2019-04-07 21:00:00+02:00,103.27000000000001,100.94,466.58000000000004,20.524,0.0,129.1108,8.496,7.997
2019-04-07 22:00:00+02:00,110.63000000000001,95.55,441.98,19.791,0.0,138.333,8.796,8.635
2019-04-07 23:00:00+02:00,108.79,63.699999999999996,320.62,18.325,0.0,135.56634,8.592,8.327
2019-04-08 00:00:00+02:00,105.11,56.35,281.26000000000005,16.858999999999998,0.0,133.7219,7.932,8.25
2019-04-08 01:00:00+02:00,103.27000000000001,56.839999999999996,271.42,16.858999999999998,0.0,132.79968,7.74,8.613
2019-04-08 02:00:00+02:00,96.14,57.33,272.24,18.325,0.0,130.95524,6.372,9.35
2019-04-08 03:00:00+02:00,95.22,55.37,268.14000000000004,16.126,0.0,126.34414000000001,6.5280000000000005,11.187
2019-04-08 04:00:00+02:00,95.91000000000001,56.839999999999996,276.34000000000003,16.126,0.0,126.34414000000001,7.416,13.232999999999999
2019-04-08 05:00:00+02:00,96.83,65.66,378.84000000000003,19.058,0.0,126.34414000000001,10.224,14.585999999999999
2019-04-08 06:00:00+02:00,103.73,81.34,491.18000000000006,22.723,0.082,130.95524,11.94,15.069999999999999
2019-04-08 07:00:00+02:00,106.95,104.86,440.34000000000003,22.723,2.132,128.18858,11.088000000000001,13.639999999999999
2019-04-08 08:00:00+02:00,88.32000000000001,124.95,427.22,20.524,7.79,118.04416,10.98,13.684
2019-04-08 09:00:00+02:00,84.18,126.91,428.86,24.922,15.539000000000001,117.12194000000001,10.200000000000001,16.621
2019-04-08 10:00:00+02:00,90.85000000000001,127.39999999999999,438.70000000000005,27.854,22.14,123.57748000000001,7.992,13.694999999999999
2019-04-08 11:00:00+02:00,89.47,130.82999999999998,435.42,26.387999999999998,25.502000000000002,131.87746,7.572,14.091
2019-04-08 12:00:00+02:00,91.31,130.34,392.78000000000003,23.456,26.527,130.95524,7.716,14.729
2019-04-08 13:00:00+02:00,89.47,130.34,366.54,25.655,26.527,121.73304,8.22,14.431999999999999
2019-04-08 14:00:00+02:00,90.62,134.26,368.18,24.922,25.584,128.18858,8.304,14.079999999999998
2019-04-08 15:00:00+02:00,92.69,124.95,375.56,24.189,23.657,130.95524,8.832,13.947999999999999
2019-04-08 16:00:00+02:00,91.31,102.89999999999999,339.48,24.922,19.803,130.03302,7.812,12.748999999999999
2019-04-08 17:00:00+02:00,86.94,99.96,328.0,23.456,13.571,124.4997,7.032,11.065999999999999
2019-04-08 18:00:00+02:00,92.23,108.28999999999999,340.3,24.922,6.396,126.34414000000001,7.140000000000001,10.966999999999999
2019-04-08 19:00:00+02:00,89.7,97.51,377.20000000000005,20.524,1.353,122.65526,7.392,7.359
2019-04-08 20:00:00+02:00,87.4,98.0,399.34000000000003,20.524,0.041,123.57748000000001,7.86,5.433999999999999
2019-04-08 21:00:00+02:00,88.55,97.02,414.92,19.791,0.0,124.4997,7.908,4.939
2019-04-08 22:00:00+02:00,105.80000000000001,98.98,509.22,19.058,0.0,129.1108,6.888,6.039
2019-04-08 23:00:00+02:00,116.61,93.59,367.36,18.325,0.0,130.95524,5.304,6.6
2019-04-09 00:00:00+02:00,129.03,65.17,341.12,16.126,0.0,131.87746,4.548,8.019
2019-04-09 01:00:00+02:00,122.13000000000001,58.8,335.38000000000005,15.392999999999999,0.0,130.95524,4.98,9.976999999999999
2019-04-09 02:00:00+02:00,128.34,57.82,328.0,13.193999999999999,0.0,132.79968,5.784,11.209
2019-04-09 03:00:00+02:00,126.73,58.31,331.28000000000003,13.927,0.0,130.03302,6.336,12.485
2019-04-09 04:00:00+02:00,126.04,66.64,334.56,16.126,0.0,127.26636,6.96,12.375
2019-04-09 05:00:00+02:00,132.94,87.71,361.62,18.325,0.0,129.1108,7.5840000000000005,11.869
2019-04-09 06:00:00+02:00,146.51000000000002,111.23,593.6800000000001,21.99,0.164,134.64412000000002,8.328,11.681999999999999
2019-04-09 07:00:00+02:00,121.44000000000001,149.45,671.58,25.655,2.378,138.333,9.864,9.493
2019-04-09 08:00:00+02:00,101.89,185.71,806.0600000000001,27.854,8.282,149.39964,9.696,9.757
2019-04-09 09:00:00+02:00,97.29,170.52,660.1,30.053,15.58,148.47742,8.172,13.277
2019-04-09 10:00:00+02:00,94.3,152.39,621.5600000000001,30.785999999999998,22.304000000000002,145.71076,6.5280000000000005,13.617999999999999
2019-04-09 11:00:00+02:00,89.93,149.94,678.1400000000001,30.053,27.142,151.24408,5.232,11.891
2019-04-09 12:00:00+02:00,98.9,141.12,659.2800000000001,27.854,29.602,156.7774,4.308,10.12
2019-04-09 13:00:00+02:00,118.91000000000001,131.81,628.94,24.189,30.217000000000002,165.07738,3.7560000000000002,9.075
2019-04-09 14:00:00+02:00,125.12,127.39999999999999,610.9000000000001,19.791,29.192,173.37736,4.128,9.184999999999999
2019-04-09 15:00:00+02:00,119.14,130.34,511.68000000000006,22.723,26.363,171.53292000000002,4.896,10.427999999999999
2019-04-09 16:00:00+02:00,119.83,126.91,415.74,24.922,21.361,166.92182,5.736,11.638
2019-04-09 17:00:00+02:00,118.68,140.63,568.26,29.32,14.555000000000001,169.68848,6.804,12.165999999999999
2019-04-09 18:00:00+02:00,120.75,153.37,712.58,31.519,6.929,172.45514,7.764,12.683
2019-04-09 19:00:00+02:00,122.82000000000001,120.05,424.76000000000005,28.587,1.476,154.93296,7.812,9.636
2019-04-09 20:00:00+02:00,127.42,110.74,391.14000000000004,25.655,0.123,156.7774,7.704,6.38
2019-04-09 21:00:00+02:00,126.96000000000001,114.66,457.56000000000006,19.791,0.0,151.24408,7.596,5.928999999999999
2019-04-09 22:00:00+02:00,138.0,129.85,553.5,19.058,0.0,148.47742,7.44,5.994999999999999
2019-04-09 23:00:00+02:00,135.70000000000002,102.89999999999999,391.14000000000004,15.392999999999999,0.0,163.23294,6.156,6.412999999999999
2019-04-10 00:00:00+02:00,119.14,76.92999999999999,369.0,18.325,0.0,161.3885,5.256,5.851999999999999
2019-04-10 01:00:00+02:00,119.83,71.53999999999999,339.48,18.325,0.0,159.54406,5.7,5.752999999999999
2019-04-10 02:00:00+02:00,128.57,67.13,318.98,14.66,0.0,165.07738,5.664,6.478999999999999
2019-04-10 03:00:00+02:00,130.87,67.13,334.56,13.927,0.0,150.32186000000002,4.6080000000000005,7.271
2019-04-10 04:00:00+02:00,131.56,68.11,339.48,13.927,0.0,150.32186000000002,4.848,8.161999999999999
2019-04-10 05:00:00+02:00,135.47,74.48,414.1,19.058,0.0,167.84404,5.148,8.767
2019-04-10 06:00:00+02:00,141.91,103.39,709.3000000000001,17.592,0.164,182.59956,4.14,9.174
2019-04-10 07:00:00+02:00,176.18,198.94,903.6400000000001,21.256999999999998,2.624,184.44400000000002,4.8,8.558
2019-04-10 08:00:00+02:00,181.93,244.51,937.2600000000001,21.256999999999998,7.585,178.91068,3.7920000000000003,8.008
2019-04-10 09:00:00+02:00,165.37,243.04,875.7600000000001,19.058,13.530000000000001,182.59956,3.012,10.164
2019-04-10 10:00:00+02:00,116.61,220.99,728.98,18.325,15.826,182.59956,3.24,13.617999999999999
2019-04-10 11:00:00+02:00,115.23,184.73,687.1600000000001,19.791,15.703000000000001,163.23294,3.216,13.969999999999999
2019-04-10 12:00:00+02:00,138.46,181.29999999999998,746.2,20.524,14.514000000000001,157.69962,3.12,12.924999999999999
2019-04-10 13:00:00+02:00,139.15,174.44,694.5400000000001,22.723,13.571,176.14402,2.892,11.748
2019-04-10 14:00:00+02:00,145.13,172.48,665.84,35.917,12.218,177.06624,2.46,9.779
2019-04-10 15:00:00+02:00,149.27,145.04,646.98,19.058,10.291,185.36622,2.7,8.261
2019-04-10 16:00:00+02:00,149.04000000000002,140.14,650.2600000000001,17.592,8.159,186.28844,4.008,6.93
2019-04-10 17:00:00+02:00,151.34,152.39,674.0400000000001,20.524,5.494000000000001,183.52178,4.836,6.072
2019-04-10 18:00:00+02:00,164.91,160.72,707.6600000000001,20.524,2.911,185.36622,4.248,5.478
2019-04-10 19:00:00+02:00,163.99,160.23,740.46,21.99,0.738,185.36622,4.5360000000000005,4.476999999999999
2019-04-10 20:00:00+02:00,153.18,154.35,737.1800000000001,20.524,0.041,187.21066000000002,4.98,3.5639999999999996
2019-04-10 21:00:00+02:00,144.21,137.69,589.58,19.791,0.0,185.36622,4.848,3.234
2019-04-10 22:00:00+02:00,142.83,126.91,582.2,17.592,0.0,176.14402,3.648,3.0469999999999997
2019-04-10 23:00:00+02:00,146.05,122.00999999999999,592.86,16.126,0.0,168.76626000000002,2.748,2.8049999999999997
2019-04-11 00:00:00+02:00,132.48000000000002,80.85,594.5,17.592,0.0,168.76626000000002,2.088,2.53
2019-04-11 01:00:00+02:00,128.8,78.89,672.4000000000001,20.524,0.0,167.84404,1.452,2.4419999999999997
2019-04-11 02:00:00+02:00,130.87,73.99,661.74,16.858999999999998,0.0,171.53292000000002,1.32,2.332
2019-04-11 03:00:00+02:00,132.48000000000002,70.56,669.12,15.392999999999999,0.0,172.45514,1.62,2.431
2019-04-11 04:00:00+02:00,135.24,71.53999999999999,661.74,15.392999999999999,0.0,170.6107,1.764,2.629
2019-04-11 05:00:00+02:00,140.3,81.34,752.7600000000001,15.392999999999999,0.0,171.53292000000002,2.496,2.8489999999999998
2019-04-11 06:00:00+02:00,141.91,141.60999999999999,936.44,21.256999999999998,0.082,173.37736,3.564,3.036
2019-04-11 07:00:00+02:00,145.36,222.46,1080.76,24.922,1.3940000000000001,176.14402,4.356,3.0029999999999997
2019-04-11 08:00:00+02:00,161.92000000000002,250.39,1070.92,32.985,4.551,162.31072,4.5600000000000005,2.6399999999999997
2019-04-11 09:00:00+02:00,152.95000000000002,239.60999999999999,1045.5,26.387999999999998,8.487,154.93296,3.396,3.179
2019-04-11 10:00:00+02:00,140.99,223.44,947.9200000000001,24.922,11.767000000000001,149.39964,2.436,3.7399999999999998
2019-04-11 11:00:00+02:00,143.06,204.82,968.4200000000001,23.456,14.432,167.84404,1.968,3.465
2019-04-11 12:00:00+02:00,136.16,187.67,865.9200000000001,21.256999999999998,15.744,166.92182,1.692,3.19
2019-04-11 13:00:00+02:00,124.43,183.26,904.46,16.126,16.851,166.92182,1.968,3.2009999999999996
2019-04-11 14:00:00+02:00,127.42,184.24,824.9200000000001,12.461,17.056,168.76626000000002,1.968,3.234
2019-04-11 15:00:00+02:00,126.73,157.29,727.34,16.858999999999998,16.277,166.92182,1.812,3.1679999999999997
2019-04-11 16:00:00+02:00,127.88000000000001,152.88,760.96,13.193999999999999,13.366000000000001,168.76626000000002,1.548,3.223
2019-04-11 17:00:00+02:00,128.8,161.21,778.1800000000001,15.392999999999999,9.676,170.6107,1.704,3.0029999999999997
2019-04-11 18:00:00+02:00,132.94,170.03,757.6800000000001,16.126,4.92,157.69962,2.208,2.618
2019-04-11 19:00:00+02:00,140.99,167.57999999999998,883.96,19.058,1.23,151.24408,2.736,2.42
2019-04-11 20:00:00+02:00,143.75,163.17,869.2,23.456,0.164,169.68848,3.228,2.827
2019-04-11 21:00:00+02:00,136.62,139.65,743.74,21.256999999999998,0.0,173.37736,3.7800000000000002,3.586
2019-04-11 22:00:00+02:00,130.64000000000001,132.79,704.3800000000001,21.99,0.0,166.92182,3.696,4.146999999999999
2019-04-11 23:00:00+02:00,130.41,130.82999999999998,697.82,22.723,0.0,165.99960000000002,4.476,4.5649999999999995
2019-04-12 00:00:00+02:00,126.27000000000001,126.42,563.34,21.99,0.0,173.37736,4.5840000000000005,4.686
2019-04-12 01:00:00+02:00,126.04,129.85,729.8000000000001,22.723,0.0,175.2218,4.116,4.686
2019-04-12 02:00:00+02:00,127.88000000000001,132.3,717.5,22.723,0.0,177.98846,3.876,4.543
2019-04-12 03:00:00+02:00,130.64000000000001,131.81,724.8800000000001,23.456,0.0,177.06624,3.744,4.741
2019-04-12 04:00:00+02:00,135.01000000000002,130.82999999999998,738.82,19.058,0.0,177.06624,3.408,5.346
2019-04-12 05:00:00+02:00,139.38,137.69,825.74,14.66,0.0,179.8329,2.904,5.521999999999999
2019-04-12 06:00:00+02:00,148.12,201.88,985.6400000000001,18.325,0.20500000000000002,184.44400000000002,3.24,5.137
2019-04-12 07:00:00+02:00,169.05,268.03,1106.18,20.524,2.46,183.52178,4.2,5.137
2019-04-12 08:00:00+02:00,182.62,300.37,1161.94,21.256999999999998,7.339,180.75512,4.188,3.597
2019-04-12 09:00:00+02:00,159.62,274.89,1094.7,18.325,13.202,173.37736,3.84,3.7399999999999998
2019-04-12 10:00:00+02:00,155.94,255.29,975.8000000000001,19.058,16.892,170.6107,2.328,4.664
2019-04-12 11:00:00+02:00,157.55,257.74,939.72,19.791,19.434,183.52178,2.04,4.51
2019-04-12 12:00:00+02:00,129.95000000000002,228.34,952.0200000000001,20.524,19.762,181.67734000000002,1.74,4.752
2019-04-12 13:00:00+02:00,118.68,208.74,960.22,18.325,20.172,192.74398000000002,1.932,5.423
2019-04-12 14:00:00+02:00,121.67,159.25,824.1,15.392999999999999,18.86,177.06624,1.788,6.622
2019-04-12 15:00:00+02:00,134.09,152.88,676.5,16.126,17.302,185.36622,2.208,7.601
2019-04-12 16:00:00+02:00,133.63,153.85999999999999,707.6600000000001,18.325,14.432,194.58842,3.144,7.776999999999999
2019-04-12 17:00:00+02:00,135.24,164.15,670.7600000000001,23.456,10.373000000000001,193.6662,3.744,7.172
2019-04-12 18:00:00+02:00,144.67000000000002,150.92,783.1,22.723,5.453,195.51064,4.5,5.786
2019-04-12 19:00:00+02:00,150.65,151.9,868.3800000000001,22.723,1.476,193.6662,2.94,4.1579999999999995
2019-04-12 20:00:00+02:00,151.8,148.47,843.7800000000001,18.325,0.123,195.51064,2.448,3.476
2019-04-12 21:00:00+02:00,163.76000000000002,136.71,859.36,16.126,0.0,197.35508000000002,2.52,4.29
2019-04-12 22:00:00+02:00,144.44,110.25,829.84,16.858999999999998,0.0,189.0551,2.7600000000000002,4.8839999999999995
2019-04-12 23:00:00+02:00,142.37,99.96,726.5200000000001,20.524,0.0,167.84404,4.236,4.3999999999999995
2019-04-13 00:00:00+02:00,136.16,85.26,657.6400000000001,17.592,0.0,188.13288,3.852,3.9379999999999997
2019-04-13 01:00:00+02:00,146.97,90.64999999999999,706.84,21.99,0.0,183.52178,5.556,3.8609999999999998
2019-04-13 02:00:00+02:00,145.59,86.73,626.48,19.791,0.0,185.36622,6.072,3.4979999999999998
2019-04-13 03:00:00+02:00,144.67000000000002,80.36,612.5400000000001,16.858999999999998,0.0,190.89954,4.68,4.29
2019-04-13 04:00:00+02:00,148.35,78.89,672.4000000000001,15.392999999999999,0.0,193.6662,4.968,4.444
2019-04-13 05:00:00+02:00,152.03,89.67,678.1400000000001,15.392999999999999,0.0,195.51064,5.496,4.8069999999999995
2019-04-13 06:00:00+02:00,152.72,123.97,792.94,16.126,0.28700000000000003,198.2773,5.688,5.9399999999999995
2019-04-13 07:00:00+02:00,157.78,130.34,834.7600000000001,17.592,2.7880000000000003,201.04396,5.016,6.654999999999999
2019-04-13 08:00:00+02:00,149.27,153.85999999999999,829.0200000000001,24.922,8.200000000000001,192.74398000000002,5.0040000000000004,6.71
2019-04-13 09:00:00+02:00,141.68,176.89,775.72,27.121,14.555000000000001,187.21066000000002,5.412,7.92
2019-04-13 10:00:00+02:00,135.24,182.77,641.24,26.387999999999998,19.147000000000002,177.98846,6.732,12.495999999999999
2019-04-13 11:00:00+02:00,132.94,179.82999999999998,587.94,25.655,21.484,166.92182,6.5520000000000005,17.457
2019-04-13 12:00:00+02:00,129.03,171.99,487.90000000000003,25.655,22.796,169.68848,7.0680000000000005,19.877
2019-04-13 13:00:00+02:00,121.9,163.17,473.96000000000004,27.121,21.976000000000003,164.15516,7.6080000000000005,19.822
2019-04-13 14:00:00+02:00,115.46000000000001,158.27,512.5,29.32,19.926000000000002,170.6107,7.5840000000000005,19.381999999999998
2019-04-13 15:00:00+02:00,122.82000000000001,153.85999999999999,491.18000000000006,29.32,17.589000000000002,157.69962,7.68,19.073999999999998
2019-04-13 16:00:00+02:00,124.89,163.17,517.4200000000001,30.053,14.227,147.5552,7.86,17.654999999999998
2019-04-13 17:00:00+02:00,128.11,159.25,715.86,33.717999999999996,9.553,162.31072,8.544,16.445
2019-04-13 18:00:00+02:00,127.42,162.68,759.32,32.985,4.8790000000000004,174.29958000000002,8.544,14.696
2019-04-13 19:00:00+02:00,135.01000000000002,161.7,814.2600000000001,31.519,1.2710000000000001,179.8329,8.484,11.703999999999999
2019-04-13 20:00:00+02:00,140.53,162.68,950.3800000000001,34.451,0.164,177.98846,7.872,9.152
2019-04-13 21:00:00+02:00,136.85,148.47,817.5400000000001,30.785999999999998,0.0,175.2218,7.632000000000001,9.317
2019-04-13 22:00:00+02:00,143.98000000000002,139.65,644.5200000000001,25.655,0.0,174.29958000000002,6.54,10.395
2019-04-13 23:00:00+02:00,141.68,129.85,452.64000000000004,18.325,0.0,172.45514,7.308,11.715
2019-04-14 00:00:00+02:00,119.60000000000001,110.25,421.48,17.592,0.0,170.6107,10.5,12.770999999999999
2019-04-14 01:00:00+02:00,104.88000000000001,100.94,420.66,14.66,0.0,177.06624,10.092,12.770999999999999
2019-04-14 02:00:00+02:00,112.24000000000001,101.42999999999999,422.3,14.66,0.0,177.06624,9.48,12.331
2019-04-14 03:00:00+02:00,112.47,102.41,432.96000000000004,15.392999999999999,0.0,173.37736,9.156,12.144
2019-04-14 04:00:00+02:00,122.82000000000001,105.35,455.92,19.058,0.0,169.68848,8.376,11.308
2019-04-14 05:00:00+02:00,123.74000000000001,111.72,477.24,19.058,0.0,172.45514,6.696,9.889
2019-04-14 06:00:00+02:00,122.82000000000001,132.79,517.4200000000001,19.058,0.28700000000000003,176.14402,7.764,10.758
2019-04-14 07:00:00+02:00,127.19000000000001,137.69,554.32,19.791,2.829,178.91068,7.6080000000000005,11.912999999999998
2019-04-14 08:00:00+02:00,120.29,141.60999999999999,552.6800000000001,28.587,7.421,176.14402,8.856,13.706
2019-04-14 09:00:00+02:00,116.15,147.98,499.38000000000005,30.053,12.546000000000001,163.23294,10.812,20.394
2019-04-14 10:00:00+02:00,115.92,166.10999999999999,492.82000000000005,31.519,17.876,166.92182,11.412,20.955
2019-04-14 11:00:00+02:00,110.17,168.07,436.24,32.985,22.058,159.54406,11.052,19.634999999999998
2019-04-14 12:00:00+02:00,115.69000000000001,163.17,380.48,30.785999999999998,23.903000000000002,142.94410000000002,9.144,18.919999999999998
2019-04-14 13:00:00+02:00,97.75,158.27,360.8,24.922,24.805,160.46628,7.764,19.195
2019-04-14 14:00:00+02:00,90.39,138.18,359.98,24.189,24.19,160.46628,6.78,18.666999999999998
2019-04-14 15:00:00+02:00,89.24000000000001,107.31,359.98,25.655,20.828,156.7774,6.048,17.468
2019-04-14 16:00:00+02:00,91.31,105.35,381.3,25.655,15.744,164.15516,6.204,15.751999999999999
2019-04-14 17:00:00+02:00,110.63000000000001,113.67999999999999,458.38000000000005,27.121,11.357000000000001,160.46628,6.516,13.684
2019-04-14 18:00:00+02:00,115.23,122.00999999999999,523.98,27.121,6.15,173.37736,7.524,12.199
2019-04-14 19:00:00+02:00,111.55000000000001,131.81,655.1800000000001,28.587,1.722,187.21066000000002,8.424,9.899999999999999
2019-04-14 20:00:00+02:00,108.79,127.89,527.26,30.785999999999998,0.082,177.98846,8.964,8.503
2019-04-14 21:00:00+02:00,107.87,125.92999999999999,600.24,31.519,0.0,175.2218,9.324,8.833
2019-04-14 22:00:00+02:00,108.33,90.64999999999999,389.50000000000006,27.854,0.0,174.29958000000002,9.048,9.822999999999999
2019-04-14 23:00:00+02:00,105.34,82.32,355.06,26.387999999999998,0.0,176.14402,9.144,10.109
2019-04-15 00:00:00+02:00,81.65,78.89,335.38000000000005,22.723,0.0,170.6107,9.012,9.119
2019-04-15 01:00:00+02:00,88.32000000000001,76.44,343.58000000000004,19.791,0.0,173.37736,8.76,8.635
2019-04-15 02:00:00+02:00,97.52000000000001,75.95,350.14000000000004,19.058,0.0,175.2218,9.324,8.987
2019-04-15 03:00:00+02:00,92.0,77.42,345.22,20.524,0.0,171.53292000000002,7.26,9.141
2019-04-15 04:00:00+02:00,99.36,82.32,398.52000000000004,21.256999999999998,0.0,165.99960000000002,6.876,8.36
2019-04-15 05:00:00+02:00,123.51,96.53,539.5600000000001,21.99,0.0,158.62184000000002,5.808,8.008
2019-04-15 06:00:00+02:00,132.94,150.43,767.5200000000001,24.189,0.41000000000000003,164.15516,5.28,6.478999999999999
2019-04-15 07:00:00+02:00,157.09,185.22,662.5600000000001,27.854,3.2390000000000003,162.31072,5.76,5.104
2019-04-15 08:00:00+02:00,155.71,197.47,651.08,27.121,9.061,165.07738,5.376,5.279999999999999
2019-04-15 09:00:00+02:00,138.69,215.6,823.2800000000001,29.32,16.687,165.99960000000002,5.772,8.756
2019-04-15 10:00:00+02:00,129.95000000000002,200.9,660.1,27.854,23.206,167.84404,5.412,14.641
2019-04-15 11:00:00+02:00,133.17000000000002,189.14,635.5,30.053,28.044,169.68848,5.748,17.247999999999998
2019-04-15 12:00:00+02:00,130.18,182.28,495.28000000000003,32.985,30.668000000000003,165.07738,6.78,16.093
2019-04-15 13:00:00+02:00,131.1,178.85,562.5200000000001,28.587,31.037000000000003,167.84404,6.468,15.059
2019-04-15 14:00:00+02:00,127.88000000000001,172.97,566.62,26.387999999999998,29.684,164.15516,5.484,14.465
2019-04-15 15:00:00+02:00,129.95000000000002,149.45,561.7,26.387999999999998,26.568,166.92182,5.46,13.827
2019-04-15 16:00:00+02:00,121.44000000000001,145.53,590.4000000000001,26.387999999999998,21.607,168.76626000000002,5.82,13.584999999999999
2019-04-15 17:00:00+02:00,123.74000000000001,149.94,492.00000000000006,24.922,14.883000000000001,168.76626000000002,6.0840000000000005,13.904
2019-04-15 18:00:00+02:00,134.55,160.72,658.46,28.587,7.421,166.92182,6.0,13.53
2019-04-15 19:00:00+02:00,130.18,125.92999999999999,463.3,26.387999999999998,1.968,163.23294,6.6240000000000006,12.286999999999999
2019-04-15 20:00:00+02:00,123.05000000000001,120.05,441.98,28.587,0.123,158.62184000000002,8.376,10.934
2019-04-15 21:00:00+02:00,133.86,125.92999999999999,701.1,32.252,0.0,163.23294,8.868,11.44
2019-04-15 22:00:00+02:00,115.23,91.14,526.44,30.053,0.0,159.54406,7.968,12.396999999999998
2019-04-15 23:00:00+02:00,103.96000000000001,87.22,444.44000000000005,32.252,0.0,154.93296,8.208,11.671
2019-04-16 00:00:00+02:00,92.69,83.3,365.72,30.053,0.0,151.24408,10.620000000000001,10.713999999999999
2019-04-16 01:00:00+02:00,107.18,83.78999999999999,392.78000000000003,27.121,0.0,151.24408,11.232000000000001,10.12
2019-04-16 02:00:00+02:00,104.65,83.3,416.56000000000006,24.189,0.0,152.1663,10.200000000000001,9.735
2019-04-16 03:00:00+02:00,94.99000000000001,84.77,464.12000000000006,24.189,0.0,153.08852000000002,9.396,9.02
2019-04-16 04:00:00+02:00,90.16000000000001,88.2,514.96,25.655,0.0,153.08852000000002,9.06,8.008
2019-04-16 05:00:00+02:00,116.84,93.59,534.64,25.655,0.0,154.93296,8.844,7.436
2019-04-16 06:00:00+02:00,152.03,119.07,842.1400000000001,26.387999999999998,0.369,164.15516,8.4,7.744
2019-04-16 07:00:00+02:00,135.93,153.85999999999999,597.7800000000001,28.587,3.198,161.3885,9.012,8.118
2019-04-16 08:00:00+02:00,152.49,175.42,769.98,30.053,8.856,165.07738,8.892,8.283
2019-04-16 09:00:00+02:00,150.19,193.54999999999998,730.62,24.922,15.949,170.6107,8.712,13.761
2019-04-16 10:00:00+02:00,134.78,170.03,447.72,30.053,21.853,164.15516,8.748,18.721999999999998
2019-04-16 11:00:00+02:00,133.4,157.29,346.86,32.252,25.379,156.7774,8.976,19.25
2019-04-16 12:00:00+02:00,141.22,141.60999999999999,293.56,24.922,26.732000000000003,165.07738,8.184000000000001,19.547
2019-04-16 13:00:00+02:00,134.55,136.22,290.28000000000003,21.99,27.265,167.84404,7.356,21.285
2019-04-16 14:00:00+02:00,117.99000000000001,140.63,278.8,22.723,26.404,166.92182,8.040000000000001,22.395999999999997
2019-04-16 15:00:00+02:00,125.81,131.81,272.24,23.456,24.067,164.15516,9.108,22.561
2019-04-16 16:00:00+02:00,125.58000000000001,137.69,336.20000000000005,24.189,19.68,166.92182,8.28,22.857999999999997
2019-04-16 17:00:00+02:00,114.54,153.85999999999999,576.46,25.655,13.899000000000001,168.76626000000002,7.92,22.429
2019-04-16 18:00:00+02:00,116.15,146.51,475.6,27.854,7.0520000000000005,162.31072,7.668,19.877
2019-04-16 19:00:00+02:00,117.07000000000001,128.38,362.44000000000005,26.387999999999998,1.927,153.08852000000002,9.156,15.630999999999998
2019-04-16 20:00:00+02:00,114.08,141.60999999999999,352.6,28.587,0.164,158.62184000000002,11.844,14.058
2019-04-16 21:00:00+02:00,111.78,127.39999999999999,387.86,29.32,0.0,157.69962,12.156,15.873
2019-04-16 22:00:00+02:00,109.48,122.5,448.54,30.053,0.0,158.62184000000002,13.428,17.500999999999998
2019-04-16 23:00:00+02:00,90.16000000000001,96.53,287.0,23.456,0.0,150.32186000000002,14.532,18.622999999999998
2019-04-17 00:00:00+02:00,72.22,82.32,273.06,22.723,0.0,144.78854,14.916,19.47
2019-04-17 01:00:00+02:00,72.91,85.75,297.66,25.655,0.0,143.86632,13.716000000000001,19.128999999999998
2019-04-17 02:00:00+02:00,75.9,86.73,304.22,24.922,0.0,146.63298,12.252,18.491
2019-04-17 03:00:00+02:00,79.12,79.38,306.68,24.189,0.0,148.47742,11.424,17.523
2019-04-17 04:00:00+02:00,80.96000000000001,80.36,318.16,23.456,0.0,151.24408,10.968,17.259
2019-04-17 05:00:00+02:00,77.97,82.81,315.70000000000005,23.456,0.0,150.32186000000002,10.968,17.798
2019-04-17 06:00:00+02:00,104.65,101.42999999999999,414.1,27.854,0.451,153.08852000000002,10.056000000000001,18.183
2019-04-17 07:00:00+02:00,135.70000000000002,158.27,446.90000000000003,30.053,3.403,158.62184000000002,9.120000000000001,16.489
2019-04-17 08:00:00+02:00,151.34,176.4,361.62,26.387999999999998,9.102,157.69962,8.196,14.585999999999999
2019-04-17 09:00:00+02:00,146.97,192.07999999999998,486.26000000000005,32.252,16.359,164.15516,7.08,12.705
2019-04-17 10:00:00+02:00,145.82,194.04,563.34,39.582,23.247,165.07738,6.5040000000000004,10.350999999999999
2019-04-17 11:00:00+02:00,106.03,160.72,364.90000000000003,31.519,27.675,159.54406,6.348,9.822999999999999
2019-04-17 12:00:00+02:00,90.39,147.98,318.98,29.32,30.053,156.7774,6.432,11.847
2019-04-17 13:00:00+02:00,97.98,147.49,401.8,29.32,30.586000000000002,160.46628,7.308,14.816999999999998
2019-04-17 14:00:00+02:00,95.68,143.57,326.36,29.32,29.356,157.69962,8.376,14.893999999999998
2019-04-17 15:00:00+02:00,99.36,140.14,313.24,27.854,26.486,161.3885,8.22,13.552
2019-04-17 16:00:00+02:00,92.69,129.85,299.3,26.387999999999998,21.566000000000003,161.3885,6.912,12.584
2019-04-17 17:00:00+02:00,99.59,112.21,314.06,22.723,14.76,165.07738,4.956,12.144
2019-04-17 18:00:00+02:00,113.16000000000001,128.87,592.86,26.387999999999998,7.421,160.46628,5.94,10.472
2019-04-17 19:00:00+02:00,113.85000000000001,135.24,685.5200000000001,27.854,2.0500000000000003,159.54406,7.296,8.139999999999999
2019-04-17 20:00:00+02:00,113.16000000000001,134.75,571.5400000000001,27.854,0.082,155.85518000000002,7.152,7.534999999999999
2019-04-17 21:00:00+02:00,115.92,125.44,565.8000000000001,29.32,0.0,156.7774,7.428,8.844
2019-04-17 22:00:00+02:00,82.8,87.71,326.36,27.121,0.0,145.71076,8.376,10.186
2019-04-17 23:00:00+02:00,71.07000000000001,76.44,288.64000000000004,21.99,0.0,142.94410000000002,8.208,11.011
2019-04-18 00:00:00+02:00,74.29,73.5,303.40000000000003,21.256999999999998,0.0,142.94410000000002,6.696,11.407
2019-04-18 01:00:00+02:00,64.4,73.99,281.26000000000005,21.99,0.0,142.94410000000002,7.0920000000000005,11.077
2019-04-18 02:00:00+02:00,65.09,74.97,280.44,22.723,0.0,142.02188,7.008,9.889
2019-04-18 03:00:00+02:00,69.46000000000001,75.95,296.02000000000004,22.723,0.0,142.02188,6.492,9.372
2019-04-18 04:00:00+02:00,69.46000000000001,71.05,198.44000000000003,19.058,0.0,142.94410000000002,5.988,10.208
2019-04-18 05:00:00+02:00,70.61,75.46,220.58,19.791,0.0,144.78854,6.384,10.846
2019-04-18 06:00:00+02:00,105.80000000000001,115.14999999999999,382.94000000000005,24.189,0.5740000000000001,154.01074,6.132000000000001,10.923
2019-04-18 07:00:00+02:00,140.07,148.47,396.88000000000005,27.854,3.7310000000000003,155.85518000000002,5.196,9.184999999999999
2019-04-18 08:00:00+02:00,121.21000000000001,150.92,304.22,27.854,9.963000000000001,148.47742,5.4,5.433999999999999
2019-04-18 09:00:00+02:00,103.5,170.03,412.46000000000004,27.854,17.220000000000002,154.93296,6.312,3.96
2019-04-18 10:00:00+02:00,90.62,134.26,369.0,28.587,23.452,157.69962,6.516,5.356999999999999
2019-04-18 11:00:00+02:00,92.23,117.6,226.32000000000002,26.387999999999998,27.675,152.1663,6.288,7.864999999999999
2019-04-18 12:00:00+02:00,80.04,103.88,223.86,26.387999999999998,29.971,151.24408,6.54,9.526
2019-04-18 13:00:00+02:00,89.01,101.42999999999999,267.32,24.922,30.504,154.01074,5.82,10.251999999999999
2019-04-18 14:00:00+02:00,102.35000000000001,98.49,232.88000000000002,21.99,29.397000000000002,156.7774,4.644,10.78
2019-04-18 15:00:00+02:00,99.59,96.53,209.92000000000002,21.256999999999998,26.527,159.54406,4.032,10.879
2019-04-18 16:00:00+02:00,96.83,98.0,211.56,23.456,21.648,154.01074,4.452,10.328999999999999
2019-04-18 17:00:00+02:00,82.11,100.94,233.70000000000002,25.655,14.965,153.08852000000002,5.136,9.779
2019-04-18 18:00:00+02:00,86.48,108.78,372.28000000000003,28.587,7.626,152.1663,5.952,8.293999999999999
2019-04-18 19:00:00+02:00,80.5,111.72,345.22,29.32,2.132,149.39964,5.76,6.335999999999999
2019-04-18 20:00:00+02:00,70.84,102.41,247.64000000000001,26.387999999999998,0.164,147.5552,5.928,6.05
2019-04-18 21:00:00+02:00,91.08,87.22,337.84000000000003,21.256999999999998,0.0,152.1663,5.508,7.699999999999999
2019-04-18 22:00:00+02:00,87.63000000000001,80.36,337.02000000000004,20.524,0.0,150.32186000000002,5.04,9.757
2019-04-18 23:00:00+02:00,65.55,73.01,198.44000000000003,21.256999999999998,0.0,138.333,5.412,10.318
2019-04-19 00:00:00+02:00,52.900000000000006,70.07,191.88000000000002,21.99,0.0,136.48856,5.604,10.054
2019-04-19 01:00:00+02:00,40.480000000000004,69.09,184.5,21.256999999999998,0.0,134.64412000000002,4.872,9.295
2019-04-19 02:00:00+02:00,42.78,66.64,177.94000000000003,19.058,0.0,142.94410000000002,4.524,9.328
2019-04-19 03:00:00+02:00,46.46,65.17,173.84,17.592,0.0,143.86632,4.308,9.636
2019-04-19 04:00:00+02:00,47.15,64.19,166.46,16.858999999999998,0.0,145.71076,4.308,9.581
2019-04-19 05:00:00+02:00,54.510000000000005,73.5,189.42000000000002,17.592,0.0,147.5552,4.488,8.866
2019-04-19 06:00:00+02:00,62.56,101.92,233.70000000000002,20.524,0.615,149.39964,4.5600000000000005,8.338
2019-04-19 07:00:00+02:00,69.23,117.11,382.94000000000005,23.456,3.854,154.01074,4.488,7.106
2019-04-19 08:00:00+02:00,101.43,124.95,389.50000000000006,24.922,10.045,154.93296,4.428,4.311999999999999
2019-04-19 09:00:00+02:00,95.68,117.6,380.48,25.655,17.138,156.7774,3.696,3.256
2019-04-19 10:00:00+02:00,97.52000000000001,116.62,379.66,23.456,23.206,161.3885,2.976,4.5649999999999995
2019-04-19 11:00:00+02:00,98.21000000000001,110.25,364.08000000000004,23.456,27.347,160.46628,2.7,5.709
2019-04-19 12:00:00+02:00,92.92,107.31,259.12,26.387999999999998,29.602,152.1663,2.592,5.467
2019-04-19 13:00:00+02:00,80.5,82.32,190.24,21.99,30.094,154.01074,2.412,5.269
2019-04-19 14:00:00+02:00,74.98,74.97,183.68,21.256999999999998,28.864,154.01074,2.664,4.686
2019-04-19 15:00:00+02:00,76.82000000000001,75.95,188.60000000000002,21.256999999999998,25.994,156.7774,2.448,3.784
2019-04-19 16:00:00+02:00,77.05,69.58,187.78,20.524,21.197,156.7774,2.088,3.146
2019-04-19 17:00:00+02:00,80.73,72.52,250.10000000000002,21.256999999999998,14.678,157.69962,1.8960000000000001,2.827
2019-04-19 18:00:00+02:00,90.16000000000001,79.38,358.34000000000003,19.058,7.503,165.07738,1.476,2.3979999999999997
2019-04-19 19:00:00+02:00,103.04,100.45,372.28000000000003,19.791,2.173,153.08852000000002,1.176,2.453
2019-04-19 20:00:00+02:00,98.67,100.94,372.28000000000003,16.858999999999998,0.164,144.78854,0.9480000000000001,3.19
2019-04-19 21:00:00+02:00,71.07000000000001,100.45,368.18,15.392999999999999,0.0,142.02188,0.78,3.751
2019-04-19 22:00:00+02:00,69.0,95.06,337.84000000000003,14.66,0.0,141.09966,1.08,3.1679999999999997
2019-04-19 23:00:00+02:00,52.67,90.16,188.60000000000002,16.126,0.0,136.48856,1.968,2.464
2019-04-20 00:00:00+02:00,75.21000000000001,86.24,185.32000000000002,15.392999999999999,0.0,137.41078000000002,1.932,2.013
2019-04-20 01:00:00+02:00,51.52,83.78999999999999,187.78,16.858999999999998,0.0,135.56634,1.62,1.5399999999999998
2019-04-20 02:00:00+02:00,48.760000000000005,83.3,189.42000000000002,17.592,0.0,132.79968,1.1280000000000001,1.0999999999999999
2019-04-20 03:00:00+02:00,53.36,82.32,182.86,15.392999999999999,0.0,137.41078000000002,0.852,0.858
2019-04-20 04:00:00+02:00,68.31,82.32,182.86,15.392999999999999,0.0,136.48856,0.876,0.627
2019-04-20 05:00:00+02:00,65.55,83.3,186.14000000000001,16.126,0.0,134.64412000000002,0.648,0.46199999999999997
2019-04-20 06:00:00+02:00,71.3,88.69,186.14000000000001,13.927,0.656,140.17744000000002,0.732,0.39599999999999996
2019-04-20 07:00:00+02:00,66.47,101.42999999999999,203.36,19.058,3.854,137.41078000000002,0.6,0.319
2019-04-20 08:00:00+02:00,73.37,114.17,205.82000000000002,17.592,10.127,140.17744000000002,0.5760000000000001,0.242
2019-04-20 09:00:00+02:00,86.02000000000001,113.67999999999999,240.26000000000002,16.126,16.974,143.86632,0.192,0.187
2019-04-20 10:00:00+02:00,82.11,109.27,218.12,21.256999999999998,22.755000000000003,153.08852000000002,0.14400000000000002,0.187
2019-04-20 11:00:00+02:00,82.8,103.88,194.34,22.723,26.896,153.08852000000002,0.252,0.253
2019-04-20 12:00:00+02:00,80.73,102.41,191.88000000000002,21.99,29.028000000000002,154.01074,0.216,0.38499999999999995
2019-04-20 13:00:00+02:00,63.940000000000005,99.47,182.86,19.791,29.643,159.54406,0.168,0.616
2019-04-20 14:00:00+02:00,69.69,78.4,182.04000000000002,19.058,28.741,159.54406,0.168,1.034
2019-04-20 15:00:00+02:00,70.38000000000001,74.48,182.04000000000002,19.058,25.953,159.54406,0.108,1.595
2019-04-20 16:00:00+02:00,65.32000000000001,73.01,194.34,23.456,21.279,152.1663,0.156,2.0349999999999997
2019-04-20 17:00:00+02:00,67.62,73.5,214.02,21.99,14.801,155.85518000000002,0.168,2.453
2019-04-20 18:00:00+02:00,68.31,83.3,369.82000000000005,21.99,7.667000000000001,159.54406,0.216,2.695
2019-04-20 19:00:00+02:00,70.15,85.26,375.56,21.99,2.337,159.54406,0.468,2.5189999999999997
2019-04-20 20:00:00+02:00,69.92,84.77,373.92,16.126,0.20500000000000002,156.7774,0.54,2.2329999999999997
2019-04-20 21:00:00+02:00,71.3,75.95,331.28000000000003,16.126,0.0,150.32186000000002,0.876,2.046
2019-04-20 22:00:00+02:00,69.92,69.58,208.28000000000003,14.66,0.0,150.32186000000002,0.612,1.815
2019-04-20 23:00:00+02:00,64.63000000000001,66.64,185.32000000000002,15.392999999999999,0.0,147.5552,0.40800000000000003,1.6059999999999999
2019-04-21 00:00:00+02:00,57.04,58.31,176.3,13.193999999999999,0.0,154.93296,0.468,1.518
2019-04-21 01:00:00+02:00,45.080000000000005,59.78,178.76000000000002,15.392999999999999,0.0,150.32186000000002,0.444,1.133
2019-04-21 02:00:00+02:00,43.47,56.839999999999996,175.48000000000002,13.193999999999999,0.0,155.85518000000002,0.528,0.957
2019-04-21 03:00:00+02:00,44.160000000000004,56.35,173.84,12.461,0.0,157.69962,0.312,1.056
2019-04-21 04:00:00+02:00,44.160000000000004,56.35,173.84,12.461,0.0,157.69962,0.228,1.3639999999999999
2019-04-21 05:00:00+02:00,43.93,56.35,173.02,12.461,0.0,154.93296,0.228,1.8479999999999999
2019-04-21 06:00:00+02:00,45.54,60.76,182.04000000000002,13.927,0.738,154.01074,0.12,2.068
2019-04-21 07:00:00+02:00,47.61,67.13,186.96,16.858999999999998,4.223,150.32186000000002,0.20400000000000001,1.9029999999999998
2019-04-21 08:00:00+02:00,45.31,71.53999999999999,187.78,16.858999999999998,10.455,150.32186000000002,0.468,1.2209999999999999
2019-04-21 09:00:00+02:00,47.38,75.95,193.52,17.592,17.466,151.24408,0.684,0.7919999999999999
2019-04-21 10:00:00+02:00,64.4,76.44,195.16000000000003,17.592,23.329,152.1663,0.672,1.056
2019-04-21 11:00:00+02:00,64.17,73.01,190.24,20.524,27.388,152.1663,0.456,1.551
2019-04-21 12:00:00+02:00,58.42,70.56,182.04000000000002,19.791,29.602,154.01074,0.28800000000000003,1.65
2019-04-21 13:00:00+02:00,59.800000000000004,69.58,236.16000000000003,19.791,30.094,154.93296,0.048,1.551
2019-04-21 14:00:00+02:00,65.55,68.6,277.98,18.325,28.905,157.69962,0.012,1.2979999999999998
2019-04-21 15:00:00+02:00,65.55,68.11,269.78000000000003,17.592,26.117,158.62184000000002,0.024,1.155
2019-04-21 16:00:00+02:00,69.92,69.09,302.58000000000004,18.325,21.402,157.69962,0.048,1.023
2019-04-21 17:00:00+02:00,68.31,71.53999999999999,289.46000000000004,19.058,14.965,156.7774,0.084,0.9239999999999999
2019-04-21 18:00:00+02:00,70.38000000000001,94.57,352.6,18.325,7.831,159.54406,0.084,0.968
2019-04-21 19:00:00+02:00,72.91,126.42,523.98,19.791,2.419,159.54406,0.036000000000000004,0.8909999999999999
2019-04-21 20:00:00+02:00,85.79,127.39999999999999,624.0200000000001,15.392999999999999,0.246,160.46628,0.036000000000000004,1.023
2019-04-21 21:00:00+02:00,68.54,121.52,471.50000000000006,16.126,0.0,158.62184000000002,0.36,1.331
2019-04-21 22:00:00+02:00,55.89,118.58,314.06,16.126,0.0,155.85518000000002,1.176,1.98
2019-04-21 23:00:00+02:00,54.28,113.19,259.12,15.392999999999999,0.0,153.08852000000002,1.548,2.871
2019-04-22 00:00:00+02:00,45.31,105.84,182.04000000000002,16.126,0.0,145.71076,2.088,3.1239999999999997
2019-04-22 01:00:00+02:00,39.56,102.89999999999999,154.98000000000002,16.126,0.0,144.78854,2.2920000000000003,3.6849999999999996
2019-04-22 02:00:00+02:00,38.410000000000004,102.41,154.16000000000003,17.592,0.0,142.94410000000002,2.7840000000000003,4.455
2019-04-22 03:00:00+02:00,40.940000000000005,101.92,155.8,18.325,0.0,140.17744000000002,2.7600000000000002,5.423
2019-04-22 04:00:00+02:00,47.84,102.41,159.08,18.325,0.0,141.09966,2.7,6.962999999999999
2019-04-22 05:00:00+02:00,39.33,106.33,191.88000000000002,19.791,0.0,139.25522,3.864,9.064
2019-04-22 06:00:00+02:00,50.6,109.27,205.00000000000003,22.723,0.779,135.56634,4.632,9.966
2019-04-22 07:00:00+02:00,75.21000000000001,120.05,229.60000000000002,27.121,4.182,137.41078000000002,5.328,9.295
2019-04-22 08:00:00+02:00,109.71000000000001,132.3,289.46000000000004,30.053,10.455,139.25522,6.288,5.917999999999999
2019-04-22 09:00:00+02:00,84.41,116.13,232.06000000000003,27.121,17.548000000000002,137.41078000000002,7.704,5.027
2019-04-22 10:00:00+02:00,82.34,103.39,219.76000000000002,25.655,23.575,138.333,8.232,7.018
2019-04-22 11:00:00+02:00,82.34,96.53,185.32000000000002,24.189,27.757,135.56634,9.132,8.833
2019-04-22 12:00:00+02:00,73.37,70.07,162.36,22.723,30.012,114.35528000000001,10.884,11.780999999999999
2019-04-22 13:00:00+02:00,40.02,56.839999999999996,142.68,19.791,30.586000000000002,104.21086000000001,11.34,15.399999999999999
2019-04-22 14:00:00+02:00,32.660000000000004,52.92,145.96,18.325,29.602,105.13308,11.592,19.822
2019-04-22 15:00:00+02:00,34.04,49.49,132.02,16.126,26.814,106.97752,9.432,24.166999999999998
2019-04-22 16:00:00+02:00,33.81,49.98,133.66,16.858999999999998,22.099,103.28864,9.348,22.538999999999998
2019-04-22 17:00:00+02:00,50.830000000000005,49.98,132.84,21.256999999999998,15.457,108.82196,9.78,24.651
2019-04-22 18:00:00+02:00,67.16,45.57,120.54,20.524,8.159,118.96638,9.852,27.741999999999997
2019-04-22 19:00:00+02:00,60.720000000000006,46.55,120.54,21.99,2.5420000000000003,112.51084,13.908,25.52
2019-04-22 20:00:00+02:00,41.63,47.04,119.72000000000001,22.723,0.246,106.0553,15.276,23.825999999999997
2019-04-22 21:00:00+02:00,29.44,38.71,72.98,15.392999999999999,0.0,84.84424,15.348,24.552
2019-04-22 22:00:00+02:00,24.61,37.73,69.7,12.461,0.0,84.84424,14.484,25.465
2019-04-22 23:00:00+02:00,12.190000000000001,35.769999999999996,68.88000000000001,12.461,0.0,82.99980000000001,8.568,22.209
2019-04-23 00:00:00+02:00,10.81,33.81,63.14000000000001,11.728,0.0,86.68868,9.768,24.375999999999998
2019-04-23 01:00:00+02:00,10.58,34.3,63.96000000000001,11.728,0.0,86.68868,10.392,19.272
2019-04-23 02:00:00+02:00,10.35,34.3,63.96000000000001,11.728,0.0,85.76646000000001,10.476,19.238999999999997
2019-04-23 03:00:00+02:00,10.120000000000001,34.3,63.96000000000001,11.728,0.0,85.76646000000001,8.616,19.029999999999998
2019-04-23 04:00:00+02:00,11.040000000000001,33.81,64.78,11.728,0.0,85.76646000000001,10.200000000000001,19.822
2019-04-23 05:00:00+02:00,11.270000000000001,36.75,68.06,12.461,0.0,94.06644,14.94,22.0
2019-04-23 06:00:00+02:00,24.150000000000002,56.35,98.4,17.592,0.779,105.13308,15.228,22.230999999999998
2019-04-23 07:00:00+02:00,40.940000000000005,79.38,113.16000000000001,20.524,4.141,109.74418,15.492,22.087999999999997
2019-04-23 08:00:00+02:00,39.1,96.53,107.42,24.189,10.373000000000001,110.66640000000001,15.696,25.189999999999998
2019-04-23 09:00:00+02:00,40.480000000000004,93.1,97.58000000000001,23.456,17.712,115.2775,15.72,30.139999999999997
2019-04-23 10:00:00+02:00,40.02,73.01,91.02000000000001,22.723,24.067,95.91088,15.432,32.604
2019-04-23 11:00:00+02:00,38.870000000000005,55.37,86.92,21.99,28.536,96.8331,15.18,35.86
2019-04-23 12:00:00+02:00,36.34,61.25,89.38000000000001,21.99,30.791,91.29978,9.468,32.01
2019-04-23 13:00:00+02:00,38.410000000000004,66.64,83.64,21.256999999999998,31.201,99.59976,9.276,31.459999999999997
2019-04-23 14:00:00+02:00,28.290000000000003,68.6,91.84,21.99,29.766000000000002,96.8331,9.456,33.363
2019-04-23 15:00:00+02:00,29.67,67.13,82.82000000000001,19.791,26.609,100.52198,14.832,32.989
2019-04-23 16:00:00+02:00,23.0,64.67999999999999,77.08000000000001,18.325,21.238,98.67754000000001,14.892,32.592999999999996
2019-04-23 17:00:00+02:00,23.23,66.64,79.54,14.66,14.063,100.52198,14.772,33.836
2019-04-23 18:00:00+02:00,40.25,68.11,79.54,14.66,6.888,102.36642,14.856,35.827
2019-04-23 19:00:00+02:00,41.4,69.09,84.46000000000001,15.392999999999999,2.173,101.44420000000001,15.252,32.318
2019-04-23 20:00:00+02:00,41.17,70.56,84.46000000000001,15.392999999999999,0.20500000000000002,104.21086000000001,15.396,31.086
2019-04-23 21:00:00+02:00,36.800000000000004,72.52,85.28,15.392999999999999,0.0,106.97752,14.484,27.61
2019-04-23 22:00:00+02:00,25.3,68.11,81.18,14.66,0.0,103.28864,13.584,25.090999999999998
2019-04-23 23:00:00+02:00,23.0,69.09,80.36,14.66,0.0,105.13308,11.124,23.044999999999998
2019-04-24 00:00:00+02:00,20.93,65.17,84.46000000000001,15.392999999999999,0.0,94.06644,11.712,22.131999999999998
2019-04-24 01:00:00+02:00,20.7,64.67999999999999,84.46000000000001,15.392999999999999,0.0,91.29978,13.104000000000001,21.043
2019-04-24 02:00:00+02:00,21.85,64.67999999999999,78.72,14.66,0.0,94.98866000000001,13.620000000000001,22.692999999999998
2019-04-24 03:00:00+02:00,23.92,65.17,80.36,14.66,0.0,97.75532,13.512,22.363
2019-04-24 04:00:00+02:00,41.17,65.17,80.36,14.66,0.0,97.75532,13.416,21.823999999999998
2019-04-24 05:00:00+02:00,42.09,66.64,84.46000000000001,15.392999999999999,0.0,102.36642,14.664,23.968999999999998
2019-04-24 06:00:00+02:00,46.46,79.87,105.78,19.058,0.492,110.66640000000001,14.736,25.288999999999998
2019-04-24 07:00:00+02:00,45.31,100.94,118.08000000000001,21.256999999999998,2.378,114.35528000000001,13.956,22.968
2019-04-24 08:00:00+02:00,43.7,92.61,109.88000000000001,19.791,5.904,116.19972,13.8,24.31
2019-04-24 09:00:00+02:00,54.050000000000004,99.47,100.86000000000001,18.325,9.758000000000001,121.73304,12.984,30.272
2019-04-24 10:00:00+02:00,49.45,95.55,102.50000000000001,18.325,12.382,121.73304,12.468,31.548
2019-04-24 11:00:00+02:00,46.230000000000004,90.16,84.46000000000001,15.392999999999999,15.867,121.73304,12.072000000000001,32.494
2019-04-24 12:00:00+02:00,40.71,85.26,99.22000000000001,21.256999999999998,17.425,116.19972,12.648,32.736
2019-04-24 13:00:00+02:00,37.03,83.3,105.78,24.922,16.318,115.2775,12.66,32.098
2019-04-24 14:00:00+02:00,36.34,83.78999999999999,107.42,24.922,16.318,119.88860000000001,12.756,30.843999999999998
2019-04-24 15:00:00+02:00,41.4,86.24,111.52000000000001,25.655,14.883000000000001,127.26636,12.864,29.886999999999997
2019-04-24 16:00:00+02:00,42.32,86.73,113.16000000000001,26.387999999999998,13.776,127.26636,13.68,28.555999999999997
2019-04-24 17:00:00+02:00,38.64,75.95,102.50000000000001,24.189,10.537,114.35528000000001,14.52,27.279999999999998
2019-04-24 18:00:00+02:00,34.730000000000004,77.91,102.50000000000001,19.058,6.109,109.74418,14.52,27.83
2019-04-24 19:00:00+02:00,35.42,61.25,100.04,18.325,2.255,109.74418,14.376,23.694
2019-04-24 20:00:00+02:00,29.44,56.839999999999996,96.76,17.592,0.28700000000000003,109.74418,14.472,21.351
2019-04-24 21:00:00+02:00,26.450000000000003,55.86,98.4,17.592,0.0,109.74418,14.52,21.416999999999998
2019-04-24 22:00:00+02:00,26.220000000000002,58.31,107.42,19.058,0.0,109.74418,14.172,21.878999999999998
2019-04-24 23:00:00+02:00,25.990000000000002,56.35,103.32000000000001,18.325,0.0,108.82196,13.776,20.383
2019-04-25 00:00:00+02:00,24.61,53.9,102.50000000000001,18.325,0.0,107.89974000000001,13.596,17.732
2019-04-25 01:00:00+02:00,30.360000000000003,53.9,102.50000000000001,18.325,0.0,106.97752,13.26,16.192
2019-04-25 02:00:00+02:00,36.34,53.41,103.32000000000001,18.325,0.0,107.89974000000001,12.912,16.247
2019-04-25 03:00:00+02:00,34.04,54.39,104.14000000000001,19.058,0.0,107.89974000000001,13.824,18.403
2019-04-25 04:00:00+02:00,38.870000000000005,56.839999999999996,109.06,19.791,0.0,110.66640000000001,12.696,19.843999999999998
2019-04-25 05:00:00+02:00,38.870000000000005,62.23,95.12,16.858999999999998,0.0,128.18858,7.08,16.654
2019-04-25 06:00:00+02:00,50.6,67.62,161.54000000000002,13.927,1.0250000000000001,148.47742,8.436,15.366999999999999
2019-04-25 07:00:00+02:00,76.36,92.61,232.88000000000002,23.456,3.198,142.02188,10.416,13.947999999999999
2019-04-25 08:00:00+02:00,71.99000000000001,88.2,215.66000000000003,19.791,5.699,145.71076,8.172,12.353
2019-04-25 09:00:00+02:00,64.4,92.12,205.82000000000002,18.325,9.922,145.71076,6.6000000000000005,9.581
2019-04-25 10:00:00+02:00,65.55,100.94,205.00000000000003,19.058,16.605,141.09966,4.0440000000000005,7.997
2019-04-25 11:00:00+02:00,62.790000000000006,117.6,200.9,17.592,21.32,142.02188,3.2520000000000002,7.403
2019-04-25 12:00:00+02:00,56.35,119.07,265.68,17.592,24.518,144.78854,4.08,7.457999999999999
2019-04-25 13:00:00+02:00,54.510000000000005,116.13,282.08000000000004,21.256999999999998,25.461000000000002,139.25522,2.1,6.028
2019-04-25 14:00:00+02:00,56.81,106.33,276.34000000000003,16.858999999999998,24.887,145.71076,0.876,5.104
2019-04-25 15:00:00+02:00,48.760000000000005,101.92,275.52000000000004,16.858999999999998,20.705000000000002,144.78854,0.9,5.0489999999999995
2019-04-25 16:00:00+02:00,48.07,116.13,280.44,21.256999999999998,16.974,143.86632,1.476,5.412
2019-04-25 17:00:00+02:00,48.300000000000004,131.32,374.74,25.655,12.013,155.85518000000002,1.608,5.885
2019-04-25 18:00:00+02:00,99.59,146.51,388.68,27.121,6.806,161.3885,2.376,6.677
2019-04-25 19:00:00+02:00,131.56,150.92,397.70000000000005,28.587,2.46,161.3885,3.42,7.106
2019-04-25 20:00:00+02:00,127.65,155.82,406.72,31.519,0.28700000000000003,154.01074,5.424,7.678
2019-04-25 21:00:00+02:00,76.13000000000001,125.92999999999999,391.96000000000004,28.587,0.041,141.09966,8.064,8.943
2019-04-25 22:00:00+02:00,41.4,103.39,359.98,24.922,0.0,138.333,9.312,9.976999999999999
2019-04-25 23:00:00+02:00,33.120000000000005,68.6,261.58000000000004,21.99,0.0,135.56634,10.26,10.482999999999999
2019-04-26 00:00:00+02:00,28.98,65.17,190.24,21.99,0.0,128.18858,10.644,10.978
2019-04-26 01:00:00+02:00,29.900000000000002,64.67999999999999,190.24,21.256999999999998,0.0,138.333,8.028,11.318999999999999
2019-04-26 02:00:00+02:00,34.04,58.8,180.4,16.126,0.0,149.39964,7.26,11.561
2019-04-26 03:00:00+02:00,35.65,56.839999999999996,177.12,14.66,0.0,153.08852000000002,7.572,11.154
2019-04-26 04:00:00+02:00,44.39,57.82,179.58,15.392999999999999,0.0,154.01074,6.204,10.229999999999999
2019-04-26 05:00:00+02:00,49.45,55.86,200.08,12.461,0.0,161.3885,6.048,9.79
2019-04-26 06:00:00+02:00,101.89,109.75999999999999,393.6,17.592,0.8200000000000001,161.3885,6.492,10.350999999999999
2019-04-26 07:00:00+02:00,97.06,149.45,426.40000000000003,22.723,3.116,161.3885,6.672,9.482
2019-04-26 08:00:00+02:00,117.30000000000001,179.34,429.68,20.524,7.175000000000001,161.3885,6.168,8.315999999999999
2019-04-26 09:00:00+02:00,120.75,178.35999999999999,425.58000000000004,17.592,13.530000000000001,167.84404,6.048,7.898
2019-04-26 10:00:00+02:00,81.19,150.92,417.38000000000005,20.524,17.589000000000002,159.54406,4.368,8.514
2019-04-26 11:00:00+02:00,64.63000000000001,148.47,412.46000000000004,26.387999999999998,17.507,151.24408,4.332,8.272
2019-04-26 12:00:00+02:00,57.730000000000004,136.71,388.68,23.456,14.883000000000001,149.39964,3.036,7.194
2019-04-26 13:00:00+02:00,52.21,116.13,216.48000000000002,19.058,14.104000000000001,149.39964,1.416,6.127
2019-04-26 14:00:00+02:00,46.230000000000004,113.67999999999999,217.3,18.325,13.243,150.32186000000002,0.336,4.84
2019-04-26 15:00:00+02:00,61.410000000000004,116.62,214.02,17.592,12.136000000000001,151.24408,0.552,4.686
2019-04-26 16:00:00+02:00,65.55,121.03,242.72000000000003,19.058,8.692,141.09966,1.728,5.467
2019-04-26 17:00:00+02:00,57.5,119.56,383.76000000000005,20.524,5.33,142.94410000000002,2.724,5.467
2019-04-26 18:00:00+02:00,61.64,120.05,389.50000000000006,17.592,2.829,143.86632,3.66,5.885
2019-04-26 19:00:00+02:00,82.34,122.99,395.24,16.126,1.066,146.63298,4.176,6.082999999999999
2019-04-26 20:00:00+02:00,61.410000000000004,122.5,391.96000000000004,16.126,0.164,143.86632,5.208,7.436
2019-04-26 21:00:00+02:00,47.61,116.13,350.96000000000004,15.392999999999999,0.041,143.86632,5.016,7.425
2019-04-26 22:00:00+02:00,29.900000000000002,107.31,196.8,12.461,0.0,142.94410000000002,4.98,7.425
2019-04-26 23:00:00+02:00,24.84,83.78999999999999,182.04000000000002,15.392999999999999,0.0,135.56634,4.476,7.061999999999999
2019-04-27 00:00:00+02:00,24.61,60.76,165.64000000000001,14.66,0.0,138.333,5.532,6.864
2019-04-27 01:00:00+02:00,25.3,54.879999999999995,146.78,13.193999999999999,0.0,142.94410000000002,6.048,6.633
2019-04-27 02:00:00+02:00,23.69,55.86,130.38000000000002,14.66,0.0,141.09966,4.788,6.193
2019-04-27 03:00:00+02:00,26.220000000000002,54.879999999999995,121.36000000000001,13.193999999999999,0.0,150.32186000000002,4.392,6.159999999999999
2019-04-27 04:00:00+02:00,40.940000000000005,54.879999999999995,123.00000000000001,13.193999999999999,0.0,155.85518000000002,4.32,6.1049999999999995
2019-04-27 05:00:00+02:00,31.51,60.76,138.58,16.858999999999998,0.0,148.47742,2.856,5.577
2019-04-27 06:00:00+02:00,31.740000000000002,61.74,152.52,16.126,0.20500000000000002,153.08852000000002,2.112,5.005
2019-04-27 07:00:00+02:00,34.5,75.46,188.60000000000002,16.126,0.9430000000000001,157.69962,2.988,5.686999999999999
2019-04-27 08:00:00+02:00,34.27,104.86,197.62,18.325,2.583,154.93296,3.036,5.8629999999999995
2019-04-27 09:00:00+02:00,39.33,113.67999999999999,205.82000000000002,19.058,5.453,157.69962,2.316,5.632
2019-04-27 10:00:00+02:00,39.79,111.72,203.36,19.058,9.512,156.7774,1.296,4.9719999999999995
2019-04-27 11:00:00+02:00,56.35,110.74,200.9,21.256999999999998,14.514000000000001,156.7774,0.768,4.795999999999999
2019-04-27 12:00:00+02:00,66.47,115.64,201.72000000000003,24.922,18.409000000000002,139.25522,0.78,5.159
2019-04-27 13:00:00+02:00,68.08,125.44,186.96,22.723,21.484,138.333,0.792,5.511
2019-04-27 14:00:00+02:00,66.01,129.35999999999999,182.04000000000002,22.723,19.967000000000002,154.93296,0.672,5.555
2019-04-27 15:00:00+02:00,64.86,143.07999999999998,183.68,24.189,16.810000000000002,154.93296,0.468,5.082
2019-04-27 16:00:00+02:00,77.05,144.55,194.34,24.922,12.505,154.93296,0.24,3.916
2019-04-27 17:00:00+02:00,77.74000000000001,151.41,200.9,24.922,9.061,156.7774,0.228,3.377
2019-04-27 18:00:00+02:00,75.21000000000001,156.31,191.06,21.256999999999998,5.822,160.46628,0.384,3.234
2019-04-27 19:00:00+02:00,74.52000000000001,162.68,242.72000000000003,18.325,2.132,156.7774,0.5760000000000001,2.772
2019-04-27 20:00:00+02:00,67.39,130.82999999999998,219.76000000000002,16.858999999999998,0.328,155.85518000000002,0.18,2.4749999999999996
2019-04-27 21:00:00+02:00,75.44,119.56,181.22000000000003,12.461,0.123,148.47742,0.264,2.266
2019-04-27 22:00:00+02:00,87.63000000000001,114.66,178.76000000000002,12.461,0.0,141.09966,0.048,2.09
2019-04-27 23:00:00+02:00,86.94,107.8,186.14000000000001,15.392999999999999,0.0,128.18858,0.168,2.0349999999999997
2019-04-28 00:00:00+02:00,93.38000000000001,83.78999999999999,222.22000000000003,18.325,0.0,122.65526,0.432,2.1229999999999998
2019-04-28 01:00:00+02:00,76.59,65.66,160.72,11.728,0.0,149.39964,0.228,2.101
2019-04-28 02:00:00+02:00,72.68,64.67999999999999,150.88000000000002,11.728,0.0,156.7774,0.3,2.0789999999999997
2019-04-28 03:00:00+02:00,73.14,65.66,157.44,11.728,0.0,154.93296,0.432,2.134
2019-04-28 04:00:00+02:00,72.22,66.15,164.0,12.461,0.0,154.93296,0.504,2.409
2019-04-28 05:00:00+02:00,77.51,65.66,152.52,11.728,0.0,156.7774,0.42,3.0029999999999997
2019-04-28 06:00:00+02:00,75.67,66.64,166.46,13.193999999999999,0.451,154.93296,0.432,2.9589999999999996
2019-04-28 07:00:00+02:00,72.22,69.58,182.04000000000002,14.66,1.927,149.39964,0.888,3.6189999999999998
2019-04-28 08:00:00+02:00,62.56,78.89,185.32000000000002,15.392999999999999,4.428,154.01074,0.624,3.8169999999999997
2019-04-28 09:00:00+02:00,49.910000000000004,83.3,191.88000000000002,16.858999999999998,7.38,151.24408,0.28800000000000003,3.9819999999999998
2019-04-28 10:00:00+02:00,52.67,83.3,198.44000000000003,16.858999999999998,12.095,152.1663,0.552,4.51
2019-04-28 11:00:00+02:00,43.7,74.48,202.54000000000002,18.325,15.621,150.32186000000002,0.72,4.609
2019-04-28 12:00:00+02:00,39.1,91.63,191.06,16.858999999999998,16.810000000000002,154.01074,1.212,4.939
2019-04-28 13:00:00+02:00,34.5,98.98,187.78,16.858999999999998,17.999000000000002,150.32186000000002,1.3800000000000001,5.005
2019-04-28 14:00:00+02:00,35.42,98.98,191.06,19.791,16.523,143.86632,1.512,4.8839999999999995
2019-04-28 15:00:00+02:00,37.49,101.92,177.12,19.791,15.088000000000001,144.78854,1.68,4.829
2019-04-28 16:00:00+02:00,42.09,102.41,192.70000000000002,22.723,12.997,153.08852000000002,2.112,5.0489999999999995
2019-04-28 17:00:00+02:00,53.82,105.84,200.9,23.456,9.758000000000001,156.7774,2.04,4.928
2019-04-28 18:00:00+02:00,78.43,121.52,314.06,25.655,5.658,160.46628,2.4,4.851
2019-04-28 19:00:00+02:00,80.04,125.92999999999999,399.34000000000003,25.655,2.2960000000000003,161.3885,2.016,4.521
2019-04-28 20:00:00+02:00,92.69,127.89,397.70000000000005,24.189,0.328,161.3885,1.548,4.367
2019-04-28 21:00:00+02:00,97.29,122.99,394.42,18.325,0.082,161.3885,1.476,4.069999999999999
2019-04-28 22:00:00+02:00,99.36,127.89,399.34000000000003,19.058,0.0,159.54406,1.452,3.3659999999999997
2019-04-28 23:00:00+02:00,88.09,111.72,350.14000000000004,16.126,0.0,161.3885,0.78,2.816
2019-04-29 00:00:00+02:00,113.16000000000001,74.97,180.4,13.193999999999999,0.0,162.31072,0.5760000000000001,2.629
2019-04-29 01:00:00+02:00,91.77000000000001,69.09,179.58,14.66,0.0,157.69962,0.768,2.585
2019-04-29 02:00:00+02:00,75.67,71.53999999999999,186.14000000000001,16.858999999999998,0.0,153.08852000000002,0.96,2.9259999999999997
2019-04-29 03:00:00+02:00,80.27000000000001,65.66,173.02,12.461,0.0,162.31072,1.188,3.784
2019-04-29 04:00:00+02:00,80.5,65.66,173.02,12.461,0.0,159.54406,2.196,4.7299999999999995
2019-04-29 05:00:00+02:00,82.34,73.01,206.64000000000001,14.66,0.0,157.69962,1.668,4.334
2019-04-29 06:00:00+02:00,117.99000000000001,97.02,369.82000000000005,14.66,0.656,162.31072,1.308,3.8829999999999996
2019-04-29 07:00:00+02:00,110.4,154.84,406.72,19.058,2.911,163.23294,0.984,3.6849999999999996
2019-04-29 08:00:00+02:00,135.01000000000002,176.4,407.54,23.456,7.0520000000000005,161.3885,0.996,3.63
2019-04-29 09:00:00+02:00,127.88000000000001,180.81,415.74,30.053,12.874,155.85518000000002,1.044,3.8829999999999996
2019-04-29 10:00:00+02:00,107.87,176.4,411.64000000000004,30.053,18.819,154.01074,1.02,4.004
2019-04-29 11:00:00+02:00,83.26,167.09,404.26000000000005,29.32,24.846,151.24408,1.44,4.257
2019-04-29 12:00:00+02:00,96.60000000000001,158.76,397.70000000000005,28.587,29.397000000000002,151.24408,1.8960000000000001,4.763
2019-04-29 13:00:00+02:00,114.31,153.37,362.44000000000005,24.922,30.627000000000002,153.08852000000002,2.928,5.632
2019-04-29 14:00:00+02:00,54.97,130.34,205.00000000000003,21.256999999999998,29.807000000000002,149.39964,3.852,6.765
2019-04-29 15:00:00+02:00,42.550000000000004,128.38,204.18,24.922,27.101000000000003,144.78854,4.476,7.545999999999999
2019-04-29 16:00:00+02:00,43.7,102.89999999999999,226.32000000000002,26.387999999999998,22.55,145.71076,6.144,7.699999999999999
2019-04-29 17:00:00+02:00,55.43,114.66,369.0,27.121,16.031000000000002,150.32186000000002,5.664,7.622999999999999
2019-04-29 18:00:00+02:00,89.7,143.07999999999998,397.70000000000005,28.587,8.774000000000001,149.39964,3.996,7.084
2019-04-29 19:00:00+02:00,92.92,157.29,407.54,27.121,3.0340000000000003,150.32186000000002,3.132,6.523
2019-04-29 20:00:00+02:00,129.03,149.94,420.66,24.189,0.492,154.01074,2.904,6.1049999999999995
2019-04-29 21:00:00+02:00,122.36,136.71,415.74,24.189,0.082,152.1663,2.988,6.093999999999999
2019-04-29 22:00:00+02:00,134.55,120.53999999999999,391.96000000000004,22.723,0.0,153.08852000000002,2.508,6.215
2019-04-29 23:00:00+02:00,115.69000000000001,109.75999999999999,275.52000000000004,17.592,0.0,154.93296,1.764,6.281
